X1,Y1,Z1,X2,Y2,Z2,X3,Y3,Z3,X4,Y4,Z4,X5,Y5,Z5,X6,Y6,Z6,X7,Y7,Z7,X8,Y8,Z8,X9,Y9,Z9,X10,Y10,Z10,X11,Y11,Z11,X12,Y12,Z12,X13,Y13,Z13,X14,Y14,Z14,X15,Y15,Z15,X16,Y16,Z16,X17,Y17,Z17,X18,Y18,Z18,X19,Y19,Z19,X20,Y20,Z20,X21,Y21,Z21,X22,Y22,Z22,X23,Y23,Z23,X24,Y24,Z24,X25,Y25,Z25,X26,Y26,Z26,X27,Y27,Z27,X28,Y28,Z28,X29,Y29,Z29
-99.49699999999666,-104.52700000000164,-32.59299999999712,-107.64500000000226,-174.75000000000023,-66.34599999999864,-60.85099999999954,-50.011999999998125,-14.464999999995598,-71.27700000000061,-10.152999999996837,11.352999999985514,-36.929000000000656,-23.011999999999944,17.07699999999477,126.41399999999996,-76.44100000000549,4.498000000000957,261.3810000000001,1059.1980000000035,-48.98100000001477,-10.55499999999654,-77.07199999999972,-28.30799999999272,-41.826999999995,-27.728000000000463,-21.81399999999485,-80.3410000000099,0.7659999999999556,28.41799999999921,-10.535000000004402,31.723000000000923,8.032000000002881,27.364000000000388,-35.67700000000045,-18.616000000008626,37.51699999999971,16.88299999999998,-0.6469999999808351,-19.857999999999265,28.61400000000032,-2.91100000000597,0.818000000003849,43.13199999999995,0.0090000000000145,7.282000000003563,22.341999999999015,9.723000000002456,66.93400000000338,2.022999999996955,29.30200000000127,83.05100000000039,-34.20399999999972,44.66500000000053,-12.374999999997272,-10.036999999999807,-9.12000000000006,4.219999999999402,-6.06300000000104,3.246999999998934,36.33700000000033,1.933999999999969,-22.161999999997303,-4.4619999999994775,23.667999999999974,20.617999999996076,-9.975999999999985,-3.348000000000084,-1.601999999999748,-8.54799999999969,4.412999999999556,-0.882000000000005,7.73500000000098,-6.967000000000212,-23.24700000000064,10.552999999998748,-25.25499999999994,-0.3659999999968022,44.875999999999294,-30.741999999997915,34.850000000000136,-3.447000000002731,14.561999999999742,-2.7769999999975425,-6.696999999998354,7.777000000000012,0.5510000000001014
-85.98900000000071,-104.7239999999988,-36.07099999999264,-111.40100000000076,-185.29399999999896,-54.223000000001775,-47.03400000000215,-37.18800000000044,-12.573999999995069,-73.16099999999963,-10.205000000001974,6.079000000022461,-51.5349999999998,-27.872999999999596,-3.4049999999979264,126.892,-112.28300000000218,-16.491999999993823,299.18200000000184,928.0190000000003,-84.375,-78.03900000000112,-71.22700000000037,-1.892000000020744,-24.57600000000184,-32.535000000000025,-26.751999999999043,-57.22599999999147,3.0440000000000467,16.45499999999629,1.0229999999978645,32.54599999999925,17.840000000001055,33.508999999999745,-25.647999999999627,-19.5920000000001,34.761999999997784,15.707999999999345,0.2189999999927749,-20.391999999998237,27.63400000000047,-0.2259999999864703,-3.125,43.79800000000032,5.179000000003953,-3.256000000004633,16.44500000000022,19.4849999999974,71.89999999999941,-2.8900000000021464,37.96199999999885,84.07900000000268,-38.14399999999978,49.02099999999905,14.142000000003918,-8.835000000001969,4.724999999999824,4.788000000000636,5.419000000000551,3.705000000002201,5.810999999999922,6.847000000000136,5.198000000001457,-23.850000000000197,-20.74700000000007,-23.604999999997744,-10.81000000000003,1.6180000000002082,-4.7989999999998645,-5.709000000000231,3.187000000000495,1.054000000000599,13.161999999999807,-6.254999999998745,-31.89999999999955,-16.311999999999216,10.15999999999977,23.679000000009864,44.552999999996246,-35.17800000000193,32.9529999999977,1.1110000000002174,23.208999999999943,-5.4420000000050095,-3.830000000000666,4.610000000000003,1.151000000000124
-77.98200000000293,-105.3529999999995,-26.24599999999191,-121.08200000000124,-187.6800000000003,-40.27100000000701,-47.229999999999,-34.70000000000084,-11.41299999999319,-69.9469999999998,-11.639999999999873,-5.72500000000673,-58.14299999999975,-25.043999999999755,-0.2320000000054278,122.97899999999998,-102.33199999999556,-15.575999999998658,315.3899999999993,882.5469999999996,-39.34899999998152,-12.731000000002268,-86.5949999999998,-16.992999999979475,-18.590999999997848,-26.24600000000044,-33.53900000000749,-78.14899999999625,-13.058999999999976,18.45100000000457,-22.88199999999847,6.716000000000122,23.730999999997948,39.388999999999896,-17.546000000000106,-18.12699999999268,29.572000000001708,15.218000000000131,4.383000000007087,-19.72600000000284,29.533999999999597,10.826999999994769,-5.716000000001031,-11.802000000000136,11.935999999997192,-6.579999999996744,6.927000000000305,17.30699999999956,70.86099999999647,-0.1739999999983865,36.03500000000111,112.18499999999948,-17.34400000000278,27.368000000001302,13.71099999999501,-12.46500000000026,7.280000000000086,12.812999999999874,14.640999999999591,2.80800000000454,-33.98700000000048,11.408999999999736,28.161000000000055,-11.890000000001066,101.98699999999974,27.9139999999984,-28.41799999999992,-6.223000000000312,4.023999999999717,-5.226999999999293,1.8969999999995932,3.3579999999993504,16.85799999999915,-3.380999999998835,-26.23700000000042,-11.633000000000491,-19.964999999999836,25.890999999990072,49.6309999999994,-38.2710000000003,37.18500000000233,5.173999999999523,33.53300000000026,-2.559999999999718,-9.89799999999974,6.308000000000025,2.272000000000673
-70.7429999999988,-96.59400000000176,-14.819000000011329,-125.0509999999963,-192.24100000000132,-28.11300000000756,-36.03099999999984,-29.362999999997896,-10.291000000006534,-68.60199999999992,-12.71899999999846,-15.125000000011823,-67.47199999999935,-23.085000000000377,-11.987999999996646,129.203,-52.69700000000057,-18.304000000000546,325.1239999999996,780.0470000000018,-41.27200000001494,-20.64499999999612,-79.89000000000033,-13.52500000002692,-10.880000000003063,-24.966999999999477,-36.45599999999831,-50.18400000000156,-11.031000000000011,2.2950000000037107,8.749000000000251,35.9729999999999,37.27999999999838,34.077999999999875,-4.99500000000026,-13.184000000001106,31.5259999999995,12.443000000001804,11.938000000009197,-20.440999999999576,32.58900000000011,13.30000000000382,-11.151000000000977,24.10899999999998,20.2570000000037,-18.97299999999973,3.667000000000087,33.465000000001055,75.11000000000081,3.2199999999988904,30.728999999999477,89.46900000000255,-48.45500000000129,51.68099999999925,14.20599999999581,-10.120999999998048,5.22500000000008,15.769000000000233,32.20199999999949,0.5120000000033542,48.934000000000566,29.920000000000258,-18.71900000000437,-3.141999999999712,14.58899999999943,-7.339000000001761,6.266000000000105,17.047000000000168,-8.351000000000397,-7.305000000000206,5.501999999999896,2.917000000000769,12.70900000000097,-4.558000000000106,-21.415999999999254,-19.745000000000346,-51.14600000000031,38.9160000000004,40.628000000003794,-47.02399999999898,42.153999999999314,8.943000000002144,32.206000000000046,-2.1789999999953125,-7.441000000000031,5.172999999999961,3.0679999999989604
-65.35599999999704,-92.79400000000066,-7.75100000000748,-126.94400000000314,-194.57699999999815,-20.28799999998228,-35.181999999997515,-18.997000000001663,-6.652000000008229,-62.5630000000001,-14.893000000000711,-17.101999999977124,-57.48000000000104,-21.67200000000093,20.88699999999335,139.83000000000004,-57.61200000000031,-12.121999999999389,334.3800000000016,658.1180000000074,-41.36999999999489,-24.622999999999703,-79.07199999999932,-13.415999999983796,-6.749999999999545,-24.42800000000034,-38.06099999999333,-36.00099999999884,-17.144000000000048,-6.104000000004817,39.542000000000144,79.14300000000054,59.75999999999431,32.73900000000047,-5.690999999999491,-10.698999999999614,21.963999999999828,13.70899999999864,14.184999999997672,-22.122000000001663,36.73499999999876,15.148999999996704,-56.063999999997804,155.01799999999974,-4.72700000000259,-16.09650000000329,-17.648499999999956,27.93750000000159,79.48000000000093,-4.293999999998732,36.17500000000007,92.91999999999804,-54.80999999999767,50.47600000000045,16.596000000004096,-14.22600000000216,9.00400000000019,39.856000000000336,4.794000000000409,-5.194000000005872,-17.595000000000027,23.33299999999987,27.87100000000464,0.9360000000000924,27.141000000001725,-5.950999999998885,-5.500999999999934,6.351000000000084,-2.308999999999628,-4.205000000000325,0.6940000000000168,1.7329999999994072,13.618999999999916,-4.009999999999536,-22.443000000000524,-27.060000000000173,-73.8749999999996,41.89099999999826,44.88499999999931,-53.80399999999952,44.00500000000136,19.525999999999044,51.44699999999993,-1.5560000000050422,-5.346999999999014,8.13600000000001,2.080999999999733
-56.59200000000055,-83.2729999999998,-7.372999999984131,-129.11699999999655,-196.2050000000005,-12.451000000010026,-34.14600000000121,-14.60599999999772,-8.680000000003929,-41.82699999999997,-14.474000000001295,-18.01700000000892,-57.714,-26.449999999999815,35.15600000000632,126.16500000000003,-79.1349999999909,-3.241000000002714,322.435999999999,528.9549999999906,-34.32000000000244,-27.0859999999999,-70.50400000000039,-14.148000000000138,0.3080000000011296,-27.982000000000085,-38.00100000000839,-26.688000000001463,-12.928999999999924,-16.632000000004155,13.07300000000282,46.74700000000058,58.429000000001,30.865999999999616,5.583000000000027,-10.44400000000678,18.42599999999948,17.058000000000106,18.273999999973967,-9.386999999998125,44.37300000000164,18.68299999999863,-13.161999999999807,5.015000000000214,24.79900000000157,-16.096499999997604,-17.648499999999956,27.93750000000159,87.15500000000134,-14.740000000000464,33.97799999999904,102.57799999999976,-60.50999999999931,52.83300000000111,19.1190000000006,-17.67099999999857,7.858999999999838,28.430999999999077,52.61500000000012,12.76900000000296,20.727999999999724,34.402000000000044,2.7500000000031832,15.017999999999176,-58.72100000000131,-35.02199999999789,-22.056000000000253,-7.127000000000194,4.5810000000003015,-4.153000000000162,0.5390000000005557,2.1929999999997563,13.942999999999016,-2.1480000000025257,-13.107000000000111,-19.856999999996106,-58.97400000000026,44.3670000000111,58.91699999999673,-61.05699999999956,44.981999999998834,22.055999999997766,47.98200000000001,-1.8619999999998529,-2.19200000000086,5.562000000000023,0.5490000000008877
-61.22100000000046,-77.85899999999799,1.8799999999828287,-156.70499999999947,-188.74000000000137,-18.627999999989697,-30.880999999999403,-5.9520000000020445,-4.698999999982334,-24.672000000000335,-13.639000000000578,-9.681000000000497,-56.77799999999991,-35.50899999999899,48.38799999997718,126.45699999999992,-25.99200000000792,24.950999999998658,290.69800000000043,378.73199999999656,-36.19400000001178,-34.8070000000007,-63.51000000000013,-12.841000000003078,2.72499999999809,-30.898999999999432,-45.067999999992026,-15.154999999998608,-17.2740000000001,-26.32399999998825,10.830999999996038,47.86699999999939,63.51900000000796,34.17500000000011,11.3119999999995,-7.36699999999928,18.4740000000005,13.638999999999156,24.341000000026725,-14.163000000002056,47.16099999999983,22.47300000000223,-1.8740000000036616,-37.73599999999959,46.49900000000002,-68.98199999999974,-112.79200000000031,110.55599999999686,136.88699999999585,-74.65799999999376,71.25900000000058,112.3389999999972,-69.63200000000143,54.14699999999755,25.060999999999467,-22.56900000000144,10.511000000000337,46.37200000000093,51.29400000000004,5.870999999990545,26.529000000000025,38.55400000000024,5.743999999992866,9.82800000000168,18.974000000000046,-10.30900000000088,11.862999999999955,9.728000000000137,-4.67700000000093,-2.1029999999996107,3.528999999999627,2.090000000000458,14.361000000000956,-7.291999999998211,-9.375,-7.038000000000011,-57.36600000000038,34.11799999998948,56.01800000000026,-65.90999999999951,46.72199999999975,25.2900000000011,43.32899999999995,-3.414999999995416,0.4800000000003024,6.150999999999973,0.7279999999994402
-50.81200000000194,-75.64600000000041,-7.482999999979256,-86.93200000000161,-180.1259999999985,-4.394999999999527,-28.979000000001065,-9.892999999999574,-3.064000000017586,-11.71500000000023,-9.856999999999516,8.240000000000691,-36.00199999999916,-30.228999999999928,75.08600000001024,108.957,3.588999999999487,56.048999999995885,248.612,209.778,-49.22499999998991,31.861999999998147,-66.40000000000015,-42.0659999999998,2.271000000001777,-35.420000000000584,-46.90600000000131,-5.2850000000034925,-15.505999999999888,-31.922000000008666,9.521999999998345,49.23500000000018,70.50199999999904,36.5199999999998,18.512000000000484,-7.463999999993121,14.963000000000193,13.94599999999997,22.41199999998571,-18.753999999995585,50.97300000000047,22.075999999992742,-9.227999999995973,-16.75600000000017,38.39699999999766,3.064000000000533,-27.478999999999587,43.735000000003765,105.27000000000156,-28.9190000000076,40.1849999999996,126.18400000000064,-70.8219999999983,56.90000000000168,8.819999999997208,-25.665999999998235,-1.8410000000002924,43.03900000000027,47.86800000000042,4.261000000008153,-13.877999999999702,1.239999999999597,43.05100000000266,11.360999999999422,12.194999999999824,-13.245000000000571,5.123000000000033,3.7299999999998334,3.721000000000174,0.942999999999472,-0.1069999999998572,1.928999999999803,16.54099999999943,0.3579999999999472,-14.410999999999774,-42.26400000000013,-132.08099999999945,78.71400000000222,72.67200000000003,-77.56000000000256,49.827999999999406,27.414000000001693,48.14000000000007,-4.318000000000666,8.539999999999281,7.850000000000001,0.1770000000007598
-65.34699999999702,-65.10800000000074,6.725999999980559,-143.05800000000204,-171.90099999999973,-17.321999999990112,-35.14700000000062,-2.3330000000015616,1.4650000000074217,1.75000000000054,-10.347999999999049,20.10499999998956,-62.67300000000091,-79.1150000000016,49.70700000001216,94.128,20.298000000008187,85.24800000000141,203.71800000000064,75.78100000000063,-57.55599999999959,-28.340999999997507,-47.74099999999919,-24.254999999993743,3.1209999999987303,-35.429999999999495,-51.57400000000507,2.7000000000043656,-8.560000000000123,-37.96999999999571,13.891000000000986,44.86899999999992,82.87299999999505,31.57100000000028,28.613999999999606,-7.172000000002754,10.801000000000728,11.269000000000062,23.497999999995045,-18.6239999999998,50.637999999999295,27.80800000000454,-8.27600000000075,-25.46999999999997,46.56699999999887,9.931000000000267,-43.06100000000015,42.02499999999532,113.13499999999976,-28.5699999999963,31.871000000001004,128.99100000000203,-76.53799999999933,60.96900000000005,46.04500000000371,-30.60000000000116,17.920000000000158,36.78899999999885,55.13699999999986,5.125999999995656,68.37199999999939,81.52000000000008,-34.62299999999914,13.954999999999984,17.67899999999969,-9.933000000000902,4.062000000000055,3.195000000000192,1.7579999999995266,2.7000000000001023,4.1020000000003165,3.802000000000305,17.571999999999832,-2.533999999999992,-17.152999999999707,-16.30800000000363,-87.44000000000014,59.00299999999561,82.13200000000143,-80.33799999999758,49.04700000000162,26.896999999999597,53.25799999999994,-2.557000000001608,6.981000000000392,8.552999999999988,-1.6620000000003188
-63.800000000003365,-59.3040000000002,1.562000000012631,-105.99899999999708,-163.66900000000155,-15.612000000010084,-36.86999999999898,0.2550000000013597,4.223000000001775,-3.100000000000591,-7.083999999997559,53.47899999999299,-42.79799999999909,-49.40799999999683,76.18399999998928,77.27199999999996,22.73799999998687,96.5090000000032,141.9009999999986,-99.3220000000008,-69.26900000000842,-37.011000000001104,-43.23100000000082,-25.707999999985987,-0.9119999999995798,-35.89800000000025,-50.71500000000242,13.039999999995189,-7.604999999999862,-43.96299999999656,-18.42599999999948,10.944999999999538,71.53299999999945,24.91899999999987,32.91499999999985,-2.9359999999996944,9.752000000000294,8.705000000000496,23.926000000005843,-18.44800000000077,47.052999999999656,28.10699999999997,-1.3010000000008404,-31.546000000000163,47.561999999999216,13.873000000000957,-45.1660000000004,38.186999999999216,78.81199999999922,2.1579999999971733,15.017999999997755,138.1779999999992,-77.05700000000206,64.2089999999996,37.14899999999943,-35.14700000000062,6.416000000000111,35.95300000000066,57.350999999999885,0.2749999999991814,30.06600000000006,38.45700000000001,5.45099999999934,29.25199999999961,201.3090000000005,64.97200000000021,5.572000000000088,1.913000000000053,3.89200000000045,2.580999999999989,1.868999999999943,0.146999999999764,16.602000000000317,-2.0330000000029718,-10.016000000000249,29.8370000000034,-65.66600000000022,28.16800000000512,90.57900000000244,-82.55900000000054,53.51599999999905,27.532999999999674,50.3070000000001,-0.93399999998951,9.404000000000678,6.533000000000033,-1.2309999999999377
-66.15600000000086,-59.96399999999937,-5.333999999993466,-110.48300000000496,-153.8909999999987,-10.669000000007143,-37.95499999999947,-5.675999999999704,9.778000000005704,-4.268999999999323,-26.999000000000706,68.46900000002734,-44.97199999999992,-77.87200000000212,69.84899999999925,72.93599999999998,57.8070000000082,116.04599999999436,84.54100000000153,-241.2809999999979,-54.54099999999471,-90.82400000000064,-34.78899999999996,-5.969000000027336,7.407000000000607,-40.054000000000656,-58.25800000000072,19.07100000000241,-5.167000000000144,-47.44900000000598,49.21200000000567,77.98299999999898,95.52700000000414,25.807,44.2770000000003,-2.551000000005388,4.523999999997841,6.4009999999996126,19.457999999985987,-6.25299999999811,42.0810000000003,32.47599999999693,0.3330000000005384,-44.47899999999976,57.00400000000059,26.81299999999851,-48.05300000000017,42.038000000002285,158.52900000000432,-57.10199999999759,63.070999999999344,141.9309999999996,-76.53199999999742,66.10000000000014,15.892999999999802,-43.18999999999846,-9.636000000000422,29.211999999999705,58.86799999999965,3.626000000008389,57.54700000000028,47.31300000000012,-17.992999999995618,21.15600000000057,31.60699999999963,-0.8150000000000546,6.31699999999995,4.217999999999833,0.114000000000658,3.2020000000002824,0.40300000000002,4.391999999999996,16.746999999999446,-1.6369999999994889,-17.379999999999995,-119.04900000000112,-317.0039999999993,73.0009999999993,101.11099999999738,-78.86200000000088,52.35700000000065,26.62599999999884,44.02099999999969,-3.760000000011132,8.40299999999985,5.759999999999987,3.405999999999665
-60.54399999999873,-52.13799999999935,-10.620000000017171,-71.81699999999864,-138.67600000000095,-25.31799999999293,-55.06600000000219,15.297000000001049,-3.7479999999959546,-6.819000000000841,-37.44200000000433,77.00199999999313,-52.61300000000091,-94.7419999999994,66.44300000000385,55.52600000000005,-48.47100000000637,95.97800000000234,32.65699999999754,-422.68399999999815,-26.042999999981475,-28.60499999999888,-43.73000000000005,-28.66199999998571,12.61299999999892,-40.5619999999999,-60.77799999999343,27.877999999998337,1.8660000000000565,-49.53600000000051,19.24499999999512,40.807000000000926,79.11299999999528,18.716999999999828,45.21599999999992,0.940000000002783,2.46800000000178,8.559999999999945,17.969000000016422,5.388999999996713,34.47099999999921,33.074999999996635,-12.891000000001895,6.15099999999984,39.61800000000153,28.60699999999952,-43.13099999999963,47.14399999999728,90.01499999999965,-21.126999999995636,19.46900000000369,139.56600000000208,-74.27700000000073,73.73499999999922,62.991999999997006,-34.70399999999927,17.238000000000397,23.47600000000085,64.06899999999993,-0.6600000000048567,-12.964999999999804,22.68100000000004,41.918999999995776,18.14200000000028,35.99400000000088,-11.07200000000148,-11.886000000000152,-2.996999999999872,11.026999999999989,1.6329999999996403,4.846999999999468,5.1790000000004,16.071999999999775,-1.3519999999971333,-16.112000000000393,31.96699999999737,-22.32200000000049,70.83399999999642,100.04599999999756,-72.4979999999988,52.85499999999956,21.08300000000156,54.79900000000022,-1.046999999999798,8.11300000000017,8.034000000000008,-4.523000000000366
-65.69799999999759,-53.717000000000326,0.3540000000157306,-103.40299999999728,-134.94000000000028,-21.765000000004875,-45.020999999997,-12.023000000002073,17.23700000000008,-4.972999999999672,-49.30999999999699,95.34899999998744,-32.383000000000095,-63.72000000000071,84.8510000000033,46.462,-40.58600000000183,92.93199999999617,0.9770000000003164,-456.2530000000038,29.54099999999471,-21.3940000000008,-44.072999999999496,-28.17400000001271,18.499000000002752,-29.675000000000296,-56.031000000007225,38.4209999999996,5.657000000000068,-49.95099999999866,21.505000000001928,35.29099999999943,72.60200000000623,19.103000000000137,39.38399999999973,2.228000000002339,-0.7100000000008322,5.219999999999914,17.28499999999258,12.842000000000551,26.39000000000067,34.90000000000464,34.98000000000161,-85.20699999999977,64.80399999999804,34.62200000000166,-47.85399999999953,44.58600000000388,155.5909999999983,-49.05100000000289,56.89999999999884,141.88199999999824,-67.60600000000068,64.78100000000211,37.81999999999925,-37.31600000000128,1.8899999999995032,15.892999999999802,61.6260000000004,-2.593999999999141,20.285999999999405,45.7889999999999,0.2589999999997872,12.931999999999276,33.81300000000067,-1.2359999999944191,7.9170000000001295,3.6849999999997607,1.0709999999988895,3.253000000000128,0.2470000000002414,3.407999999999589,17.701000000000988,-1.2789999999995416,-17.14099999999945,21.13300000000322,-38.94499999999965,52.24600000000237,101.08900000000176,-76.400000000001,52.46199999999988,17.519000000001483,56.798000000000215,1.908000000003085,-10.159000000000162,3.872999999999971,5.451000000000761
-58.847000000002936,-55.464000000000624,-9.314000000017586,-36.38600000000452,-113.88800000000003,-14.53799999999319,-40.85200000000384,-16.446999999999434,23.03399999998419,-0.8010000000005846,-57.81200000000126,87.28100000000723,-36.32199999999983,-74.42399999999907,80.66400000000158,49.51500000000007,-47.58299999999167,96.55700000000706,-8.02799999999877,-542.4769999999967,43.41999999999189,-15.1299999999992,-42.06100000000035,-23.62099999998009,28.03399999999669,-31.448999999999216,-59.97899999999845,43.62500000000296,6.420999999999921,-45.4900000000066,-8.235999999999422,-1.5379999999993288,62.20700000000079,18.613999999999464,48.59200000000001,4.993000000001757,0.777999999999679,8.009000000001265,13.366999999993824,28.341999999997824,21.502000000000976,37.82999999999674,-7.645000000002255,30.378999999999223,34.854000000012775,45.058999999997695,-31.704000000000576,44.71100000000092,90.44499999999972,-23.0070000000012,15.531999999998902,136.00199999999631,-65.625,71.11699999999814,36.52000000000157,-32.16199999999958,4.890000000000327,9.344000000000108,56.61599999999965,-1.629000000002634,17.346000000000572,41.78200000000025,-0.9119999999995798,11.73700000000082,-75.6280000000018,-33.459000000004835,5.320000000000036,5.921000000000021,1.422000000000878,4.295000000000471,3.6659999999997694,3.1340000000000146,11.878999999998996,0.7389999999986685,-20.07600000000025,26.4349999999979,-15.096000000000489,50.37199999999871,98.0320000000006,-68.52000000000089,54.149000000001024,58.901999999997656,89.63499999999982,11.366999999995642,22.543999999999187,5.803000000000003,-5.111000000000843
-57.82199999999875,-52.87399999999991,1.3059999999995853,-57.74499999999989,-111.76499999999976,-15.942999999992937,-37.24399999999832,-22.63299999999901,29.541000000017448,5.392000000000508,-59.45499999999697,98.766999999998,-25.544999999999614,-69.49600000000089,80.13900000000831,34.89199999999997,-95.97100000000296,75.3910000000019,-63.43400000000088,-656.7229999999995,45.15400000000227,-3.441000000003669,-38.94599999999926,-21.94800000002033,44.00600000000168,-28.994000000000145,-57.71499999999605,54.41599999999767,6.817999999999991,-43.92099999998891,48.00699999999552,62.1459999999999,75.00599999999622,21.114000000000743,54.45700000000002,11.199999999996637,-3.542999999999097,6.0079999999999245,14.782000000013795,35.53100000000313,16.65999999999883,39.34900000000425,23.16600000000335,-36.871999999999616,48.65399999998772,30.24599999999964,-39.915999999999485,35.65399999999954,149.41400000000158,-36.42600000000016,63.40600000000052,128.7960000000055,-54.92199999999912,62.6909999999981,33.33200000000147,-26.08500000000049,2.2599999999997067,-0.1450000000005502,57.98000000000059,-1.476999999988493,7.423000000000002,43.2739999999999,-5.393000000003667,3.018999999999039,35.63699999999983,-1.3459999999952288,6.137999999999977,1.5080000000001093,1.9309999999990168,2.7849999999993718,3.224999999999767,4.885999999999768,14.213000000000877,-1.4769999999998618,-24.043999999999954,18.87800000000084,-1.6669999999997742,50.06500000000074,98.63000000000284,-60.77099999999973,45.474999999999,-9.456000000000133,43.28399999999988,-2.2979999999961365,5.6430000000005975,9.834999999999994,-0.4819999999995161
-54.22100000000114,-60.24700000000109,7.300000000009277,-38.32099999999628,-102.36500000000036,-4.565000000002328,-29.9129999999991,-24.64300000000037,35.54699999999684,13.031999999999757,-53.07000000000244,96.56999999999698,-10.953999999999551,-65.06200000000035,83.59399999999368,-7.517999999999958,-124.735000000004,54.78499999999258,-115.81699999999842,-756.8849999999998,20.348999999987427,69.86200000000338,-46.01900000000043,-45.98399999999856,55.25799999999776,-24.21199999999999,-53.02699999999732,66.01300000000379,6.713000000000058,-41.497000000003936,-5.3769999999985885,-8.316999999999553,51.28099999999449,8.263999999999783,51.12300000000048,13.70200000000068,-4.957000000001699,4.111999999999227,12.133999999991827,33.12099999999987,11.72200000000032,32.83700000000636,51.46499999999605,-75.39900000000017,58.09000000000424,88.40999999999894,25.928000000000395,27.871999999996437,71.21300000000019,-3.6560000000008586,13.109000000000036,121.81099999999674,-47.775000000001455,62.435000000002105,30.239999999997732,-25.33999999999992,6.974000000000302,-0.2870000000001482,54.53800000000015,-4.157000000009248,2.4359999999994386,34.81100000000019,1.9650000000012824,-0.5690000000001305,20.448000000000377,-7.434000000000651,19.982999999999866,15.63200000000009,-8.396999999999366,3.6020000000000607,-1.4249999999996987,2.2670000000005075,4.784999999999684,3.678999999999633,-14.292000000000373,34.43300000000136,-11.2409999999997,36.22100000000046,86.79199999999696,-47.43100000000027,45.150000000001,16.893000000001734,50.018000000000384,2.0539999999982683,-14.35199999999952,5.898000000000003,2.960000000000207
-40.96599999999739,-59.6209999999985,16.869999999994434,-33.1450000000018,-96.7739999999992,2.867999999989479,-21.648000000001844,-24.448000000001,44.14099999999053,18.363000000000795,-51.49499999999989,107.2020000000066,0.539999999999452,-54.55000000000041,70.82499999999072,-73.49899999999998,-82.79099999999744,48.694000000000415,-157.27400000000102,-829.2910000000006,4.157000000009248,4.813999999998941,-26.836000000000126,-2.550999999994019,68.83600000000456,-24.893000000000143,-51.12900000000309,71.20899999998755,6.34099999999993,-35.39500000000544,23.78500000000372,19.55899999999957,55.005000000005566,9.091000000000092,53.96599999999978,16.570999999999003,-4.583999999999833,0.947999999999638,12.354000000004817,41.05199999999627,13.454999999999018,32.59299999999712,30.365000000000464,-13.551999999999964,39.47799999999688,-17.61500000000069,-81.07900000000114,46.99699999999893,130.05999999999744,-34.591999999997824,61.13300000000095,107.63900000000037,-39.2280000000028,62.26699999999994,27.18800000000101,-15.22600000000125,6.345999999999918,6.893999999999778,35.83500000000015,-7.769000000007509,-2.738999999999692,55.45899999999975,-13.272000000000617,-0.6699999999995043,18.74300000000062,-4.662999999999329,-2.856999999999843,4.987000000000208,2.3960000000002424,0.5130000000001189,1.3249999999999318,1.402999999999821,-5.6280000000001,1.300000000000523,3.532000000000579,11.09299999999962,-1.603000000000776,49.7160000000008,82.37900000000309,-40.5619999999999,50.333999999998014,-18.338000000002808,38.60499999999973,-0.8789999999976317,16.49099999999919,2.328999999999981,-1.6670000000004848
-28.537000000000035,-55.84699999999998,27.00200000001587,-4.953000000000429,-91.44799999999692,18.530999999984488,-8.707999999998606,-22.028999999997723,51.355000000012296,23.01999999999964,-52.15499999999906,100.34200000000055,12.75399999999962,-62.86399999999901,81.89700000000357,-95.392,-175.46100000000138,29.68100000000504,-186.1850000000004,-884.514999999999,-0.4889999999932115,10.58400000000006,-19.46099999999973,6.591000000003078,81.55199999999923,-18.3959999999999,-50.07399999999507,79.99000000000933,0.4780000000000228,-30.542000000002645,31.15899999999669,12.715000000000032,54.2850000000044,12.165999999999856,49.07800000000009,18.82299999999759,-2.9009999999999536,-3.144999999999243,8.653999999978623,37.27700000000027,14.77700000000084,29.669000000001237,33.80700000000161,-7.571000000000083,41.45800000001145,35.983000000004495,-12.022999999999229,32.058000000000675,53.23700000000144,19.03700000000299,3.720999999998753,97.78400000000148,-27.68499999999676,58.25399999999945,24.68200000000138,-13.289999999997804,4.142000000000223,-4.303000000000168,62.30599999999953,4.552999999998519,-6.63899999999984,40.53799999999974,-0.7349999999973988,-5.161999999999978,20.400000000000773,-4.004000000003316,-17.489000000000132,-6.961000000000084,2.7460000000004925,1.588999999999885,1.8799999999998815,2.280999999999977,-7.065000000000055,1.7939999999981635,-0.9309999999999264,67.68799999999828,3.2300000000006435,19.42099999999982,73.27899999999659,-30.49599999999941,42.9869999999994,-3.446999999997047,40.09399999999985,-4.205000000001746,-21.345999999999776,65.79300000000003,-18.862000000000023
-12.90000000000191,-58.73899999999992,32.616999999982,-20.504999999997157,-83.05800000000261,24.292000000014013,3.1309999999990623,-13.318000000001009,60.03399999999601,26.19499999999988,-47.43000000000279,99.29199999999128,20.598000000001093,-52.07900000000052,67.72399999999834,-140.53200000000015,-169.9770000000001,10.004000000003543,-205.7349999999985,-936.1449999999992,-0.6830000000149994,16.649000000001024,-16.910000000000025,11.67000000000371,92.83699999999726,-16.270000000000095,-42.4980000000005,86.51399999999967,-4.9099999999999255,-23.87699999999313,28.172999999998183,10.992000000000246,50.06700000000137,9.976999999999949,48.87099999999975,17.475000000001728,-6.75499999999829,-5.984999999999729,5.872000000022126,42.55400000000122,17.037999999999442,36.053000000003976,11.626999999998588,51.71100000000024,19.74499999999466,35.12900000000059,-14.548999999999523,30.493000000001302,73.29799999999977,-0.0490000000070267,32.69400000000076,77.49099999999771,-16.35100000000307,46.322000000000685,20.004999999997608,-7.652000000001635,7.242000000000104,5.78700000000083,48.18599999999975,-3.1679999999937536,-13.777999999999937,36.88000000000002,12.539999999995644,-6.842000000000326,120.29899999999856,23.131999999998243,16.366999999999976,14.388999999999896,-6.043000000001086,0.2729999999999677,-0.6819999999997606,-2.2970000000000823,-4.976999999999521,3.687999999999647,2.051999999999765,32.263000000000375,21.244000000000085,17.11199999999735,62.44200000000433,-14.884000000000697,36.88800000000185,6.801999999998998,41.44800000000011,-2.133000000003449,15.5050000000017,-58.524999999999984,24.95400000000103
-1.2789999999995416,-48.82000000000062,58.80100000001676,10.82399999999666,-74.88500000000045,43.00499999999374,19.02900000000045,-19.8960000000028,68.22499999998399,31.22499999999988,-44.79099999999789,88.9889999999923,29.628999999999905,-46.6259999999977,60.87700000000496,-160.89399999999986,-203.579000000002,-5.359000000009928,-210.7910000000004,-977.2950000000036,-8.941999999990458,26.44499999999823,-17.820999999999998,26.1969999999792,107.05899999999816,-21.229999999999905,-35.90700000000879,93.87500000000271,-9.932000000000052,-19.853999999997995,55.74400000000424,27.68599999999992,53.71099999999842,14.789999999999992,41.72900000000013,22.827000000006592,-6.030000000001223,-9.293999999999867,3.8329999999859865,47.69300000000385,14.379999999999882,35.05299999999352,33.50300000000175,-3.925999999999874,36.85299999999643,29.54099999999471,-4.430000000000689,25.681000000003,85.04599999999982,-11.82799999999702,58.4149999999994,61.3490000000013,-10.575000000000044,48.740000000000805,17.40700000000288,-4.979000000000156,7.096999999999554,5.7369999999991705,50.065000000000026,0.818000000003849,-6.2740000000005125,42.502,3.140000000001919,-5.89999999999975,30.443000000001064,-3.4179999999992106,-21.253999999999703,-4.257000000000133,5.631999999999948,-1.6169999999995357,-1.1639999999999873,0.4989999999999384,-3.71200000000016,0.7800000000003138,-1.489000000000118,41.907000000003336,19.56300000000013,23.10100000000261,45.52299999999718,-8.325999999999567,37.06699999999898,-4.68400000000031,32.99999999999983,-2.6119999999991705,-6.5020000000018285,29.47899999999999,-4.843000000001041
29.77300000000014,-48.48399999999913,60.16899999999623,-4.250999999999294,-70.20599999999888,60.36400000002686,36.54500000000098,-16.89299999999605,70.44700000001285,32.415000000000305,-46.481,79.18700000000172,36.21199999999902,-37.31500000000096,57.0069999999987,-211.15500000000003,-174.86599999999726,-17.10199999999986,-233.211,-1002.9600000000016,-4.430999999999585,82.44700000000194,-23.412000000000432,17.529000000013184,112.25900000000593,-17.981999999999232,-28.34499999999025,102.03300000000011,-17.745000000000033,-17.669999999998254,33.873999999997295,-6.481000000000847,40.447999999992135,10.027999999999793,46.3479999999997,17.839999999989686,-6.779000000000224,-13.506000000000997,3.857000000016342,37.27099999999837,15.267000000000053,32.866999999998825,36.11999999999966,3.519000000000005,30.37400000000048,30.124000000000706,12.03699999999941,28.588999999999487,42.11099999999988,14.679000000000997,24.29599999999823,44.051999999999225,3.125,40.20999999999901,13.7079999999969,0.5719999999996617,6.607999999999947,14.151999999999989,32.11900000000014,-3.955000000007658,4.270000000000351,40.8330000000003,-13.116999999999734,-0.8639999999999759,27.9059999999987,0.8700000000033015,16.244999999999976,9.211000000000167,-7.280999999998983,0.1649999999997931,1.2100000000003774,1.669000000000409,-3.588999999999487,-0.1139999999992369,-0.2949999999998454,38.90999999999849,18.225999999999942,19.99600000000896,34.75599999999872,7.8530000000000655,28.1690000000026,-2.240000000000464,28.61400000000032,-3.4249999999985903,-3.225999999999374,-3.929000000000027,4.5430000000010295
36.11500000000092,-36.02300000000014,86.73099999998612,32.550000000003365,-55.62900000000184,80.12699999999313,52.83099999999763,-11.9920000000036,75.29299999998784,41.90499999999986,-44.16200000000004,71.82600000001003,46.52499999999975,-26.586000000000357,51.244999999994434,-210.789,-227.21599999999853,-36.02300000000014,-231.22100000000216,-1006.9519999999956,14.13599999999633,31.528000000000134,-14.282999999999646,44.727000000011685,116.03999999999814,-18.2690000000008,-20.38000000000011,109.03599999999756,-17.652,-14.5870000000059,36.82000000000016,-13.3829999999989,40.03900000000158,9.740000000000038,45.8040000000004,15.747000000010305,-4.769999999999186,-16.96499999999901,0.4519999999956781,42.709000000002106,11.168000000000688,29.980999999997948,35.29100000000085,18.21199999999976,21.023000000008096,122.3450000000014,102.34000000000094,30.205999999998312,-10.811999999998534,37.01699999999733,-4.151999999999134,21.988000000004604,16.883000000001402,26.509999999998968,8.219000000002552,7.924000000002707,6.401000000000323,6.507000000000573,59.70900000000015,5.981000000008407,-2.255999999999858,37.96199999999992,0.5159999999989395,7.270999999998651,-88.76199999999841,-39.65800000000286,-4.174000000000078,5.55899999999987,4.204999999998904,-0.2139999999997144,0.8019999999994809,-2.8800000000003934,0.539999999999452,1.0050000000006776,-1.7960000000002196,38.68999999999687,36.11900000000006,20.137999999991507,21.408000000002403,16.393999999999664,25.655999999997903,-3.0730000000005475,30.81200000000024,-0.5339999999989686,-0.6160000000008381,1.3250000000000206,-1.4680000000012683
74.41699999999969,-33.39200000000062,78.63700000000335,44.79400000000169,-45.49399999999935,97.24099999998543,67.71999999999991,-12.140999999996891,83.02000000001044,43.262,-49.01399999999967,71.41099999998914,58.38000000000108,-26.452000000000453,44.018000000005486,-233.16600000000005,-220.51999999999907,-62.383999999997286,-220.632999999998,-1076.2640000000033,-18.414999999993142,-14.566000000002076,-7.361000000000217,74.38899999997375,117.0410000000004,-16.951999999999146,-12.677000000007864,113.87300000000096,-18.551000000000077,-12.298999999995884,33.847000000002936,-20.177000000001044,31.115999999997257,4.840000000000089,35.48600000000022,11.90199999999777,-4.435000000000855,-17.970000000001107,-1.0989999999992506,44.238999999998896,6.076000000000192,28.064000000006217,60.18599999999879,-29.59199999999953,33.03899999999089,27.41399999999885,25.09900000000016,11.704000000003134,44.88799999999742,2.195000000000391,49.06799999999976,-0.2750000000048658,23.27799999999911,19.381000000001336,0.2099999999984447,9.68899999999735,1.551999999999509,10.41799999999995,40.20200000000003,1.812999999992826,-1.3600000000003831,44.75600000000029,-3.994999999991933,5.801000000001011,24.449999999998795,-5.040999999994256,-8.822999999999936,-2.195000000000036,1.7560000000003129,-0.6610000000002003,0.0060000000004833,2.8709999999996683,-0.4679999999993356,3.519000000000005,-2.6579999999995607,33.86199999999917,39.21799999999962,9.06699999999887,4.363999999998214,28.363000000001648,10.73300000000188,1.0400000000004184,28.635999999999484,-3.22500000000332,2.2649999999998727,7.318999999999987,-2.490999999999133
76.51599999999803,-24.254999999999427,119.8370000000068,80.8469999999943,-31.237999999999037,116.3090000000011,84.48400000000333,-12.604000000001747,81.29899999998997,52.07200000000043,-48.502000000002,68.66500000000997,62.54500000000007,-15.933999999998605,34.88800000000083,-287.527,-277.70400000000564,-60.68099999999959,-225.02100000000095,-1105.8780000000013,-21.36199999999917,47.31000000000165,-5.371999999999844,57.544000000007145,115.42099999999778,-17.71100000000132,-4.167999999992844,118.592000000001,-20.294999999999952,-9.90600000000086,36.20300000000043,-24.80499999999921,23.87100000000828,-25.73799999999977,195.176,-13.574000000005526,-2.436000000000149,-21.081999999999823,-5.602999999996428,49.523999999996704,4.0869999999998186,26.80000000000291,31.195999999999916,14.693999999999363,11.028999999996358,14.688000000001011,27.554999999999552,5.318999999997232,-23.00099999999929,27.690999999998667,-9.652999999997292,-21.99399999999514,39.44999999999936,3.688999999999965,0.5040000000008149,15.21900000000187,0.3060000000004947,16.549000000000547,38.409999999999656,-0.0549999999975625,-20.196999999999576,19.24399999999977,17.43199999999092,-18.93499999999904,-2.8609999999986258,-38.01000000000272,39.78699999999975,22.55700000000012,-9.463999999999828,2.617000000000047,-3.130000000000166,0.180000000000291,2.9719999999997526,1.7269999999996344,-9.352000000000515,15.317000000004557,50.3070000000001,23.352000000005543,-13.774999999998272,36.988999999999805,5.966000000000804,4.874000000000933,27.656999999999957,-1.330999999998994,4.954000000002168,-1.102999999999987,-0.0950000000003115
100.44599999999946,-17.52400000000023,120.01900000000204,67.37100000000282,-24.56200000000024,131.7869999999857,95.64399999999864,-11.087999999998033,85.19300000000385,60.12899999999988,-59.255999999999176,72.64399999999114,76.20999999999896,-21.70700000000068,28.979000000003907,-278.134,-264.4769999999994,-58.25800000000072,-209.37700000000063,-1106.2399999999968,-4.02800000000525,95.89499999999872,-19.183999999999912,40.711000000010245,146.8810000000019,-9.152999999999167,-8.44800000000987,122.2319999999968,-16.17299999999986,-0.7200000000011642,35.47699999999736,-23.31399999999917,16.576999999995223,11.126000000000149,-32.77800000000042,17.511000000001786,-1.431999999999789,-22.22500000000025,-9.83800000001338,52.615000000002965,1.7099999999999227,23.016999999993004,31.279999999998157,21.470000000000056,4.806000000002086,10.955999999998769,28.430000000000177,-3.969999999998208,-35.257000000001426,25.3120000000024,3.959999999997876,-44.72900000000095,43.39300000000321,-9.104999999999563,-6.301999999993768,16.46599999999978,2.1580000000000155,18.23499999999996,32.79800000000037,-0.2009999999927458,34.750999999999976,41.65499999999973,-13.320999999996276,14.209999999999924,17.36799999999903,-1.0370000000023083,-23.301000000000016,-13.194000000000017,12.434000000000369,5.361000000000615,1.8409999999995816,5.329000000000406,4.419999999998936,0.1249999999998863,-9.930999999999557,26.27299999999764,47.3239999999997,3.65299999999138,-26.123000000001184,49.64200000000005,-8.19800000000157,-1.300000000000523,20.35100000000014,-1.9409999999993488,7.096999999998843,1.4110000000000067,-0.4699999999999704
120.72800000000257,-12.677999999999656,118.68899999999483,52.512000000001535,-13.476,140.72200000002795,110.80499999999915,-7.977999999999952,86.42499999998563,57.93299999999988,-69.83599999999797,77.63600000000679,84.88000000000113,-26.195999999998776,28.784999999993488,-294.95199999999994,-282.9070000000001,-47.7359999999976,-184.3369999999993,-1124.7349999999983,-9.051999999996951,44.96300000000133,-10.6340000000003,69.92099999999937,112.27099999999837,-29.234000000001004,4.621000000008735,119.21100000000138,-16.601,2.655000000004293,15.118000000001077,-47.7390000000014,1.074000000005526,-2.8930000000002565,93.67400000000004,3.368999999997868,5.213000000000534,-21.141999999998973,-13.488999999981388,58.19700000000125,-0.588000000000477,18.60300000000734,24.74700000000212,25.37800000000061,-2.336999999999989,15.320000000002665,36.99599999999919,-8.987999999999374,-82.78499999999553,30.91999999999757,-26.740999999998397,-63.98899999999799,46.08200000000125,-22.76700000000176,-11.826000000007753,19.704999999999018,-1.1639999999999873,4.446000000000083,36.16899999999959,2.953999999988355,20.38099999999972,39.05200000000022,-21.728000000001657,9.375999999998896,26.467999999999847,0.932999999997719,26.385000000000147,8.784999999999954,-6.44100000000094,8.173999999999637,0.3350000000004627,2.700999999999709,7.050000000000978,2.97300000000007,-19.52800000000039,25.099999999997635,46.2769999999999,-8.675999999996975,-43.01199999999881,48.46599999999626,-13.371999999998252,11.162000000001626,26.50900000000007,-1.1349999999993088,11.578000000000088,-26.557999999999996,-1.1780000000001678
132.54999999999768,-5.750000000000455,127.45400000001156,111.59599999999728,5.697000000000685,151.02600000000166,117.25600000000044,-10.228000000000748,86.24300000001313,68.55199999999968,-102.02700000000392,72.65700000000379,91.96399999999868,-27.51200000000153,29.82099999999264,-300.0540000000001,-289.0929999999969,-40.8869999999979,-152.40599999999915,-1106.4850000000035,-3.9850000000001273,-2.9089999999996508,-3.130000000000166,79.83399999998255,102.22499999999854,-14.4440000000003,28.94900000000007,121.34100000000105,-14.278999999999977,12.627999999995154,56.87599999999975,2.979000000000553,1.1049999999954707,7.773999999999859,19.68999999999994,9.851000000003296,9.649000000001706,-18.88500000000022,-16.406000000006316,51.06799999999794,-2.5080000000002656,4.632999999989806,18.783000000001948,6.717999999999336,-9.183000000001584,2.461999999997033,34.52699999999993,-14.966000000003987,-70.12000000000285,40.14600000000428,-17.105000000000814,-80.10300000000257,54.60199999999986,-32.21499999999935,-13.646999999997432,24.602000000001567,0.7819999999995275,12.072999999999467,-5.0550000000001205,-4.565999999988435,6.119000000000341,19.43400000000004,-5.767999999989115,12.004000000000303,14.294999999999902,-1.094999999997981,-0.8499999999997954,-2.4210000000000065,5.8559999999999945,6.298999999999921,1.722000000000179,-0.3240000000005238,12.546999999999288,0.4240000000010013,-21.67699999999968,34.93400000000406,102.02100000000058,-32.666000000000395,-57.12599999999952,54.45900000000279,-19.343000000000643,3.821999999999548,12.396999999999991,-3.2469999999932497,-0.730000000000075,2.398999999999996,-0.3950000000003228
133.84700000000294,-3.1920000000013715,151.02499999998145,100.8609999999976,14.300999999997543,156.908999999996,125.1650000000012,-12.73000000000195,91.23500000000604,58.43100000000021,-115.96999999999866,76.75699999999779,98.5820000000004,-33.589000000000624,31.592000000000557,-310.638,-269.704999999999,-28.10699999999997,-128.5259999999994,-1057.6629999999966,-6.348000000002685,58.51199999999892,-17.44199999999978,69.0190000000257,103.91500000000065,-26.19399999999956,26.976999999999407,118.14800000000218,-15.209000000000117,21.545000000003256,30.194000000000187,-19.62800000000016,-5.639999999993961,-0.9029999999995652,15.18700000000024,16.05899999999565,14.933999999999514,-23.19400000000087,-16.491999999993823,52.538999999995895,-3.999999999999204,-2.544999999997799,13.860999999997148,14.266000000000645,-18.268000000000484,-7.009999999996808,31.16700000000065,-22.94899999999416,-50.729999999998654,38.07399999999461,4.867999999999029,-97.96800000000304,54.833999999999605,-39.62399999999775,-17.27300000000014,24.44299999999941,-0.7049999999999557,23.50100000000026,29.45600000000041,-35.14999999999873,2.975999999999601,11.160999999999888,-4.032000000012204,10.00500000000102,-4.39399999999921,-5.813999999998032,33.58599999999967,11.07699999999987,-4.260999999999626,8.585999999998961,2.057999999999538,2.438000000000784,15.30000000000058,-2.126999999998702,-33.20800000000048,5.593999999996413,4.185999999999268,-4.441000000002759,-65.09700000000294,64.3480000000011,-36.57400000000166,3.231999999999857,10.027999999999793,-2.0780000000058862,15.559999999999263,1.8879999999999784,-9.861999999999682
152.98099999999977,4.592999999999847,137.2680000000173,91.00900000000252,17.173999999999978,159.81399999998305,133.94899999999836,-15.179999999998016,87.65900000000784,69.16999999999973,-126.36099999999716,57.72799999999734,85.10700000000071,-56.85900000000004,7.276000000001659,-270.7469999999999,-328.19900000000075,-50.5800000000022,-134.82700000000136,-1038.7479999999982,30.469000000005053,62.26699999999994,-18.63000000000028,76.13499999999931,98.6629999999991,-27.00399999999945,35.894999999993615,118.2619999999872,-14.510999999999896,30.55499999999256,28.83899999999926,-18.63299999999981,-12.115000000005692,-16.08400000000003,3.282999999999703,33.30600000000459,23.601999999999634,-25.87999999999937,-19.86100000001443,46.350000000001046,-0.915000000000532,-6.024999999999636,11.151999999998452,6.987999999999772,-22.161999999997303,-8.206000000001268,32.91300000000064,-23.816000000005037,-127.82900000000268,52.03500000000077,-55.795999999998,-108.53500000000054,54.57499999999982,-54.79600000000176,-17.65200000000391,28.752000000000063,-2.8889999999996974,5.236999999999625,-1.191000000000031,0.4209999999943647,-11.800999999999815,3.509000000000384,9.787000000000036,12.71199999999908,10.513999999999156,2.02099999999632,18.26100000000004,2.10700000000017,0.0470000000007075,11.379000000000872,3.159000000000134,4.416999999999405,19.829000000000008,-1.8160000000023049,-34.67099999999945,26.60200000000259,115.8300000000004,-35.74199999999905,-80.34700000000043,59.934999999998695,-37.11700000000064,8.511000000001445,4.102999999999923,-0.625999999999749,17.0029999999997,0.9710000000000109,-5.223999999999762
163.11999999999784,8.812000000000353,135.1929999999811,127.37200000000256,29.057000000000244,163.51400000000922,135.73199999999872,-30.096000000003187,89.2949999999928,75.57100000000005,-118.11200000000213,38.609999999994216,112.33799999999974,-25.53999999999803,27.795000000014625,-268.6,-282.7570000000037,-38.9220000000023,-111.70099999999934,-932.8000000000033,20.17199999999093,65.39600000000121,-24.95699999999985,79.50499999999465,98.84100000000444,-30.034999999999457,47.07000000000789,115.41799999999968,-21.12200000000017,41.00300000001198,28.374999999999773,-23.92200000000031,-16.796999999996842,-16.040999999999883,-0.9250000000001536,35.15700000000379,29.52799999999911,-26.36499999999984,-17.760999999995875,33.10000000000173,-4.358999999999469,-10.686999999995804,-3.2379999999989195,12.006000000000228,-29.980000000000476,-21.73999999999978,30.07899999999921,-34.404999999998154,-67.09899999999607,13.980000000003656,-6.204000000002452,-118.008999999995,55.31299999999533,-64.33800000000076,-19.655999999997675,26.218000000000075,-0.460000000000349,3.949000000000069,-1.523000000000252,-4.065000000002783,8.33900000000014,-0.2010000000005618,2.4080000000026303,6.408000000000413,-2.397999999999456,1.3940000000047803,-1.6379999999998065,-7.213000000000136,5.330999999999619,8.67200000000068,1.8979999999999109,5.132000000000403,19.23199999999952,1.0300000000000864,-29.682999999999996,-1.1990000000025702,-31.452999999999776,-21.492999999992435,-84.51499999999896,62.693000000001575,-49.58499999999901,6.439999999997781,3.8610000000005584,-2.410999999995056,12.590000000000146,-0.8230000000000182,-7.187999999999306
162.1910000000014,6.140000000002033,141.73600000001443,151.32699999999772,39.98899999999992,151.79399999999532,141.35100000000307,-22.30199999999911,93.12700000000405,75.0550000000004,-105.71299999999724,28.040000000009968,108.3759999999998,-28.26700000000244,22.13099999999031,-225.96200000000016,-316.72999999999547,-59.39300000000003,-87.17800000000011,-851.2760000000014,3.808000000003631,80.91000000000008,-30.33399999999986,85.87600000000748,106.49399999999788,-32.72000000000048,50.024999999993724,116.86700000001338,-25.142999999999827,49.26799999999503,24.450999999999112,-25.3690000000006,-18.31100000000561,-19.18799999999976,-10.916999999999888,35.63199999999824,32.49299999999948,-26.28700000000066,-21.86300000000756,31.27099999999814,0.8499999999997954,-10.418000000004213,-29.189999999999827,42.12299999999942,-44.958999999994376,-36.94499999999721,25.620000000000687,-38.21800000000053,-148.20500000000152,56.19199999999864,-58.12999999999988,-129.47700000000282,58.667000000002645,-70.71899999999971,-24.06300000000101,27.55999999999972,-0.7979999999996323,-4.22800000000052,2.8400000000004866,-4.912999999999101,12.753000000000014,-1.350999999999658,4.836999999997715,2.8099999999994907,-14.215000000000089,-0.1890000000003056,25.470999999999933,7.176000000000116,-7.835000000000036,7.781999999999556,3.6570000000004654,0.5929999999999325,14.352999999999838,-1.743999999999346,-27.260000000000417,-0.671999999997297,14.32100000000034,-38.51300000000606,-99.07499999999914,60.72099999999807,-50.88000000000079,-1.5780000000006569,-5.366000000000071,-0.1160000000083982,11.187999999999931,1.719000000000026,-4.987000000001274
170.7619999999963,12.188999999997918,135.63199999998687,141.33299999999736,40.53900000000112,152.90500000000975,145.7349999999991,-27.23699999999951,95.67899999999554,76.84399999999982,-73.51700000000392,21.44799999998668,112.46399999999994,-17.52400000000023,18.212999999991556,-180.058,-351.07700000000364,-76.50800000000118,-93.10000000000116,-719.0060000000017,-2.893000000005941,138.15999999999917,-44.59899999999948,84.41199999999753,107.47000000000072,-37.45300000000071,65.7289999999989,117.10499999999796,-31.53200000000016,61.07700000000023,23.04399999999873,-27.9839999999993,-20.830999999998312,113.74599999999973,-11.312999999999818,-65.20400000000564,40.02100000000155,-29.98599999999953,-19.27499999999327,23.80700000000502,-1.682999999999879,-19.940999999994347,-18.894000000000236,5.844000000000449,-41.26300000000356,-30.51200000000449,32.82299999999907,-43.51500000000215,-81.83900000000222,-22.847999999999047,-8.977999999999042,-131.2309999999968,49.00200000000154,-78.31199999999967,-22.17099999999732,27.99699999999916,4.173999999999722,-12.84299999999945,5.377999999998906,11.444000000005872,-23.19299999999984,-29.457000000000026,-22.335999999995693,0.2170000000006666,-3.658000000000072,7.470999999998185,6.253000000000242,-2.41800000000012,5.58900000000051,3.806999999999761,-1.85600000000008,5.465000000000231,7.322000000000628,1.8810000000001992,-15.990999999999644,-23.16000000000145,32.53299999999939,-28.451999999998637,-95.90499999999906,60.609999999999786,-60.77200000000005,-2.711999999999648,-10.516000000000504,-2.425999999996975,9.709000000000856,2.802000000000016,-3.860999999999137
176.391000000001,11.075999999999908,128.3690000000206,154.8280000000034,42.21200000000067,148.48700000000008,148.1030000000004,-33.46899999999948,94.1280000000006,77.87399999999991,-73.1899999999996,0.415000000020882,115.29900000000026,-14.095000000000368,12.110000000006949,-120.44499999999978,-302.2919999999999,-75.70200000000114,-61.32800000000032,-637.0819999999981,-25.88499999999385,38.75500000000045,-44.158000000000186,115.94199999999546,119.6109999999976,-40.36699999999911,70.96500000000106,118.76199999999812,-38.18199999999994,74.35299999999643,23.083000000002585,-29.68899999999905,-24.267999999995027,13.398999999999717,-25.39799999999985,23.89500000000453,46.11400000000003,-32.04599999999971,-20.25100000000748,8.806999999995924,-3.746999999999901,-23.248000000012325,-14.797999999996136,-18.162000000000237,-33.84000000000356,-59.33200000000056,19.989000000001056,-58.873999999997295,-165.24400000000128,57.52200000000016,-71.46499999999776,-145.53900000000226,54.48000000000093,-76.81200000000104,-26.84899999999857,29.38400000000172,-1.630999999999716,-5.3110000000003765,-21.868999999998096,7.245000000000346,-3.796000000000532,-22.825000000000276,2.075999999999567,-2.479000000001008,-15.45899999999989,2.996999999999161,-12.400000000000231,-12.45200000000004,3.674999999999784,6.076000000000192,3.593999999999653,1.7299999999991655,3.678999999999633,-0.238000000001648,-12.46100000000041,-14.11099999999692,177.43800000000007,-41.20499999999083,-111.0810000000015,47.48600000000067,-63.42699999999866,-5.1690000000007785,-14.05199999999951,0.8150000000000546,5.407999999999902,-3.5290000000000266,-1.1020000000002028
180.8960000000013,12.077999999999632,133.8749999999891,162.66200000000026,45.64499999999896,145.63000000000557,155.66900000000032,-36.3490000000013,97.90100000000166,78.9989999999996,-51.27899999999954,3.3079999999927168,110.78600000000024,-21.03699999999833,2.9899999999997817,-86.95699999999995,-351.38900000000035,-93.6399999999935,-31.766999999999257,-540.9969999999987,-47.52199999999221,155.4699999999997,-60.11400000000009,96.521000000007,120.98700000000235,-48.362000000000194,78.08200000000625,120.96599999999852,-50.03399999999996,79.57200000000739,21.924000000001342,-31.72800000000109,-28.253000000006523,12.91399999999996,-41.046999999999656,21.160999999995056,51.52400000000057,-39.10400000000181,-25.32999999998537,-4.253999999997404,-5.4249999999996135,-32.34199999999419,-35.898000000003094,8.037999999999812,-54.0649999999971,-58.86799999999539,28.519000000000005,-53.63800000000083,-88.2569999999987,-4.565000000002328,-18.498000000002435,-130.2030000000002,35.12799999999743,-101.64000000000044,-25.946000000004688,29.946999999998525,2.132999999999896,-2.777999999999281,-56.171000000001925,30.028999999990447,-3.63399999999956,-18.237999999999843,-0.7050000000049295,-0.9290000000007126,-9.503999999999737,6.099999999997863,2.07499999999996,0.9350000000001302,1.8659999999997008,1.578999999999553,-0.9439999999997896,-0.9809999999994544,-1.492999999999256,3.566000000000713,-3.2939999999996417,-44.8030000000017,27.617000000000047,-39.94700000001217,-117.17499999999744,52.012999999999465,-65.25800000000004,-5.709999999999127,-15.758000000000294,2.258000000000493,-0.9709999999998332,1.2909999999999755,-2.486000000000388
189.2179999999996,12.466000000000577,127.33099999998105,151.90699999999993,40.9780000000012,139.92899999998372,161.25199999999893,-38.94099999999696,96.71599999999216,84.42400000000063,-45.19599999999855,3.1860000000051514,130.46799999999905,-2.262999999999238,1.7219999999952051,-17.498000000000147,-300.403,-80.95700000000079,-0.0519999999994524,-447.2139999999968,-62.34100000000353,57.13800000000049,-52.890000000000015,126.96499999997286,129.66299999999933,-51.667000000000485,88.77599999999575,128.64900000000148,-51.90600000000005,86.19399999998905,17.43799999999851,-32.654999999999745,-38.76900000000205,14.909000000000106,-53.16500000000062,20.641999999998006,64.24399999999935,-31.462999999997976,-20.31200000001263,-7.137999999997646,-12.297000000000937,-36.701000000005024,-48.92899999999827,9.18100000000024,-60.85899999999924,-70.3830000000039,19.744000000000028,-63.98899999999799,-172.6130000000012,83.73100000000022,-79.12400000000162,-144.408999999996,33.91200000000367,-101.63699999999947,-23.95399999999768,41.38200000000154,6.548999999999694,-1.599000000000217,-7.905999999999835,-20.513999999991483,-60.731000000000535,-64.236,45.40700000000015,-3.917999999998756,-19.002000000000407,5.911000000003241,2.2680000000001144,-7.154999999999845,0.1379999999997494,3.4820000000003404,-1.0350000000002524,0.5169999999999675,-8.377000000000123,1.2100000000003774,5.971999999999866,-69.01500000000169,20.588999999999658,-20.38000000000011,-117.15700000000312,42.52500000000055,-73.36400000000083,-7.033999999998741,-18.43700000000013,0.2499999999997726,0.5679999999998131,-4.333999999999971,3.031000000000006
189.01099999999929,19.745000000000346,134.77800000002844,202.2739999999999,50.86299999999824,145.41000000001532,165.23699999999906,-39.65700000000254,101.5139999999974,89.67599999999933,-39.27300000000287,5.748999999991611,128.2430000000005,-19.992000000002008,11.633000000006176,4.895000000000138,-362.7160000000004,-93.44499999999698,29.507999999998447,-365.77800000000593,-82.72700000001123,165.8159999999981,-75.96899999999991,101.3800000000174,133.8259999999991,-61.67200000000008,90.05700000000161,132.85900000000197,-57.13699999999999,92.608000000007,20.323999999999387,-40.44099999999986,-47.16199999999162,18.375999999999948,-51.99500000000015,19.83100000001059,66.58799999999871,-34.211000000000524,-27.00199999999313,-22.009000000002743,-13.316999999999268,-44.37199999999848,-74.83500000000163,47.76600000000002,-83.88899999999921,-165.75300000000084,-70.71600000000018,-25.363000000004376,-133.07799999999474,21.666999999996506,-62.06699999999898,-149.15200000000368,28.334999999998445,-108.10699999999828,-23.27200000000289,48.20499999999868,11.071000000000453,-13.80100000000084,-41.57599999999917,2.6979999999980464,-7.998999999999512,-34.43100000000001,-2.92999999999779,-15.764000000000069,40.502999999999645,24.146000000001777,-0.5760000000002208,-2.8050000000000352,0.0140000000001805,2.190999999999832,0.2810000000003754,-1.1009999999998854,-8.711000000000979,5.692999999999415,0.3549999999997055,-92.63599999999884,-137.07799999999963,-44.1190000000006,-126.61099999999692,37.90600000000097,-75.73700000000088,-5.982000000000198,-17.705000000000126,1.7729999999971824,1.8810000000001992,3.133000000000008,0.3200000000006753
201.06499999999983,20.75800000000072,130.6769999999915,215.55099999999925,56.64900000000159,148.47399999998743,168.1600000000003,-38.67399999999748,104.8819999999978,106.38500000000091,-38.68999999999687,10.46200000000681,135.43499999999966,-27.34199999999873,0.2930000000105792,51.86499999999974,-309.06099999999697,-67.61999999999944,53.90300000000252,-294.2289999999957,-88.39699999998629,117.02300000000037,-72.20100000000045,115.13700000000426,137.411000000003,-65.45799999999957,94.56199999999626,138.15000000000168,-63.578000000000046,93.41499999999314,17.486999999999853,-39.20300000000054,-52.8440000000046,18.20499999999967,-53.67899999999963,18.88399999999137,69.83199999999954,-37.39099999999951,-30.700999999999112,-23.300999999997885,-18.26599999999985,-49.76899999999205,-58.78900000000158,-5.243999999999716,-74.01200000000472,-72.19199999999546,30.301000000000045,-60.36699999999655,-141.51300000000333,6.617000000005646,-68.93799999999999,-153.92100000000255,23.50799999999822,-118.72000000000185,-44.87999999999488,43.6569999999989,0.6419999999998538,-13.607999999999263,-67.42200000000054,-5.999999999994543,36.087999999999454,-12.106999999999957,-32.062000000001944,-5.451999999999657,-31.985999999999137,3.868999999997413,15.024999999999975,1.0349999999998971,-8.522000000000673,1.5080000000004643,-3.216000000000463,-0.5490000000001771,-9.411999999998956,3.57800000000168,4.82900000000015,-25.80899999999815,176.9659999999998,-66.53199999999515,-135.17800000000193,39.08999999999878,-83.71699999999862,-5.257000000000289,-24.937999999999505,0.6200000000035288,-4.869000000000767,-0.8940000000000392,-3.2930000000007453
215.14300000000048,25.686999999999216,131.16399999998976,206.47600000000352,63.97699999999986,147.05799999999272,177.3510000000016,-45.93600000000322,111.6950000000088,123.1109999999994,-39.15099999999825,18.627999999989697,135.86099999999988,-36.45800000000179,-11.536000000000968,63.43600000000009,-378.5979999999995,-71.57600000000457,90.200999999999,-251.44999999999985,-100.70800000000872,68.16699999999969,-63.22399999999959,127.8189999999995,138.3389999999963,-76.9599999999997,90.88100000000168,143.83499999999572,-70.43599999999994,91.3819999999987,16.15600000000086,-39.98500000000007,-58.862999999996646,19.01200000000003,-61.3430000000001,18.50600000000213,80.71900000000198,-44.34100000000001,-31.078999999999724,-37.92100000000005,-26.516000000000872,-59.807999999998174,-55.71899999999914,-17.592000000000496,-75.74999999999932,-91.78800000000253,21.47199999999998,-77.82300000000077,-154.1659999999979,22.43599999999901,-74.42099999999812,-184.8419999999976,-1.7670000000009622,-112.10800000000064,-23.886000000004515,51.38000000000034,11.816999999999922,-12.157999999999449,-28.24799999999996,10.528999999985444,-7.839999999999492,-49.11899999999996,1.4130000000022849,-7.106000000000279,-31.807000000000585,0.8150000000000546,2.241000000000426,-8.219000000000065,-0.2979999999993765,4.010000000000247,-0.2359999999995921,-1.256000000000057,-13.486000000000333,0.9879999999981236,-0.905999999999807,-79.28200000000061,15.72400000000016,-66.61000000000286,-139.4679999999994,30.761000000001104,-84.96000000000095,-25.663000000000125,-41.81799999999996,-0.4390000000000782,4.864000000000601,-5.822999999999956,-0.9979999999998768
226.0469999999998,30.082000000001585,136.82900000001155,218.99999999999977,71.3499999999982,152.97900000002755,183.42600000000004,-53.18599999999947,111.14500000001044,143.48600000000005,-38.97100000000364,38.52500000000418,162.4050000000011,-47.736000000000445,19.75099999999657,76.8699999999999,-275.936999999999,-24.45699999999533,77.15000000000032,-195.52600000000095,-89.26999999999907,121.05999999999996,-71.02199999999996,116.93199999999706,140.2750000000026,-81.7530000000005,94.21999999999572,159.92100000000278,-76.37,81.48200000000543,15.606999999999973,-43.04400000000044,-63.19500000000744,21.785000000000565,-72.54599999999982,21.75899999999729,79.2509999999993,-44.639000000000806,-39.55100000000584,-55.53300000000263,-29.098999999999364,-69.50100000000248,-78.97899999999822,-0.8729999999999905,-89.15399999999636,-95.88899999999968,10.522999999999172,-82.06199999999626,-152.32500000000186,13.134999999999764,-81.66800000000194,-162.58599999999888,16.489000000001397,-132.135999999997,17.32499999999959,57.52800000000207,39.91100000000003,-18.82700000000028,-54.47799999999958,-0.670999999988453,-4.796000000000333,-59.54700000000024,-4.9309999999991305,-3.807000000000471,-98.1030000000004,-11.69399999999996,1.66499999999985,-9.097999999999828,-0.8809999999996876,2.9329999999994527,-2.557000000000187,-3.366999999999365,-12.396999999999991,6.561000000002082,1.843000000000217,-88.54999999999791,-16.636000000000095,-59.14300000000026,-135.2269999999976,22.79100000000085,-103.92399999999782,-8.30400000000111,-33.60200000000013,-0.6049999999959255,1.7910000000000537,-0.6700000000000372,-4.667999999999495
225.43300000000383,33.78899999999874,155.27299999998831,207.6689999999985,76.85800000000143,155.07799999998042,190.33099999999763,-49.29400000000044,121.12999999999374,167.64500000000027,-43.91799999999648,56.348000000002685,164.7759999999991,-62.62999999999863,10.180999999988671,70.21700000000024,-338.4240000000034,-20.96000000000231,89.20200000000023,-199.00499999999963,-94.06199999999671,128.12900000000127,-71.32199999999997,113.8300000000072,139.60199999999645,-88.76400000000046,95.0870000000009,170.2920000000006,-80.835,77.28799999999865,14.39799999999991,-46.53299999999945,-65.79600000000028,21.922,-68.86500000000026,18.23100000000295,79.9350000000004,-52.13699999999904,-39.41600000000562,-53.49699999999871,-33.56500000000011,-67.76099999999587,-98.88900000000262,21.811999999999895,-106.50700000000484,-99.75299999999834,3.8539999999997576,-81.85700000000224,-154.2509999999993,11.428999999998268,-86.58599999999979,-160.0729999999999,17.13500000000181,-143.1759999999997,-34.566999999998416,49.82299999999782,8.0600000000004,-16.646000000000072,-62.13499999999996,2.5019999999926767,-6.155999999999295,-61.31299999999946,-3.958000000000084,-5.38699999999892,-35.94399999999922,-0.1010000000007949,5.345000000000155,-8.549999999999969,-4.717000000000837,4.569000000000045,-0.0909999999997523,-1.0180000000005407,-9.116000000000213,2.709999999999013,-0.9660000000003776,-97.18900000000303,-8.85700000000007,-69.37599999999975,-143.50600000000213,26.850999999999203,-98.6910000000023,-6.6189999999977545,-40.441000000000216,1.4529999999922438,6.7149999999998045,0.1230000000000064,-5.270000000000152
244.960999999995,35.183000000000675,152.63700000000426,247.76999999999703,92.10799999999892,167.45599999999286,198.29699999999943,-60.672999999997046,126.78200000000288,187.9010000000001,-48.83100000000127,71.3249999999789,176.8010000000004,-76.06899999999825,13.513000000011743,49.63899999999981,-233.68299999999635,38.98399999999356,80.25700000000029,-208.6640000000045,-61.053000000003976,126.8889999999999,-64.0660000000004,112.25600000000212,147.94300000000362,-95.49599999999998,92.0470000000023,182.7539999999999,-92.209,71.4240000000018,15.85099999999784,-55.70400000000007,-61.72499999998991,16.602999999999923,-69.80399999999989,17.27300000000014,81.74999999999955,-61.17100000000022,-44.3119999999908,-59.84200000000328,-35.15200000000078,-75.32900000001064,-79.04699999999707,-43.24499999999958,-84.47799999999575,-105.63700000000154,-0.7570000000001187,-87.49700000000189,-155.57900000000018,1.2389999999982138,-81.23199999999997,-163.20200000000114,9.2679999999973,-142.74000000000058,-36.16000000000099,49.32000000000016,11.200999999999794,-22.09399999999988,-79.48200000000014,-5.749999999989086,7.763999999999527,-62.32800000000047,-17.576000000002523,-5.043000000000575,-48.072000000000514,-0.9700000000009368,4.730999999999597,-8.793000000000006,-1.6030000000000657,3.6239999999999375,0.0329999999998165,-1.4110000000002287,-11.315999999999349,6.391999999999598,-0.8130000000001303,-104.59299999999983,-23.67699999999964,-70.07399999999961,-140.18800000000056,19.773999999998185,-106.38899999999865,-2.2890000000018063,-34.90399999999987,-1.7029999999920165,8.53000000000037,1.7280000000000406,-3.7930000000002906
258.76499999999965,38.98299999999893,165.33199999998942,289.9500000000046,101.8889999999999,181.95800000000872,204.8230000000018,-63.80800000000022,132.11699999999382,197.95799999999983,-52.70100000000184,95.154000000025,188.0269999999996,-99.73500000000116,22.32699999999568,32.19300000000018,-216.49100000000203,61.43100000000459,65.64999999999941,-230.462,-12.2859999999946,176.5829999999994,-72.42899999999963,97.2530000000006,152.11199999999965,-103.27099999999945,95.52600000000666,191.21700000000035,-94.193,64.55700000000206,17.797000000001617,-47.01199999999943,-59.97900000000982,23.26400000000035,-71.86200000000014,14.844000000005051,70.77799999999854,-71.44300000000072,-46.984999999995125,-66.40899999999874,-39.04799999999966,-73.52300000000014,-118.13700000000154,24.582000000000196,-109.3909999999994,-113.59499999999798,-186.10299999999995,-59.869000000003325,-161.57800000000293,5.081000000001268,-95.53699999999878,-160.54100000000062,5.1400000000001,-146.52300000000196,-36.16700000000037,51.20799999999974,9.942999999999811,-18.25900000000047,-43.936000000000064,4.724999999996271,-0.6149999999998101,-61.38799999999982,-2.843999999998914,-14.660999999999548,24.755000000000397,24.902000000003,6.370000000000076,-2.033000000000129,-0.43099999999896,4.256000000000171,-0.2520000000004074,-0.7649999999998158,-6.043000000001086,4.288999999999987,-8.354999999999535,-111.49300000000152,-37.63700000000014,-63.70600000000195,-151.97200000000066,17.54099999999994,-110.34400000000062,18.182000000001608,-37.31000000000009,2.566999999993413,6.872999999998797,-0.3860000000000418,-6.394000000000233
267.6330000000064,39.5920000000018,175.28100000001814,288.2359999999949,119.64499999999988,188.2319999999936,214.9959999999993,-67.10099999999954,141.61400000000413,209.74700000000013,-63.97099999999796,114.02599999998984,194.1270000000003,-116.4909999999992,22.86300000000665,22.82200000000003,-153.52199999999812,96.74700000000485,55.75199999999825,-252.6399999999967,37.94500000000198,88.56499999999983,-57.924000000000575,121.85099999999238,156.85399999999845,-106.91699999999996,98.85299999999688,208.16999999999555,-104.55,59.94199999998955,29.379999999997608,-89.59600000000023,-57.73399999999356,19.74699999999956,-66.44799999999975,13.360000000000127,71.12000000000194,-78.56900000000024,-49.4019999999864,-64.1210000000001,-45.00400000000013,-67.22499999999627,-88.37899999999763,-68.7260000000002,-86.69100000000185,-123.83800000000063,176.75300000000078,-113.9189999999985,-120.14799999999468,-38.66600000000062,-65.67200000000071,-162.98199999999952,5.108000000001312,-153.45399999999927,-39.605000000000246,54.00700000000143,9.362000000000137,-8.746999999999616,-67.6409999999997,-2.4779999999964275,2.611999999999881,-61.70599999999986,-8.850000000001046,-0.5030000000004975,-46.30499999999955,-0.1530000000002473,4.203000000000046,-10.264000000000095,-1.2180000000000746,6.128999999999962,3.002000000000038,0.5490000000001771,-4.144999999999754,3.1790000000000878,-8.949000000000495,-116.60999999999716,-6.318999999999875,-73.57499999999959,-148.1110000000001,15.68900000000042,-112.59900000000016,-0.2010000000012723,-45.57399999999987,-0.8150000000000546,9.67200000000048,-2.685999999999966,-4.173000000000116
284.03299999999945,44.705999999999335,186.23000000000047,305.1270000000045,133.11600000000112,202.5759999999991,218.3050000000009,-85.51000000000215,155.06599999998798,216.8499999999998,-62.1340000000032,140.47900000000482,201.93799999999985,-119.86000000000132,29.46799999999712,-8.489000000000146,-165.90000000000487,121.08199999998988,61.73600000000192,-267.3630000000003,74.85399999999345,176.72600000000216,-69.04799999999938,107.72699999999986,169.38200000000165,-109.2339999999993,97.42400000000087,221.481,-111.856,51.83700000001181,29.6320000000037,-84.25900000000013,-48.67500000000291,16.955999999999705,-64.98300000000015,14.283000000000357,63.43000000000245,-89.87899999999911,-52.39200000000892,-64.41599999999994,-59.12999999999897,-65.80799999999272,-131.20099999999866,7.635999999999399,-98.84000000000128,-103.8819999999987,50.11599999999987,-208.2400000000007,-168.30100000000243,31.85100000000034,-104.69699999999877,-165.55799999999863,5.315999999999121,-160.81099999999822,-46.90299999999752,58.205999999998426,13.232999999999606,-8.102999999999838,-65.30999999999949,-2.0020000000045,31.04499999999959,-45.58100000000032,-23.90699999999697,-4.567999999999017,-43.95000000000096,1.4200000000016644,7.508999999999943,-4.686999999999841,-0.6129999999998859,4.180999999999813,1.0080000000002087,-2.0839999999999748,-1.806999999999448,2.702999999999633,-8.963999999999572,-104.55400000000168,-43.86800000000051,-64.29699999999912,-157.22600000000284,12.584000000001083,-115.20199999999932,1.471999999998275,-45.85599999999985,0.5580000000065866,3.9190000000004943,-3.2910000000000217,-4.035999999999262
297.172999999998,40.37500000000023,198.4860000000026,329.79100000000017,149.54500000000053,219.0310000000181,224.1250000000008,-94.69099999999742,166.3200000000188,218.03300000000013,-92.39499999999909,150.68300000000363,204.97900000000016,-136.93999999999988,37.281000000007225,13.599999999999923,-110.05499999999984,149.87200000000485,85.33099999999934,-275.13700000000085,77.82600000000457,138.52299999999786,-61.36900000000054,125.06100000000517,181.73800000000145,-113.79200000000084,101.59300000000258,243.1550000000016,-121.63200000000003,54.351999999994405,39.899000000002616,-92.1679999999995,-45.929000000001,14.18600000000012,-62.4210000000005,14.281999999991513,59.51099999999769,-92.607000000001,-50.59799999999086,-53.922000000000025,-72.80999999999977,-56.58500000000686,-99.29500000000075,-72.89599999999936,-87.62199999999893,-139.4770000000051,-18.307000000000077,-87.90899999999624,-166.50099999999952,-36.51399999999967,-97.01100000000054,-171.14900000000262,9.345000000001846,-167.64700000000232,-54.229999999989786,59.635000000000105,6.233000000000288,-1.6440000000002897,-57.59000000000043,-2.252999999996064,5.194000000000187,-51.01799999999983,-5.475000000001273,10.698999999998192,-151.65599999999984,-41.529000000002725,5.578000000000216,-5.594999999999928,-0.1400000000003842,1.413000000000153,-3.692999999999813,-0.0999999999997669,-5.255999999999972,3.713000000001898,1.3439999999995678,-146.5970000000027,-24.219999999999686,-57.64499999999657,-164.21799999999962,21.415999999999254,-121.03500000000054,-44.05299999999954,-91.43800000000012,-13.650000000006912,4.693000000000325,-2.2339999999999804,-5.334000000000572
311.90300000000093,46.653999999998064,219.8120000000017,351.14999999999554,164.75499999999954,239.03799999998228,231.86099999999783,-110.54900000000316,179.6389999999974,223.91699999999975,-97.1619999999973,175.21999999999025,211.6070000000008,-147.5279999999998,44.74999999999909,-8.955999999999875,-101.37699999999654,177.89299999999457,119.26599999999894,-267.0889999999986,81.87800000000607,134.69400000000178,-68.45399999999984,137.40199999999732,195.60299999999984,-117.74699999999996,97.69299999999248,259.9490000000003,-125.76899999999998,52.4970000000053,44.567999999998165,-99.44600000000035,-42.5899999999956,16.54100000000014,-54.48099999999911,14.142000000003918,49.1109999999992,-104.37599999999918,-48.57200000001285,-53.97899999999822,-88.04000000000087,-48.77400000000307,-114.75200000000429,-54.09500000000023,-89.19399999999769,-141.65699999999788,-18.058999999999514,-97.45800000000033,-228.57400000000325,82.71199999999794,-150.1020000000011,-189.0929999999969,16.124999999999545,-172.53999999999792,-60.946000000012646,57.41399999999999,1.839999999999975,4.720999999999265,-56.10399999999984,-0.4270000000019536,4.250000000000398,-50.22900000000021,-4.288000000002512,10.653000000000644,41.59599999999983,35.390999999998485,2.409000000000105,-3.509999999999991,-2.535000000000309,3.985999999999734,1.4249999999996987,-1.5140000000002374,-4.686000000000945,2.3889999999994416,-0.4459999999994579,-127.1669999999972,-41.87500000000029,-54.30599999999686,-178.54999999999563,23.629999999999995,-130.70900000000165,4.009999999999536,-48.918000000000106,-3.710999999998421,2.452999999999861,0.8169999999999789,-3.7390000000002033
330.7209999999998,44.16999999999973,232.04399999999623,381.5010000000029,185.82199999999887,258.11700000001565,235.04600000000264,-125.10000000000048,191.80899999998928,224.12600000000003,-112.70100000000411,194.8970000000145,196.25299999999868,-157.09700000000026,23.48700000000008,23.63700000000009,-72.81500000000278,206.7010000000096,168.84200000000078,-262.7420000000001,87.5489999999786,99.94199999999864,-66.27299999999998,157.05599999998867,213.28399999999877,-124.5909999999995,102.22800000000234,278.7529999999947,-138.511,47.911999999996624,51.92899999999554,-105.38999999999989,-38.495000000000346,20.46100000000024,-48.48200000000063,14.751999999998588,44.88000000000056,-109.08900000000015,-49.13400000000365,-17.486999999999853,-62.45100000000008,-45.56199999999535,-122.52199999999787,-61.04599999999962,-91.34800000000496,-146.50199999999813,-28.19100000000105,-94.84199999999989,-198.33999999999605,-0.3209999999910451,-120.31699999999717,-202.11500000000345,30.511999999998807,-183.2250000000016,-66.44599999999627,50.94899999999996,-1.251999999999498,11.77899999999994,-59.00800000000075,-1.6480000000001382,3.3109999999993533,-42.50599999999984,-7.729999999997972,-0.0500000000002387,70.83900000000085,39.10000000000196,-14.894000000000318,-14.370999999999867,6.329000000000917,-0.4620000000002733,-0.8949999999998681,-1.2940000000000396,-5.29200000000003,2.181999999999107,1.1719999999996844,-145.8190000000002,-44.62599999999952,-34.9360000000047,-185.3079999999977,31.40199999999993,-135.714999999999,3.099000000003116,-50.68799999999989,-3.043000000002394,3.588999999999487,-5.105000000000004,0.4480000000000927
347.1650000000011,38.68800000000192,251.8190000000004,402.89000000000215,196.3590000000039,280.07900000000063,247.0519999999993,-170.70099999999684,205.9690000000046,232.55599999999995,-120.89599999999336,209.5589999999902,212.56699999999995,-179.60199999999986,63.3049999999912,77.56899999999973,-43.83799999999951,220.41699999999764,201.41399999999976,-282.19799999999964,101.22100000002092,176.21800000000007,-75.29599999999981,146.43600000001695,232.0159999999987,-139.84900000000096,107.72699999999986,299.3260000000077,-141.99200000000002,51.2450000000058,57.6660000000004,-111.7840000000001,-32.41600000000062,21.643999999999863,-41.28299999999996,16.937000000007174,39.89300000000071,-116.5459999999996,-44.42100000001119,-33.7030000000027,-92.8520000000006,-48.16299999999956,-113.28100000000065,-79.21400000000034,-80.81399999999803,-144.6169999999995,-26.02899999999977,-84.98000000000161,-213.11600000000223,38.07999999999652,-123.5790000000037,-218.20299999999972,37.86000000000058,-196.80299999999988,-76.34599999999523,47.76600000000144,-1.1549999999999727,10.017000000000564,-59.38799999999915,0.2319999999940591,-3.717999999999933,-43.98400000000002,-2.569999999997208,-2.1349999999998204,-36.31600000000077,3.6710000000027776,1.4220000000001676,-0.1490000000003988,-1.7520000000004643,2.536000000000626,0.9639999999997428,-1.2160000000001503,-7.303999999999178,5.376000000001113,4.84999999999971,-109.366,-51.46300000000039,-61.36500000000069,-193.0180000000064,44.10699999999963,-142.3739999999981,-0.390000000001578,-52.67800000000023,-2.3279999999999745,13.044000000000722,-1.950999999999992,-7.889000000000124
363.5619999999932,30.43099999999868,270.72699999998804,438.66199999999367,215.5329999999964,305.4439999999886,247.6849999999999,-159.0880000000027,225.98900000000413,239.6080000000001,-133.9990000000057,220.7149999999956,218.08500000000208,-180.9759999999997,64.0139999999974,95.65100000000017,-65.83599999999592,236.6329999999948,241.5469999999999,-293.7480000000022,113.27499999999873,96.73799999999916,-68.47200000000022,173.1199999999717,243.79299999999944,-149.17599999999993,108.77100000000156,316.9620000000009,-150.86000000000004,52.61899999999287,37.88400000000252,-138.2249999999999,-36.2730000000056,19.419999999999504,-36.39699999999948,21.69799999999213,34.95599999999968,-120.07599999999884,-46.20399999998881,-23.27599999999848,-106.4629999999994,-43.065999999998894,-114.63299999999776,-90.40099999999995,-82.03399999999874,-139.44700000000125,-38.13200000000023,-91.40899999999874,-224.2009999999993,22.540999999995392,-136.43099999999606,-239.72799999999663,52.74000000000001,-205.42800000000057,-79.8430000000053,50.587999999999056,-4.049000000000547,12.83200000000022,-56.977000000000544,0.372000000004391,-0.544999999999618,-46.3239999999999,-3.238000000004604,4.442000000000235,-39.92199999999997,0.1829999999984011,16.77199999999992,3.073000000000192,-5.644999999999811,1.7659999999999343,-1.706999999999681,0.0039999999998485,-3.8719999999997863,0.4209999999972069,1.462000000000785,-119.18000000000006,-44.12499999999966,-43.99999999999977,-209.13699999999835,54.97500000000173,-150.59300000000064,-0.048000000001025,-50.86499999999994,0.2710000000035961,-0.0440000000011764,-5.514999999999981,-1.6509999999996694
377.8840000000059,30.548000000001707,286.54800000001615,457.6450000000023,225.11300000000176,326.4649999999847,251.66499999999985,-165.94499999999923,225.44000000000324,249.93599999999992,-138.3519999999976,237.91499999999812,224.95099999999863,-188.9880000000005,72.73000000000138,144.9839999999998,-65.26200000000131,233.76500000000533,298.227,-299.973,127.83199999998942,172.13000000000136,-80.6639999999998,161.12000000002809,256.9059999999979,-159.52699999999993,116.66199999999662,338.91899999998714,-160.30299999999986,60.24100000000772,85.46800000000303,-90.42900000000031,-20.911000000000968,17.139000000000237,-37.172999999999945,21.27100000000155,31.708000000000425,-120.08300000000104,-49.4380000000092,-4.883000000000948,-117.33800000000016,-40.49100000000863,-123.46499999999878,-79.2509999999993,-84.50700000000211,-143.7810000000013,-47.512999999999295,-88.5469999999998,-242.27599999999825,11.206000000004224,-143.61700000000326,-255.37700000000427,67.89600000000178,-219.15099999999936,-87.62500000000273,52.95700000000068,-7.139999999999702,9.484999999999388,-50.4640000000002,2.3079999999936263,-1.389000000000351,-47.82500000000027,-2.12099999999964,-1.1369999999999436,-29.39699999999874,10.47399999999925,0.1490000000000435,-5.264999999999986,-0.1490000000003988,-1.4880000000005111,0.2729999999999677,-2.389999999999759,-2.4210000000010723,2.2140000000007376,2.787999999999613,-99.33500000000208,-88.91900000000064,-47.44299999999839,-212.54299999999944,61.47100000000023,-160.1550000000003,2.093000000002121,-50.04500000000007,-6.389999999998963,-16.181999999999164,-4.702999999999991,2.2339999999999804
394.70199999999807,26.389999999997823,307.3609999999917,487.9059999999981,232.4999999999989,345.64200000002074,253.6379999999994,-184.14300000000023,236.68199999999612,264.6790000000001,-126.74200000000155,238.95300000001495,226.4080000000007,-213.2139999999993,77.8440000000046,182.90700000000012,-110.6010000000026,225.2920000000017,330.77100000000144,-298.38299999999833,141.98000000000093,139.9270000000001,-77.64900000000026,181.7139999999881,264.6060000000034,-174.6339999999989,123.43200000000252,355.5600000000084,-167.26500000000007,63.48899999999276,58.96299999999428,-118.23900000000052,-23.61399999999776,10.371000000000665,-24.07000000000039,27.557000000001608,23.702999999997587,-126.05800000000043,-45.53200000000288,-4.989000000000488,-127.58599999999944,-42.60299999999688,-89.58200000000147,-165.94300000000075,-60.14999999999873,-126.73899999999776,-47.30899999999991,-80.40100000000052,-210.70500000000152,14.40099999999802,-135.2459999999979,-265.6279999999981,74.606,-228.54499999999973,-103.21700000000078,53.27399999999898,-22.17000000000056,5.8400000000006,-33.142999999999745,4.32700000000068,-4.898000000000025,-36.774999999999736,-7.8329999999994016,1.318000000000552,-133.55000000000032,-27.694999999999936,-12.871999999999773,-10.771000000000086,4.192999999999358,3.4520000000007656,0.057000000000329,-0.379000000000218,-4.830999999998653,2.423000000001707,1.8170000000004904,-136.2359999999967,-27.73799999999937,-19.680999999997084,-220.09199999999964,75.92199999999991,-164.45599999999845,-2.1040000000027703,-53.67499999999978,-1.0800000000017462,18.73600000000124,-0.4650000000000265,-6.537000000000148
409.7320000000025,15.194999999999936,319.5310000000063,514.1970000000015,238.9240000000001,368.79899999999,232.99999999999983,-203.2810000000012,231.61599999998543,287.54299999999995,-166.13800000000083,245.60500000000047,238.75799999999856,-218.58600000000047,90.7839999999851,263.677,-90.32299999999508,229.52299999999468,367.07700000000045,-281.98200000000213,146.36199999999917,115.73799999999892,-84.83699999999992,197.8149999999914,277.52699999999777,-185.56099999999984,134.4600000000014,377.4630000000002,-174.282,73.52900000000773,40.53900000000112,-146.37799999999928,-28.26000000000022,12.514999999999787,-25.72399999999959,25.018999999997504,22.687000000001944,-124.62400000000002,-49.04799999999341,14.638999999999667,-139.7890000000004,-36.71899999999368,-61.95900000000165,-236.29300000000055,-47.998000000001184,-125.81649999999628,-68.67000000000019,-88.78050000000144,-302.731,45.51099999999906,-192.87300000000016,-275.94700000000216,94.135,-257.5940000000003,-77.45699999999829,60.81400000000201,5.631000000000341,15.877000000000407,-62.727999999999895,-3.003000000001066,-1.162000000000063,-43.45700000000008,-6.583000000000538,4.1569999999993,-25.92700000000079,8.069000000000415,2.5229999999996977,-8.059000000000083,-0.1189999999994029,-1.2560000000007676,-2.593000000000245,-1.735000000000042,-0.4950000000008003,-1.5729999999990696,-1.8650000000000944,-76.94999999999936,-71.1270000000006,-56.253000000003794,-223.26100000000224,86.44099999999924,-173.4880000000004,-3.5059999999987213,-63.92300000000013,-1.911000000001195,-0.9800000000012687,-7.06500000000001,-0.197999999998899
427.33399999999904,11.842000000004305,334.7659999999905,535.9650000000045,238.31500000000003,395.39800000000014,257.1560000000005,-213.4179999999958,251.6110000000026,293.944,-95.13499999999908,247.52199999998084,243.36800000000096,-232.36500000000007,96.41100000001188,322.42300000000006,-101.36700000000474,217.2429999999963,403.0689999999993,-241.9309999999996,146.65600000000725,146.98800000000176,-108.35299999999997,199.13300000000615,287.0360000000005,-197.45200000000125,153.10099999999238,396.7710000000011,-177.979,82.54399999999578,80.64900000000534,-97.07599999999984,-16.97399999999334,9.588999999999714,-14.669000000000665,34.0940000000046,15.209999999999011,-130.10299999999972,-44.994999999994434,20.68500000000313,-138.5319999999993,-33.48900000000867,-93.47000000000207,-173.9219999999996,-62.0049999999992,-125.81650000000197,-68.67000000000019,-88.78050000000144,-220.8379999999977,-1.61200000000008,-132.1930000000009,-290.09999999999536,98.82499999999936,-262.0819999999995,-78.77500000000168,73.67399999999975,5.442000000000036,2.485999999998967,-45.826999999999884,-3.143000000000029,-8.909999999999485,-41.14700000000013,-6.804999999997108,-0.7599999999996498,62.51099999999923,31.03299999999649,2.481999999999829,2.2870000000001056,-2.9610000000005243,-0.762999999999181,1.7899999999997362,0.5020000000001801,0.5849999999995248,3.1389999999987594,-2.5890000000003965,-131.4580000000035,-224.5989999999992,-28.87600000000248,-221.88099999999625,98.86500000000068,-181.6820000000007,-12.716999999997824,-72.19000000000015,-7.033999999998741,1.872999999999081,-5.318999999999985,-4.916000000000054
442.3049999999989,4.578999999998246,349.65799999999945,570.5009999999959,242.35199999999963,403.6980000000085,219.44900000000015,-216.19000000000028,234.0580000000045,310.90099999999995,-142.29199999999764,248.8280000000259,249.12300000000016,-249.6700000000004,106.27400000000762,397.115,-115.4389999999978,215.7040000000052,427.2959999999984,-196.31200000000035,146.34399999998777,148.14499999999668,-117.96700000000016,208.8989999999967,291.1499999999989,-212.2859999999989,162.0300000000043,418.7470000000019,-178.62500000000009,93.13999999999396,60.07699999999545,-123.29599999999984,-17.43099999999913,3.4500000000001307,-9.866999999999848,29.973999999992884,14.241000000001236,-131.31999999999948,-50.50099999998565,31.15799999999922,-152.71800000000084,-36.774000000002616,-90.63099999999622,-184.3759999999996,-62.515999999999394,-103.2860000000028,-84.24399999999963,-75.16799999999648,-326.6200000000026,56.256000000001904,-232.7859999999987,-297.1650000000011,117.7790000000016,-277.29599999999976,-83.37999999999965,71.94899999999791,-7.153999999999883,9.501000000000204,-22.01700000000102,-29.699999999991174,-62.459000000000486,-101.342,49.611999999996215,-0.2580000000008908,-36.24599999999916,-2.401999999995041,13.008000000000308,-1.3880000000000337,-2.8099999999994907,-1.7710000000001005,0.1049999999999329,-2.1299999999996544,1.2550000000004502,0.9109999999992624,-0.1709999999995659,-77.35000000000127,-72.74600000000078,-33.31000000000017,-224.6550000000013,108.5250000000002,-190.15600000000177,-4.979000000000156,-60.28999999999982,-3.13399999999433,0.1290000000011559,-4.8820000000000086,0.0599999999991496
454.7290000000004,-0.522000000000844,361.1819999999853,595.1970000000017,237.0299999999986,427.4049999999989,258.802,-226.833000000002,271.1430000000064,337.904,-149.59100000000376,253.05199999997967,254.58699999999797,-258.82799999999975,108.3739999999807,466.5799999999999,-113.77299999999764,206.19500000000244,470.0180000000017,-135.8899999999977,142.28500000000395,154.62300000000084,-135.0529999999999,224.0729999999985,299.2270000000019,-231.43500000000049,180.73100000000292,441.3700000000006,-179.91399999999976,108.78300000000536,40.505999999999176,-150.17600000000044,-19.83099999999922,3.9749999999997954,-7.916000000000167,32.38499999999931,4.558000000000106,-129.12000000000037,-48.98600000001352,50.32699999999864,-163.29699999999931,-35.900999999989835,-85.91600000000312,-213.0810000000004,-54.49500000000285,-95.5820000000017,-103.4549999999996,-73.31200000000422,-287.7689999999973,37.70799999999781,-189.9100000000004,-305.1019999999994,137.18299999999886,-295.244000000001,-74.88399999999729,68.17700000000002,-8.969000000000449,-9.40999999999974,-44.03299999999959,4.273000000000593,-13.686999999999472,-36.9019999999999,-3.53399999999624,-38.9009999999999,-64.36899999999994,-26.72100000000341,-13.522999999999996,-13.374999999999917,1.5979999999998995,1.136999999999233,0.6630000000001246,-0.1429999999999154,1.4250000000004093,2.513999999999328,-1.8930000000004557,-47.60099999999738,-71.91699999999983,-28.697999999997137,-220.58700000000044,122.19499999999924,-191.20499999999936,-17.81300000000101,-55.34299999999988,-1.6880000000071504,1.933999999999969,-2.410999999999941,-1.371000000000322
473.0559999999997,-2.6350000000007867,373.8770000000159,618.965,229.99599999999987,441.9190000000072,263.4969999999996,-235.01100000000008,277.6239999999916,369.55,-133.80999999999972,257.25099999999657,262.7769999999998,-283.068999999999,109.58300000002056,538.7539999999999,-122.85100000000284,196.91799999999373,516.1069999999995,-79.47400000000187,141.6260000000079,157.03100000000063,-143.0889999999998,240.90500000002064,306.21700000000374,-250.69900000000015,194.11000000000055,456.7439999999976,-177.14200000000025,126.25699999999824,77.2829999999999,-101.92900000000051,-5.450000000007549,3.0749999999997613,-7.25399999999965,33.97899999999936,4.9509999999997945,-140.60499999999934,-46.984999999995125,57.037000000002536,-164.80100000000064,-31.92800000000489,-82.46800000000007,-273.11399999999963,-52.05699999999638,-87.6640000000009,-115.28200000000056,-73.11699999999632,-277.188000000001,-2.691999999996142,-177.43499999999983,-313.10100000000034,152.2609999999986,-298.03599999999904,-72.03299999999899,58.86400000000265,-10.42500000000004,-16.385999999999967,-26.406000000000063,1.964999999995598,43.977999999999895,21.17900000000006,-63.733000000002,13.970000000000482,-33.89099999999985,22.75400000000332,-5.849999999999866,-1.0550000000002058,0.1460000000008676,-1.5999999999998238,-0.7799999999996032,-0.0059999999997728,-5.413000000000068,-2.818999999999505,4.8560000000001935,-46.84100000000058,-68.13099999999963,-39.02300000000309,-213.7270000000001,132.36400000000117,-197.71000000000072,-10.07099999999923,-54.13800000000002,-2.379999999999427,-18.258000000000152,-7.611000000000079,4.11500000000018
486.9450000000001,-15.552999999999884,389.50199999999313,643.8870000000009,217.67200000000457,458.2279999999855,271.0440000000005,-242.25000000000136,288.2080000000087,403.788,-207.91899999999828,268.6519999999973,269.156000000001,-286.5610000000004,116.3079999999809,603.161,-125.03700000000322,193.5609999999997,557.720999999998,-21.94099999999821,147.1550000000093,159.83500000000106,-155.51400000000015,250.19599999998263,328.43299999999545,-230.8459999999997,195.01999999999956,469.6110000000033,-173.52299999999977,154.1810000000055,55.33100000000104,-129.8579999999994,-11.352999999996882,-76.46899999999945,27.004999999999768,21.57600000000457,2.407999999999788,-138.35300000000075,-52.86900000000969,54.19899999999984,-178.17599999999985,-33.154000000001815,-75.13999999999896,-216.54499999999928,-42.018999999999096,-85.64799999999764,-127.05600000000032,-72.30500000000006,-295.526000000001,31.689999999997557,-207.01799999999932,-311.12999999999715,162.44500000000244,-304.02500000000003,-67.89899999999989,46.12399999999752,-14.748999999999768,-40.99300000000028,-71.02899999999934,-17.33400000000529,-18.925000000000125,-42.1050000000001,-2.904999999998381,5.785999999999092,-80.28499999999994,-3.9150000000006457,-2.838000000000207,-2.5259999999999394,-4.384000000000299,-1.9030000000000769,-0.9840000000004068,-1.1450000000003513,-1.873000000000502,0.3200000000020964,3.4140000000000725,-44.452000000001135,-75.83199999999977,-16.357999999996764,-208.85900000000103,137.4529999999993,-203.9749999999998,-13.61800000000244,-45.40700000000015,2.465999999998303,7.054999999999723,0.9020000000000472,-4.500999999999067
506.6050000000018,-25.28100000000109,398.59600000002047,669.047999999998,204.9350000000004,470.8370000000059,277.6629999999997,-245.041999999998,299.9759999999924,407.45400000000006,-130.75000000000043,259.6070000000054,275.7039999999989,-307.37200000000087,118.13999999999396,678.5410000000003,-126.71799999999394,191.9430000000034,603.3650000000023,36.48900000000026,155.35899999997582,136.65599999999927,-159.34999999999988,252.17300000001612,324.2220000000032,-284.469,220.6230000000005,474.3889999999965,-171.93000000000004,181.7929999999933,44.55899999999815,-153.5429999999998,-11.554000000000997,3.0589999999996564,0.963000000000136,39.43400000000565,-5.008000000000834,-143.02700000000073,-53.90600000000632,76.16299999999683,-202.49799999999996,-9.508999999991374,-76.05899999999792,-272.599000000001,-44.50400000000059,-65.96099999999865,-133.01699999999954,-62.68699999999967,-288.6570000000006,32.29000000000042,-205.49000000000035,-312.0580000000018,161.30999999999744,-300.218000000001,-56.22600000000375,32.882000000000744,-14.620000000000031,-0.4829999999998335,-36.11100000000036,20.947000000001022,-21.074999999999733,-33.91200000000012,-6.55800000000113,-20.309999999999206,-22.04600000000028,0.9700000000009368,-7.3790000000002465,-3.6599999999999966,-1.5120000000010236,-2.955000000000041,-1.992999999999512,-1.161000000000456,-6.46899999999988,3.271999999998343,9.376999999999924,-27.11699999999837,-73.83100000000056,-36.27299999999991,-208.00800000000092,141.0979999999995,-196.5989999999977,-15.63499999999749,-49.37499999999986,-2.752999999995609,-7.142000000000337,-1.821000000000028,0.0079999999996971
523.0040000000002,-32.14399999999955,413.1349999999884,683.4989999999976,187.2859999999946,486.53600000000097,295.3499999999991,-244.268000000001,306.7500000000109,438.5699999999998,-136.2729999999999,254.59000000000745,284.4130000000007,-323.545,121.01999999999862,749.18,-127.17300000000478,191.2720000000036,653.7729999999982,94.42399999999792,170.79499999999825,177.4010000000004,-177.09599999999986,284.71599999998034,336.7399999999975,-305.5900000000008,236.4569999999958,482.44900000000257,-170.47600000000003,222.41200000000845,74.52400000000239,-114.60399999999991,-6.200999999998658,-39.37699999999964,-4.735000000000156,79.23599999999169,-7.91900000000112,-143.7449999999984,-54.41899999998441,79.51699999999846,-186.22799999999984,-35.95000000000255,-72.26300000000379,-282.1690000000004,-42.0690000000036,-66.90899999999829,-146.47300000000172,-64.43100000000186,-284.0570000000014,33.1579999999974,-203.9950000000005,-301.07800000000395,163.45799999999713,-302.3859999999999,-54.66599999999744,31.19000000000085,-10.065999999999775,-9.252999999999645,-20.940000000000225,2.4779999999964275,-36.28800000000041,-114.9519999999999,5.923000000001366,-11.408999999999024,-58.86199999999988,0.6439999999997781,-6.607999999999947,-1.3199999999997658,-0.3849999999999909,-2.8129999999997324,-1.2160000000001503,-0.8109999999994955,-6.766999999999257,1.4289999999988368,6.503999999999621,-16.79499999999905,-79.833,-36.90799999999968,-195.0749999999971,138.92999999999915,-199.357000000002,-2.385000000001014,-50.182000000000215,12.2099999999989,-23.184999999999437,-10.766999999999973,7.514999999999361
539.1639999999995,-42.583999999996536,423.449000000005,706.3780000000037,166.68700000000172,499.1329999999834,301.35800000000046,-253.15200000000004,314.4169999999804,453.7100000000002,-128.77500000000168,261.4499999999907,289.21200000000056,-334.1079999999991,120.94800000002124,821.7899999999996,-150.6469999999979,188.3969999999977,697.8030000000018,156.88000000000102,175.8970000000204,179.85999999999933,-180.53500000000005,286.487000000011,349.3159999999989,-320.4960000000014,246.9479999999976,482.3399999999992,-163.35000000000014,253.05799999999863,61.69100000000185,-141.6940000000004,-8.081000000004224,47.03099999999978,12.91000000000011,-3.850999999997384,-13.836999999998056,-152.16800000000035,-55.26100000001861,75.68899999999985,-201.5740000000001,-39.69700000000103,-88.25299999999743,-259.3519999999998,-43.61499999999978,-61.45700000000147,-142.6809999999989,-58.24900000000071,-260.5619999999988,-90.92099999999732,-112.9950000000008,-302.18500000000006,184.6170000000029,-322.2939999999994,-30.251999999990176,28.331000000000017,7.151999999999958,-13.250999999999635,-22.00199999999981,-5.040999999994256,-12.462000000000018,49.48500000000031,-14.987000000002126,-27.23000000000013,50.81799999999959,27.367999999995615,-7.000000000000028,-6.000000000000227,-0.3419999999991319,-3.898000000000224,1.4299999999998647,-0.7449999999998624,-6.135000000000446,-1.0400000000004184,6.629000000000218,-24.129000000002065,-78.56400000000008,-36.96300000000292,-193.78000000000384,135.17399999999782,-194.78599999999915,-20.605000000000476,-48.518999999999934,2.1939999999972315,-8.42800000000068,-2.0970000000000155,0.2980000000007976
560.6639999999999,-55.88000000000193,428.46700000000055,722.6280000000003,144.78200000000356,507.5810000000274,319.45500000000067,-247.82299999999964,321.0570000000189,471.9000000000001,-37.63099999999895,258.0810000000156,302.9170000000022,-345.49200000000013,127.46500000000653,874.0490000000001,-129.8280000000034,210.47999999999547,757.6039999999978,199.3590000000012,171.7649999999935,178.43699999999956,-182.0500000000001,290.56399999999485,367.20900000000256,-338.8149999999996,257.8920000000039,491.4859999999976,-158.58099999999985,282.6659999999947,65.8079999999984,-150.01199999999957,-8.684999999991305,19.350000000000023,7.142999999999944,44.14699999999812,-16.6640000000001,-149.52399999999955,-61.5729999999985,94.03100000000109,-200.2749999999999,-47.92499999999791,-65.0609999999972,-331.5629999999999,-40.56999999999675,-56.35266666666894,-138.96066666666798,-55.03733333333116,-264.3190000000004,34.83300000000327,-219.1059999999993,-260.1569999999981,152.78600000000324,-285.2050000000005,-84.7870000000114,21.04500000000087,-15.435000000000088,-10.806000000000893,-34.34999999999988,-22.857999999996537,-23.435999999999524,-27.575000000000216,-7.125999999999522,-13.79400000000004,-30.00699999999981,0.8240000000057535,-7.763999999999882,-3.6079999999998336,-2.535000000000309,-3.2129999999995107,0.9830000000000894,-0.0340000000001339,-3.731000000000506,-0.4379999999969186,6.018999999999863,-28.81399999999985,-76.27999999999986,-14.116999999998823,-147.22299999999677,130.53300000000263,-194.11500000000075,-25.586000000001263,-52.58800000000008,-6.680000000000064,-5.6150000000002365,-2.8059999999999974,3.947999999999752
577.076999999997,-78.01500000000203,442.20000000000255,727.4360000000001,144.99799999999823,523.192999999992,314.1679999999994,-234.11100000000005,297.54599999998845,516.8419999999998,-123.639,278.6869999999908,313.6139999999983,-363.8810000000007,123.1939999999895,946.327,-144.38799999999787,214.33700000000044,807.2410000000019,327.867999999998,136.22500000000173,148.2010000000031,-180.302,313.3669999999938,367.2309999999982,-359.502999999998,274.95099999999866,503.3810000000017,-146.95399999999984,310.7060000000047,69.81799999999794,-160.1290000000006,-12.49400000000378,0.9859999999996204,10.260000000000248,34.70399999999927,-11.924999999999386,-159.9899999999991,-57.83699999999499,72.65899999999874,-230.23000000000025,-33.679000000006454,-75.6710000000055,-284.6810000000005,-45.78000000000202,-56.35266666666325,-138.96066666666513,-55.037333333336846,-239.6489999999972,26.32099999999582,-199.4,-238.51700000000164,148.41599999999744,-279.57600000000014,-5.365000000000464,8.455999999998198,-15.892999999999802,-19.726,-9.886999999999802,-22.71100000000388,-17.656000000000205,-25.10399999999997,-4.44299999999771,-13.159000000000276,-28.307999999999826,3.12799999999811,-7.913999999999888,-1.256000000000057,-2.473999999999421,-5.132000000000403,0.478999999999985,-3.035000000000565,-4.164999999998997,1.6489999999976137,5.642999999999887,33.738000000002444,-83.29200000000014,-58.56899999999996,-196.52399999999943,123.82699999999716,-164.08500000000004,-18.88399999999706,-49.30099999999982,1.213999999998805,-6.895000000000096,-3.2700000000000173,0.6299999999995975
600.7580000000019,-84.52399999999898,441.5279999999939,755.1379999999995,109.96099999999842,530.9199999999919,358.1680000000006,-251.38400000000016,321.131000000014,530.0709999999999,-131.26999999999782,282.98299999999017,316.18500000000154,-376.679,122.96100000000934,986.4050000000004,-163.86999999999716,227.20900000000483,832.0670000000007,278.9190000000019,187.7129999999852,220.0469999999996,-187.6150000000001,290.58800000000247,369.35100000000034,-372.0390000000009,289.0009999999961,507.2540000000004,-127.91999999999994,353.05100000000493,68.65600000000427,-166.41499999999922,-14.111000000002605,4.545000000000243,13.444999999999396,36.8530000000078,-25.68300000000079,-162.36500000000262,-64.47699999998804,85.93800000000442,-216.52800000000028,-34.247000000004846,-86.59699999999475,-291.37800000000027,-45.11099999999715,-56.35266666666894,-138.96066666666655,-55.03733333333116,-224.8139999999978,23.69400000000041,-202.89199999999997,-218.629999999996,130.0569999999993,-267.96599999999984,-36.47699999999645,13.436000000001512,-13.909999999999911,20.59899999999999,-30.05500000000012,61.69999999999618,-25.63899999999961,-28.485000000000227,-6.125000000002956,-11.573000000001343,-30.926999999999797,-0.5920000000003256,-6.110999999999933,-0.3669999999999618,-0.342000000000553,-4.164999999999708,0.7599999999996498,0.5630000000003577,-0.5020000000001801,-1.9730000000009795,1.2730000000004793,-73.88100000000009,-102.8029999999994,-24.941999999998643,-144.26300000000083,111.6940000000028,-183.70499999999907,-21.747000000002004,-55.73000000000015,-0.2129999999908705,-10.902999999998997,-7.399999999999984,1.4150000000000773
615.9269999999992,-101.38000000000034,450.2809999999954,776.8460000000005,43.88100000000463,520.5690000000004,374.485,-253.28599999999997,324.1939999999886,526.0000000000005,-122.72500000000264,316.8949999999995,327.0219999999995,-396.3560000000001,118.88500000000022,1015.6019999999992,-178.71400000000222,244.63499999999385,872.789999999999,304.16899999999885,187.8300000000081,192.07399999999663,-181.04,307.9840000000104,357.3100000000011,-385.4509999999976,311.1270000000104,518.322999999998,-111.91700000000004,374.6769999999856,78.5979999999995,-179.1870000000003,-10.126000000002476,4.138999999999982,15.080000000000382,38.69699999999057,-26.4710000000008,-173.08299999999974,-64.73399999999856,83.38600000000156,-221.83199999999985,-36.205999999992855,-85.42500000000359,-272.7119999999985,-54.06500000000278,-61.70000000000186,-151.73400000000044,-65.25899999999751,-211.3220000000069,29.671999999999343,-197.87699999999973,-196.1500000000001,116.74199999999928,-258.49099999999936,-35.33100000000218,9.471999999999523,-14.475000000000191,21.800000000000352,-7.558999999999827,20.276000000012573,-60.4770000000002,-34.74699999999977,26.52300000000309,-0.1669999999990068,-5.433000000000021,13.443000000000891,-5.367000000000033,-4.739999999999967,-4.183000000000448,-3.419000000000949,-1.0739999999998415,-1.2280000000004063,-5.313000000001011,9.836000000001375,10.418999999999556,-49.38100000000247,-99.47400000000002,-11.509000000000924,-68.89899999999898,80.59399999999926,-191.98800000000065,-20.78300000000013,-62.34800000000007,-1.6730000000052314,-6.985000000000241,-4.605000000000015,0.2020000000001687
638.3290000000017,-108.55099999999992,443.091000000004,773.3919999999983,64.65199999999527,542.3099999999977,392.725999999999,-256.65599999999955,332.8860000000077,592.0699999999996,-247.2549999999984,306.9700000000012,332.02699999999936,-410.714999999999,114.61099999999078,1045.1369999999995,-201.6539999999964,263.88600000000224,923.268,323.4800000000007,193.15200000000917,173.57400000000212,-171.912,323.7540000000081,350.38000000000125,-393.8180000000017,324.29799999999886,525.7229999999993,-95.90000000000032,402.2219999999948,83.10500000000047,-188.25300000000027,-14.177999999992608,10.260999999999854,21.518999999999977,37.14000000001079,-33.44299999999976,-178.3869999999979,-65.85700000000543,30.194000000000187,-202.543,-92.95700000000124,-104.84900000000152,-268.9990000000009,-46.82599999999866,-79.03200000000083,-191.798,-80.29800000000478,-177.3649999999975,20.248000000003685,-200.30199999999925,-199.19300000000248,125.85100000000013,-273.8810000000001,-27.397999999999456,2.4419999999992115,-12.91399999999996,20.108999999999355,-19.41800000000029,58.58200000000125,-20.24600000000021,-22.183000000000064,-5.234000000001515,-8.289000000000613,-93.69299999999969,-24.017000000003463,-5.711000000000155,1.2290000000000134,-2.691000000000088,-5.387999999999238,0.5009999999998627,-1.2920000000001153,6.101999999999919,-7.349999999999568,-7.061000000000206,22.113000000001648,-93.08200000000042,-65.90800000000172,-129.95900000000233,80.13600000000167,-163.10299999999955,-16.792999999998415,-62.11599999999997,-2.993000000003576,-5.763000000000318,-4.97099999999997,-1.0829999999998563
652.5800000000004,-132.2199999999981,470.2759999999898,799.466000000001,20.48000000000343,540.9790000000157,415.00000000000057,-259.79600000000005,330.89599999998427,608.6860000000001,-177.731,315.1000000000068,334.61599999999976,-424.90200000000016,107.73999999998978,1085.481,-170.8340000000021,285.9990000000039,961.878,334.3279999999993,209.69199999999543,214.7609999999986,-164.02,308.3989999999858,326.7169999999993,-386.66199999999833,345.6790000000069,526.6200000000026,-73.61599999999981,430.4500000000076,84.01199999999562,-205.80300000000025,-14.161000000001422,7.321999999999917,25.61200000000028,27.959999999995944,-43.22199999999725,-185.9380000000016,-68.43300000000454,101.82499999999663,-208.88099999999952,45.65499999999929,-98.52599999999823,-263.2930000000002,-48.11700000000201,-61.489999999997735,-139.4919999999999,-54.47999999999524,-157.2839999999985,-31.75300000000334,-144.3620000000024,-152.45199999999954,91.62300000000414,-243.271,-23.3949999999993,-6.215000000000259,-11.45700000000005,-20.565999999999462,-53.589999999999804,-119.23900000000458,-11.8389999999998,-14.743999999999955,-6.549000000001115,4.609000000000663,-41.47600000000082,-4.256999999995514,-2.535999999999916,5.233999999999739,0.0,-4.985999999999535,2.7619999999998868,-0.1199999999997203,4.71600000000052,1.41399999999976,-3.049000000000035,-7.736999999997351,-109.55099999999972,-17.001999999996542,-162.19199999999887,59.21799999999848,-154.14300000000054,-3.3420000000006667,-84.7059999999999,22.96400000000176,-6.75200000000018,-5.1060000000000105,-0.7800000000003138
674.5499999999993,-139.5130000000023,465.3189999999995,807.1699999999993,11.471999999997706,553.1490000000076,432.2409999999991,-260.7119999999995,339.9530000000141,623.9440000000002,-191.18100000000027,325.43900000000576,340.14999999999986,-440.3030000000001,107.72699999999986,1098.2799999999995,-201.5320000000031,302.67900000000054,995.7850000000008,330.45700000000124,230.88999999999945,261.8210000000005,-154.284,298.38900000002013,319.0580000000012,-379.7380000000004,361.5229999999883,522.3149999999976,-59.729999999999706,455.0720000000069,104.70600000000444,-199.6459999999999,-1.3180000000033942,19.780000000000086,33.25699999999969,41.38799999999492,-47.521000000003255,-194.7020000000009,-70.4340000000002,77.93000000000347,-253.9050000000003,-31.274999999993724,-80.60899999999833,-267.86299999999983,-45.68199999999933,-64.37599999999861,-123.69899999999916,-45.46500000000151,-143.36000000000126,-13.52200000000039,-163.8619999999989,-139.30500000000166,72.38799999999515,-223.5710000000012,-20.25199999999927,-14.260999999999058,-7.222999999999757,4.131999999999891,-34.55900000000014,0.7999999999924512,-11.505000000000363,-13.972000000000053,-5.978999999996404,5.221000000000231,-19.17399999999958,7.112999999998237,-4.847000000000179,-1.116000000000028,-3.237000000000023,-6.523000000000678,-0.4379999999997608,0.1890000000003056,-0.6720000000001392,8.023000000000025,1.4390000000005898,-62.2900000000044,-122.4020000000003,-46.08400000000188,-44.15900000000192,48.92100000000141,-158.06400000000025,-20.75800000000072,-56.48599999999995,-36.705999999998085,-5.097999999999558,-1.5630000000000257,-1.1389999999991574
688.3589999999998,-151.20100000000036,465.38100000002487,820.741000000001,-11.725000000001272,542.296999999985,446.06600000000185,-265.66700000000054,341.7729999999892,639.1209999999986,-210.14800000000093,330.40799999998853,344.8499999999996,-459.5149999999997,108.60600000000886,1121.6840000000004,-190.26499999999945,321.23999999998887,1026.9969999999987,330.52499999999725,248.8650000000007,233.83800000000008,-140.778,313.4029999999939,306.42699999999934,-369.3230000000028,373.4989999999925,519.1590000000019,-45.254000000000616,465.78400000000784,99.64299999999751,-220.993,-2.2460000000023683,18.805000000000405,29.67200000000005,29.425000000003365,-52.6299999999992,-201.8419999999992,-68.81100000000515,28.161000000000055,-199.6760000000002,-24.072000000012395,-115.55500000000052,-237.50100000000032,-48.33399999999983,-72.30600000000322,-154.5560000000009,-52.55500000000097,-129.37900000000013,0.1000000000033196,-159.82800000000026,-120.54899999999977,58.17499999999996,-216.44399999999848,-16.72900000000368,-22.025999999999613,-8.817000000000519,30.781000000000347,-26.63599999999988,-6.188999999994849,-15.569999999999595,-51.80599999999984,-3.060000000004948,10.085999999999729,-29.501000000000488,-1.4740000000017517,-0.5389999999998452,4.29700000000004,0.3030000000009636,-2.408000000000498,-0.1739999999998076,-0.3450000000000841,14.601000000000395,-9.793999999999414,-11.990000000000125,-48.01499999999805,-111.30199999999988,-34.88800000000083,-88.5409999999979,28.165999999998803,-141.7660000000012,-5.4149999999992815,-82.57200000000005,-10.746000000000322,-6.958000000000197,-10.00999999999994,-0.1400000000003842
710.3099999999984,-161.3599999999991,470.7639999999856,838.5819999999995,-29.94099999999662,549.2919999999913,460.1239999999983,-270.23399999999924,346.0569999999961,608.6380000000005,-141.91299999999956,342.5420000000031,347.0870000000019,-467.96700000000016,105.88299999999435,1133.2180000000008,-200.93099999999708,340.99100000000817,1056.2180000000012,321.8490000000003,268.30400000000054,299.593999999999,-139.519,294.6649999999863,295.6940000000003,-355.90799999999945,383.5690000000113,515.4569999999978,-28.186999999999784,484.89999999999327,103.53700000000003,-226.79099999999931,2.136000000007243,17.7109999999999,32.5960000000002,30.3890000000024,-61.44999999999925,-210.3129999999993,-71.65499999998701,20.422999999993863,-194.50499999999985,-28.35699999998269,-99.25200000000132,-245.91099999999955,-43.151000000000295,-71.51199999999562,-152.8030000000001,-46.93899999999758,-126.40099999999848,-42.804000000001,-142.89700000000067,-112.00699999999983,50.88200000000143,-200.5989999999997,-39.99000000000024,-21.213000000000196,-7.839999999999492,49.68499999999949,-15.238000000000085,-9.009000000003198,2.3519999999997765,12.33199999999961,-4.751999999996315,8.297999999999206,67.7970000000002,27.24299999999857,-0.619000000000014,2.569000000000088,-1.151000000000124,-7.193999999999079,-0.0180000000000291,-0.0430000000001484,6.712000000000273,-0.1710000000002765,-2.68300000000039,-53.346000000001936,-129.25400000000025,-40.97600000000057,-28.1029999999987,3.040000000001441,-146.66699999999793,7.959999999999923,-103.95900000000005,25.62599999999975,-5.084999999999695,-9.545000000000048,2.0619999999993865
726.0100000000023,-168.97600000000068,468.4569999999894,857.1809999999999,-43.100000000004,549.8049999999921,474.9200000000002,-277.4070000000009,345.22699999999986,682.3199999999999,-265.1449999999983,329.99200000001565,332.7789999999993,-495.093,94.42200000000868,1148.0000000000005,-214.37999999999988,362.3910000000024,1101.998999999999,280.3020000000032,283.123999999998,249.084000000002,-126.25499999999998,324.6100000000069,289.3519999999995,-353.440999999998,381.6530000000057,534.6010000000035,-9.000999999999948,490.42899999998326,113.6099999999999,-235.5230000000006,3.7419999999997344,42.41400000000013,30.77299999999994,11.803999999995083,-68.26700000000017,-214.05499999999904,-72.53500000001623,-17.16599999999744,-195.00199999999984,-11.694000000011329,-101.85299999999984,-254.33199999999945,-39.82599999999934,-72.1520000000055,-185.9439999999992,-64.70300000000293,-111.36399999999752,-8.364999999997735,-149.85199999999992,-104.78999999999984,43.225000000001046,-193.6230000000009,-9.463999999996986,-32.72200000000112,-10.020000000000095,58.71199999999988,-31.70599999999979,11.017000000003918,7.528999999999542,34.29300000000026,-19.94000000000256,15.015999999999964,-19.279000000000224,3.519000000000005,-3.4150000000000347,6.34200000000007,-1.452000000000453,-7.544999999999646,-0.052000000000163,2.0180000000003417,10.52699999999902,1.0070000000013124,-1.800999999999675,-62.98399999999731,-140.4919999999997,-35.809000000000424,-176.12800000000277,35.52399999999807,-130.33100000000104,-26.263000000000147,-72.16899999999988,-57.91899999999828,-7.501000000000602,-8.347000000000016,-4.824999999999591
743.1809999999998,-183.7079999999986,469.3000000000211,878.5689999999988,-58.76799999999776,550.879000000009,482.8890000000001,-279.2180000000002,346.4230000000043,696.8080000000015,-284.26000000000045,335.3889999999865,351.8499999999989,-501.52400000000057,103.4539999999879,1150.815,-230.994000000004,373.80299999999806,1107.4940000000006,250.70799999999736,289.72799999999097,281.87700000000007,-127.728,324.4019999999864,276.24899999999855,-323.2890000000026,388.4519999999839,505.410999999998,12.96999999999997,517.902000000015,111.58199999999852,-242.5619999999995,8.618000000001302,-2.3859999999999104,24.499000000000137,57.35500000000684,-66.57399999999996,-217.6150000000007,-70.20199999999477,111.50200000000154,-310.3360000000002,-34.30200000000241,-72.31099999999628,-275.2589999999998,-31.409000000002152,-71.92999999999756,-159.30000000000035,-41.30900000000111,-111.7560000000026,-45.855000000000246,-137.6260000000002,-99.606,45.456000000001495,-189.44599999999951,-6.860000000000355,-41.22899999999845,-8.243000000000222,36.05500000000035,0.5229999999997403,-13.738999999998214,-1.075999999999766,-48.207999999999984,19.97700000000009,12.38000000000028,-105.5499999999995,-31.058000000001584,1.611000000000118,5.367000000000033,0.4680000000007567,-5.954000000000548,2.4689999999999657,-1.068000000000069,11.520000000000152,0.1619999999974197,-4.724999999999824,-60.32200000000216,-129.08800000000014,-28.8029999999992,-9.160999999997443,11.290000000002465,-126.33599999999916,3.090000000000259,-80.76800000000013,-5.828999999999951,-2.0739999999989323,-4.451999999999945,0.4210000000000491
768.3719999999994,-190.11999999999887,454.7359999999799,900.7160000000013,-66.48799999999824,547.3150000000032,490.775,-323.4110000000001,356.88500000001113,712.3029999999985,-309.33200000000056,334.70400000001064,320.10899999999936,-524.8169999999994,78.11300000000756,1161.0319999999972,-250.264999999996,386.9269999999915,1112.6150000000002,265.1859999999999,334.4910000000141,321.6399999999993,-127.297,312.8170000000182,267.7090000000021,-299.69899999999825,399.2430000000013,480.9050000000013,37.74799999999985,536.3769999999931,123.31800000000044,-242.88500000000005,12.413999999989755,52.99499999999995,6.660999999999717,23.041000000000626,-68.04300000000012,-220.73100000000068,-71.44799999998668,31.893999999999775,-251.37800000000004,-15.392999999994572,-122.01500000000463,-241.4349999999999,-44.74099999999908,-67.44400000000041,-167.0880000000011,-40.634000000000015,-108.96299999999997,-30.24300000000153,-139.6589999999989,-96.81899999999928,49.56699999999614,-188.5850000000005,-4.358000000001994,-40.7890000000009,-6.486000000000303,68.87300000000067,-13.392999999999944,19.85499999999547,4.527999999999821,-5.255999999999972,-5.331999999998516,19.60600000000028,-22.84000000000006,3.92200000000571,2.72199999999998,-0.0820000000000931,1.345999999999492,-2.658999999999878,0.4410000000000025,3.0539999999994905,8.916000000000679,1.1240000000015016,-6.052999999999997,-45.76099999999883,-149.70799999999969,-26.28500000000145,-64.6410000000003,15.918999999999528,-133.1069999999997,16.219999999998436,-75.85199999999989,0.2260000000035233,-4.384000000000299,-9.888999999999992,-0.7339999999999236
757.5900000000004,-198.99000000000055,477.0260000000008,916.3269999999995,-83.87200000000234,541.4179999999988,500.4080000000002,-291.51999999999987,345.641999999998,727.1990000000002,-329.1600000000017,345.8249999999907,357.63900000000035,-534.6780000000002,102.12400000000343,1161.8090000000022,-268.31399999999803,401.6350000000102,1134.0919999999996,206.3410000000033,337.26199999999835,279.8249999999996,-115.672,337.25600000000213,256.8559999999991,-275.9140000000002,398.2790000000023,499.8719999999992,72.14999999999989,549.8170000000073,121.8970000000013,-255.17100000000036,16.11400000000458,1.1459999999999582,95.01899999999992,58.75199999999268,-67.64699999999948,-221.5689999999995,-71.02100000001883,-5.725000000001046,-280.34299999999985,44.91600000000062,-70.09299999999712,-287.6170000000002,-24.212999999997464,-65.66799999999944,-172.7249999999998,-30.883999999997517,-116.14099999999894,-9.940000000000282,-161.00000000000136,-90.41400000000124,49.94200000000433,-191.15800000000007,23.236000000002832,-50.38900000000126,-11.096999999999468,52.89999999999964,-17.188999999999766,-6.078999999999724,9.28700000000049,-3.4600000000001074,0.5740000000002965,15.219999999999343,-29.507999999999868,3.917999999998756,-1.904000000000039,5.548999999999893,-0.0090000000000145,-7.265999999999906,-3.481000000000023,-0.5059999999993181,11.524,-1.0199999999997544,-3.9160000000002526,-58.16499999999962,-152.26900000000043,-25.4449999999963,-58.27400000000012,16.407999999998424,-123.19800000000072,7.272000000003231,-75.72200000000002,-8.951000000007525,-3.1800000000004047,-4.698000000000047,-0.9209999999995944
797.0269999999999,-204.41700000000083,441.0280000000057,956.0600000000009,-90.84100000000036,534.6919999999955,499.774,-295.0800000000001,342.3709999999801,739.5520000000005,-344.5489999999978,356.0920000000124,350.3860000000003,-547.486,100.19600000000536,1182.4369999999988,-334.582000000006,408.4599999999909,1151.2020000000002,183.38699999999903,343.11500000000024,268.00700000000006,-109.20999999999998,344.7259999999915,248.22399999999905,-251.6410000000008,398.0350000000044,493.3989999999994,99.44200000000052,561.6089999999872,128.5950000000014,-254.30899999999997,16.83900000000449,48.79399999999947,43.29600000000013,39.16699999999764,-68.32899999999995,-211.00000000000136,-72.17999999998028,64.63899999999967,-272.3199999999998,-9.466999999995096,-99.13000000000238,-281.374000000001,-31.57399999999484,-62.85100000000057,-181.08399999999847,-33.02300000000287,-105.9470000000033,-24.7099999999989,-139.6809999999988,-96.5949999999964,61.03199999999447,-180.4460000000006,5.745999999999185,-50.87399999999889,-7.324000000000552,54.06399999999962,-55.42100000000048,-16.993000000002212,-2.61600000000044,-8.263000000000176,-6.472999999999729,16.743999999999915,-63.372000000000384,-5.056999999999334,-2.3759999999999337,1.1470000000002756,-1.9790000000000416,-4.346999999999923,5.664000000000158,1.825999999999084,8.54399999999913,1.1500000000012278,-5.812999999999846,-45.02300000000048,-152.59499999999946,-18.72900000000186,-49.18600000000026,20.071000000001504,-126.9199999999998,13.476999999997474,-107.85699999999991,32.08900000000199,-7.415999999999201,-6.386000000000003,-0.9309999999999264
790.4849999999996,-220.19699999999887,470.8250000000135,977.6359999999996,-121.53999999999884,527.6740000000018,496.5850000000003,-308.3359999999999,338.70800000001964,753.9019999999994,-360.20699999999977,360.60799999997926,352.2189999999995,-564.1290000000001,94.6279999999888,1193.8440000000014,-326.479999999998,411.2790000000132,1149.5099999999998,106.76199999999768,355.6269999999927,262.9320000000007,-109.37800000000006,356.3120000000026,241.03700000000003,-227.9629999999997,401.2940000000072,468.2889999999986,117.23199999999991,582.6230000000123,121.24900000000024,-243.3489999999999,22.35699999999952,55.92500000000058,42.18800000000016,43.48100000000841,-71.64900000000216,-259.43599999999947,-68.60300000000734,90.86899999999788,-231.19400000000016,77.17299999999341,-91.55900000000088,-281.7009999999996,-26.367000000004737,-40.77399999999898,-151.49900000000116,-2.223999999995385,-103.64999999999895,-41.745000000003074,-125.43700000000086,-94.59900000000232,66.40900000000443,-181.08000000000004,9.863999999998896,-58.85600000000011,-4.715999999999809,145.8600000000004,26.069999999999997,52.88100000000213,20.080000000000098,-5.391999999999797,1.0099999999965803,10.979000000000385,7.418000000000546,5.24599999999964,-0.0280000000000057,0.7299999999997198,1.9170000000002572,-5.388999999999555,0.4150000000002762,3.343000000000984,11.982000000000426,0.1129999999989195,-3.466000000000236,-39.32800000000043,-162.82600000000045,-21.219000000002097,-55.59300000000178,24.905999999998585,-130.0539999999998,7.737000000000194,-81.84900000000006,-6.668000000001939,-4.197000000000628,-8.237000000000005,-0.5480000000005703
811.3810000000001,-226.12000000000023,448.46199999997225,999.4109999999991,-140.18800000000056,520.8000000000084,496.26899999999983,-316.2620000000004,336.4019999999982,762.6310000000003,-378.2260000000008,352.1600000000035,347.5220000000008,-576.9769999999997,90.63800000001264,1170.7869999999984,-396.972999999997,410.2659999999787,1155.098,108.37099999999964,382.4220000000082,255.77100000000144,-95.39900000000002,364.0619999999899,238.6930000000007,-184.47299999999984,392.3699999999826,548.4830000000045,159.00800000000004,545.2519999999936,147.48500000000035,-271.191,19.605000000001382,55.20799999999966,45.80299999999937,45.794999999998254,-48.112999999997896,-232.86200000000008,-41.34500000000117,56.21900000000437,-312.318,-124.19999999999618,-132.79399999999555,-288.87500000000017,-29.486000000002832,-54.813000000001466,-185.93500000000063,-21.619000000004007,-111.67899999999804,-32.12599999999952,-134.6260000000001,-90.28199999999912,76.27899999999954,-177.50899999999987,19.411999999999807,-67.56000000000029,-6.517999999999802,13.58199999999954,-23.51499999999973,-41.7660000000069,63.49300000000042,-6.045999999999907,-45.66299999999615,12.326000000000192,36.67599999999922,25.58899999999653,-0.4180000000001627,5.075000000000074,0.7170000000002119,-6.509000000000498,2.535999999999916,1.4989999999997394,10.389999999999588,7.167000000001167,-0.573999999999586,-42.39200000000096,-157.86599999999993,-6.923999999997932,-34.421999999997865,21.678,-116.87000000000012,8.208999999999378,-75.99099999999996,-7.583999999997104,-4.529999999999745,-7.997999999999994,0.2790000000004511
816.7990000000003,-234.51900000000023,445.459000000028,1015.1590000000012,-124.39899999999966,507.7519999999822,484.2850000000002,-318.5949999999991,338.84199999999964,774.4889999999983,-391.9630000000012,345.1909999999998,345.0019999999995,-586.5600000000001,84.52099999999518,1226.4579999999994,-433.99,407.6170000000275,1168.466,76.94700000000125,386.2979999999993,250.8669999999995,-95.878,374.53599999998914,223.57800000000051,-182.35400000000084,394.4830000000138,472.1379999999954,163.80499999999998,577.4780000000078,146.65299999999775,-258.64200000000005,23.08899999999312,62.512000000000256,48.32500000000053,51.89799999999423,-62.63500000000022,-211.7350000000016,-64.16099999999005,83.74099999999771,-230.939,-50.50700000000461,-107.44400000000384,-305.2409999999995,-15.087999999997235,-49.61500000000001,-193.64999999999952,-16.152999999997064,-110.98100000000386,-23.9530000000002,-145.57399999999916,-89.13000000000011,74.66099999999756,-172.69599999999912,18.86299999999892,-73.27599999999848,-2.7290000000000703,89.43500000000029,-32.48400000000018,30.585000000007767,10.86699999999965,-12.903000000000375,1.4550000000042471,15.958000000000538,-32.93299999999988,-0.8080000000006748,1.617000000000246,-0.2140000000000697,0.6039999999998713,-6.151000000000551,0.6169999999997344,3.021999999999992,11.427000000000476,-4.173000000002958,-6.417000000000428,-42.3659999999984,-170.17099999999914,-17.5200000000018,39.70499999999788,-0.7749999999987267,-100.66800000000028,12.388000000001398,-84.50500000000005,-5.410000000000537,-6.674999999999898,-9.084999999999964,-1.2120000000010125
835.6839999999999,-240.17800000000025,414.1120000000001,1065.3009999999997,-176.1290000000031,505.3470000000061,475.3029999999999,-330.67899999999923,324.389999999994,785.420000000002,-411.4440000000002,336.99900000001435,337.1200000000016,-599.559,79.67499999999745,1217.5579999999995,-460.0500000000011,382.65399999997953,1168.2290000000005,87.37800000000107,420.8859999999959,255.4919999999996,-89.87400000000001,379.18700000002445,228.38299999999947,-130.69799999999816,383.2030000000032,527.5720000000035,212.0010000000001,551.622999999995,147.29899999999816,-260.946,23.644999999999072,70.63099999999949,45.7570000000004,47.85800000000791,-75.73600000000056,-218.58999999999756,-73.70600000001559,94.79900000000043,-368.44700000000006,-24.42599999999402,-104.12900000000036,-306.7869999999999,-18.193999999999733,-52.1979999999985,-191.92299999999705,-16.881999999998243,-98.40999999999552,-38.495000000000346,-119.06200000000098,-120.52000000000191,61.82900000000018,-143.75100000000032,19.051999999999225,-98.61600000000124,1.0300000000000864,19.35399999999987,-27.44799999999969,-29.400999999995747,13.6099999999999,-14.962999999999838,-4.464000000007218,32.21400000000045,-88.69199999999964,-19.705999999996493,0.986999999999938,5.860000000000198,-0.3569999999996298,-4.725999999999431,3.923000000000343,0.7370000000001653,9.026000000000067,-3.8179999999982783,-9.2019999999998,-31.422000000000597,-154.29800000000142,-0.0729999999975916,-32.03099999999779,17.57599999999968,-113.24299999999994,15.098000000000413,-86.03200000000007,-13.81600000000276,-6.8719999999999,-3.700000000000081,-1.6379999999998065
831.2429999999999,-251.133999999999,428.17399999999,1046.864,-159.20099999999593,495.7030000000032,479.791,-326.0460000000009,331.56699999999546,796.2099999999992,-496.2849999999975,338.31800000000385,334.8860000000002,-597.228,68.34799999999177,1257.902000000004,-579.4520000000034,389.0870000000177,1214.143,-52.523000000002185,364.2150000000015,240.437,-79.17799999999993,377.94199999998455,211.2770000000012,-114.83599999999969,374.120999999991,505.8499999999981,237.37699999999967,580.2919999999972,155.8780000000013,-258.2930000000001,29.84700000000657,77.16899999999995,42.85999999999959,49.58399999999301,-66.4859999999976,-181.58400000000088,-69.76300000001174,92.70999999999958,-207.168,54.04599999999391,-56.83599999999842,-326.54300000000234,-11.743000000001302,-2.0660000000020773,-204.1860000000014,107.3759999999993,-91.77200000000312,-48.25700000000097,-125.2589999999998,-74.42900000000066,68.02099999999882,-170.26699999999906,17.13900000000308,-64.42000000000121,2.787000000000006,6.498000000000559,-17.55500000000012,-51.97100000000319,-30.86399999999969,-25.452999999999903,38.65600000000313,26.160999999999035,-32.62500000000017,0.848999999999478,4.392999999999958,0.6499999999999062,1.448999999999501,-3.685000000000116,-0.0740000000007512,3.302999999999656,12.52099999999956,1.1110000000002174,-6.475000000000364,-38.66299999999967,-172.6079999999996,-3.005999999999176,-29.079000000001543,22.69599999999912,-106.22000000000044,22.28399999999908,-76.78899999999994,-11.577999999997246,1.7169999999993024,-10.000999999999928,-1.6909999999995762
841.5019999999998,-261.9520000000023,423.9620000000059,1111.996,-223.117000000002,487.58499999999,488.6320000000001,-330.12899999999945,331.8970000000263,810.6920000000002,-462.2550000000018,322.7169999999888,327.8549999999996,-624.6850000000001,75.0,1262.59,-596.2710000000015,376.2089999999944,1221.3449999999991,-8.28300000000013,415.8819999999992,285.78100000000006,-96.03199999999994,394.9100000000044,164.5009999999985,-88.15500000000043,374.3290000000116,540.7350000000008,283.8270000000001,566.4179999999988,152.69400000000246,-263.834,27.51399999999649,84.26800000000014,48.781999999999925,44.90400000000818,-79.30700000000286,-209.6679999999992,-72.11899999997513,106.36900000000082,-267.73,5.5909999999926185,-149.18200000000184,-292.73199999999804,-10.770000000002256,-113.3329999999944,-204.5580000000001,-150.7660000000044,-80.1969999999983,-16.43100000000004,-129.49100000000016,-17.750999999998385,64.17200000000207,-190.5060000000006,21.2949999999978,-59.64599999999791,-4.0869999999998186,67.45299999999901,-38.37000000000046,7.421999999996842,16.800999999999533,-22.09299999999992,-9.84200000000328,28.72200000000049,-42.02900000000014,0.5769999999984066,7.199999999999918,-2.243999999999957,1.7269999999996344,-5.526000000000408,-0.5759999999995102,3.135999999999939,11.35799999999989,-2.5960000000026184,-4.852999999999952,-30.196000000000826,-163.41199999999958,2.5539999999978136,-29.046999999999912,16.25800000000197,-99.14399999999972,16.89800000000048,-65.16499999999992,-61.14499999999907,3.857999999999606,-7.683000000000018,-3.8340000000005143
844.6380000000005,-272.95899999999733,414.7950000000037,1101.2390000000005,-215.6799999999976,475.30500000002576,483.3289999999999,-336.3340000000008,321.349999999984,816.255000000001,-484.3249999999984,319.25099999998565,327.0130000000023,-628.5870000000001,66.6740000000118,1280.7859999999948,-698.6449999999991,372.5220000000036,1257.3189999999995,-88.5409999999979,398.2110000000034,281.23799999999903,-87.80900000000003,385.5829999999969,192.5270000000012,-49.85499999999945,358.9229999999816,555.8109999999999,327.4190000000001,580.6700000000092,156.21699999999805,-263.29899999999986,28.77200000000357,80.5570000000003,47.97000000000011,52.434999999991305,-65.91200000000015,-209.29000000000144,-64.91700000001401,80.17899999999827,-396.608,-50.81799999999248,-49.6879999999976,-310.70100000000025,-19.1379999999981,10.049999999995409,-167.41600000000005,116.769000000005,-72.44000000000028,-46.99400000000082,-119.49299999999994,-88.83600000000058,46.42000000000053,-129.589,20.77000000000453,-54.833999999999605,-2.90600000000012,89.75599999999986,-1.1019999999994925,-27.319999999997435,33.42100000000059,-30.35699999999988,-3.404999999992242,36.84200000000004,-37.13899999999981,1.51299999999992,5.52899999999994,4.221000000000075,-1.304999999999268,-4.487999999999204,-1.4800000000001037,-0.6009999999996296,14.27800000000019,1.3830000000012888,-5.460999999999672,-30.78299999999956,-166.8769999999995,3.759999999999764,-12.889999999998736,2.42099999999823,-100.13900000000008,30.64199999999744,-89.79400000000001,-13.30000000000382,3.490000000002169,-12.211999999999978,-3.370999999999924
851.6529999999999,-287.2460000000018,389.87999999999374,1120.4669999999996,-240.29900000000453,471.3989999999967,488.963,-338.30099999999914,321.2410000000091,825.7019999999983,-502.6049999999998,316.4790000000039,322.327999999996,-645.648,60.79099999999471,1279.514000000006,-685.4399999999998,377.855999999997,1279.5600000000006,-170.71200000000317,399.7679999999946,281.51500000000027,-76.31700000000005,381.0550000000149,203.20799999999792,-34.69400000000178,344.9950000000172,538.9009999999985,366.043,597.0280000000002,152.86199999999894,-267.69300000000004,27.44199999999637,95.69199999999968,47.898,48.694000000000415,-69.10200000000088,-210.4279999999989,-66.55299999997624,88.5590000000036,-166.155,57.29999999999791,-158.11499999999796,-293.0020000000013,-2.0469999999988886,-54.257999999998674,-181.6249999999997,-17.65100000000075,-58.8009999999997,-34.389999999996235,-116.47799999999933,-39.89599999999882,38.793999999995776,-151.06899999999968,18.94499999999653,-45.52200000000255,-1.6379999999998065,82.29100000000074,-13.35600000000028,-17.540999999994256,44.65699999999941,-31.242000000000125,-7.199000000008482,32.078999999998814,22.29000000000028,19.6200000000033,8.592000000000155,2.0879999999998238,0.757999999999015,-6.008000000000635,4.438000000000386,2.5039999999997065,8.440000000000225,0.9370000000018308,-5.503000000000213,-48.72300000000109,-162.85000000000025,12.268000000000256,-20.28099999999995,-1.2779999999992242,-94.8369999999997,32.083000000002926,-98.22100000000002,-14.607999999998356,-2.314000000001215,-8.664000000000005,-7.706999999999198
860.4079999999999,-291.94999999999993,410.8159999999998,1129.9929999999997,-260.4029999999966,462.4759999999924,485.716,-341.98500000000035,308.4229999999934,837.906000000001,-521.0200000000015,320.2520000000049,314.9050000000017,-652.385,58.76499999999396,1280.129999999997,-776.261999999997,377.9170000000022,1288.485,-147.76299999999765,411.9570000000067,292.01300000000003,-69.21,376.3429999999744,166.9450000000012,15.673000000001023,333.6919999999964,562.3590000000036,404.0369999999999,599.4449999999915,154.62700000000495,-275.137,30.193999999994503,154.08000000000044,11.596999999999724,20.8439999999996,-71.21899999999926,-210.48100000000147,-62.13400000001457,89.2599999999959,-149.34400000000005,-45.17799999999852,-105.33800000000042,-286.463999999998,-14.764999999999873,-119.29000000000087,-207.5240000000008,-137.11299999999935,-54.16600000000358,-14.960000000002085,-128.68500000000012,9.277000000000156,31.186000000002423,-166.8300000000002,18.270999999998597,-41.90599999999733,-2.664000000000044,96.29000000000048,-28.528999999999627,-10.736000000008517,47.60400000000047,-23.436000000000057,-24.890999999996662,54.16000000000025,-106.1230000000002,-23.745999999999867,8.323999999999998,1.0290000000001245,2.871000000000379,-2.523000000000053,-0.308000000000419,0.408000000000186,14.880000000000848,-0.1800000000031332,0.6300000000003081,-37.67199999999775,-183.37300000000027,-2.105999999997721,-12.262000000001194,-10.779999999999744,-84.53300000000041,35.62100000000044,-106.96200000000005,-15.354000000002088,3.8619999999980337,-12.91600000000006,-7.097000000000264
868.6269999999998,-315.54399999999987,374.9509999999873,1146.453,-252.22499999999852,460.0950000000012,492.6500000000001,-348.77899999999966,303.80800000000363,842.1169999999989,-548.411999999999,315.00200000000405,283.2729999999998,-652.1579999999997,37.3410000000149,1273.746,-870.9310000000016,367.2370000000001,1295.761999999999,-215.9580000000005,406.1649999999986,302.77600000000007,-66.0569999999998,367.7240000000211,138.83600000000058,74.05399999999815,312.3529999999846,580.6339999999977,440.6670000000001,597.0820000000003,158.63899999999944,-276.577,33.86200000001054,37.61399999999995,86.82700000000025,70.99000000000615,-66.08599999999853,-216.3340000000005,-61.42500000000837,143.4000000000026,-596.3469999999999,-73.33399999999983,-96.30999999999972,-281.67399999999816,-11.779999999998836,5.178999999998268,-148.94099999999924,103.73899999999594,-38.85199999999713,-59.40799999999626,-91.5930000000003,-62.16799999999978,8.2520000000045,-108.31400000000002,18.933000000004085,-39.97800000000211,-0.5450000000003286,101.10199999999878,-26.395000000000124,-19.123000000001863,30.984000000000123,-37.01799999999995,10.67899999999895,45.25900000000007,-32.73100000000042,3.879000000000588,10.370999999999952,-0.6170000000000897,1.6360000000005923,-6.483999999999668,-1.6339999999999577,1.971999999999952,12.726999999999578,-1.4869999999973516,-7.856999999999914,-46.97100000000205,-164.86400000000003,6.746999999995751,-14.520999999999162,-20.07399999999961,-79.85299999999995,30.08999999999844,-127.69299999999998,-39.7609999999986,1.9980000000018092,-13.633000000000006,-6.297000000000708
873.994,-328.00100000000043,380.45600000000377,1153.031,-313.4410000000031,447.8520000000117,497.064,-347.3720000000007,295.2389999999923,845.1330000000013,-539.2089999999996,338.4520000000066,297.3160000000007,-666.0800000000002,47.16799999998784,1278.0149999999992,-906.4249999999988,374.60899999998674,1318.983,-331.67399999999816,392.4859999999967,307.82799999999924,-55.112000000000094,360.082999999986,161.25700000000052,72.07900000000222,301.6599999999926,585.5709999999988,466.363,595.9900000000061,152.88699999999835,-272.24499999999995,28.278000000000247,172.98299999999998,9.45999999999998,18.17599999999402,-71.96100000000172,-211.1009999999993,-61.730999999986125,15.544999999997344,150.39,87.45099999999866,-101.04400000000167,-290.1960000000031,-7.391000000001213,-123.5809999999958,-202.51700000000312,-129.5319999999947,-34.21599999999785,-45.24600000000305,-111.70199999999966,26.587999999998143,5.208999999996422,-151.8979999999999,16.87000000000012,-33.18500000000029,-3.571999999999776,105.25900000000092,-27.974000000000387,-18.523999999990792,29.027999999999565,-25.91000000000001,-0.6019999999978154,48.81300000000124,-44.44899999999947,0.3239999999948395,16.026000000000096,31.00100000000019,-27.55200000000002,-4.201000000000477,2.541000000000082,2.208999999999861,16.53699999999958,2.2039999999975635,-1.7520000000004643,-42.683999999999855,-168.3940000000007,2.735000000001264,-4.6670000000005984,-35.88000000000022,-84.281,51.3559999999984,-90.35599999999998,0.476000000003296,3.784000000000276,-10.041000000000013,-5.423999999999296
890.094,-342.7490000000006,375.5990000000111,1163.9899999999998,-334.738999999999,437.6099999999951,488.6950000000001,-307.77399999999983,265.99200000000565,849.9889999999994,-591.8070000000029,299.81699999998455,283.7130000000002,-673.9409999999999,39.8930000000064,1270.4009999999982,-965.5879999999996,362.4030000000175,1320.1289999999983,-324.6399999999994,395.5929999999967,319.57800000000134,-51.82200000000012,347.74200000001656,150.94399999999837,166.87599999999918,275.9770000000117,652.9240000000016,517.181,583.141999999998,179.76400000000012,-277.75300000000004,19.707999999991443,132.40100000000012,19.082999999999828,28.99200000000519,-70.60299999999984,-212.38899999999887,-61.36500000000069,112.36900000000104,-317.2249999999998,73.93799999999828,-102.58799999999724,-274.418,-16.840000000001965,6.225999999998066,-147.01799999999707,100.46999999999572,-20.404000000002043,-64.53500000000076,-92.14500000000072,-48.58700000000056,-13.677999999998748,-93.67700000000028,15.844999999995936,-37.67699999999934,-0.8670000000002176,105.29599999999988,-22.035999999999238,-13.90999999999849,48.2050000000001,-26.984999999999992,-5.777000000000498,50.11999999999972,-41.638000000000375,1.1900000000025557,7.329000000000008,-18.53800000000021,31.75899999999956,-6.161999999999779,0.421999999999656,2.3730000000000477,14.797000000000082,-1.2259999999969295,-5.187999999999704,-60.35599999999874,-179.3520000000001,10.425000000003593,-13.194999999998911,-34.854000000001406,-72.35099999999903,45.49100000000124,-117.887,-20.07499999999709,1.0709999999988895,-15.102999999999955,-5.062000000000921
883.7109999999999,-343.6569999999989,378.3199999999852,1164.9640000000002,-358.0060000000003,426.9040000000132,503.049,-347.6019999999998,282.67799999998715,860.8609999999999,-609.9670000000003,293.7380000000076,272.31299999999976,-677.2570000000002,30.322000000001022,1253.0149999999992,-1020.7280000000026,349.08399999999347,1315.8299999999997,-401.2250000000023,386.2610000000018,330.65599999999904,-48.19000000000013,331.1770000000024,103.10400000000186,168.6109999999985,260.4730000000018,620.7789999999989,526.7439999999999,568.4819999999945,145.44099999999958,-297.73199999999986,39.917000000002645,99.34200000000004,83.12900000000027,68.0659999999989,-91.20800000000033,-161.2940000000009,-80.93300000000454,74.28600000000074,-231.64000000000016,41.96800000000849,-100.06100000000517,-281.9410000000005,-8.443999999997231,-116.14700000000084,-186.59100000000137,-96.16399999999884,-19.803000000001703,-65.28999999999883,-94.7269999999989,36.37500000000102,-18.047999999998865,-140.02499999999998,14.118000000001985,-38.34699999999884,-1.5349999999997976,79.77499999999935,-15.122000000000211,-41.89400000000205,54.96400000000037,-20.64699999999995,-4.721000000000686,50.18699999999967,-49.01199999999975,-3.408999999999196,14.114999999999966,5.970999999999904,2.0240000000001146,-3.9059999999999206,-0.1679999999993242,2.470000000000283,14.852000000000489,0.3259999999983165,-6.522000000000361,-58.07499999999948,-180.4949999999991,6.911999999999807,-12.731000000002268,-46.24299999999835,-67.3490000000001,49.07300000000134,-105.788,-23.03100000000313,6.709000000002163,-11.773999999999951,-8.553999999999462
892.6590000000001,-374.1279999999989,336.12000000000535,1178.176,-387.4279999999999,401.8429999999853,510.0809999999999,-342.49000000000007,265.02700000000914,862.754000000001,-643.8749999999999,270.14200000000983,265.52099999999825,-683.3439999999996,27.01400000000831,1241.3670000000025,-1081.4089999999992,335.4370000000017,1317.566000000002,-409.1319999999996,390.2780000000007,335.9409999999997,-44.28099999999979,323.2179999999971,83.79099999999937,206.80100000000152,258.141999999998,641.840000000002,556.829,559.2100000000073,178.3869999999979,-306.91200000000015,32.51900000000205,116.06899999999952,61.38600000000025,42.94399999999996,-80.3069999999991,-197.05099999999905,-69.87300000000687,143.01700000000324,-696.2190000000003,-216.16200000000845,-101.53799999999364,-284.5579999999984,-9.564000000000306,-9.341999999998052,-186.50899999999808,69.87300000000118,-19.62899999999763,-55.55100000000266,-98.96500000000115,-39.68199999999911,-27.25199999999859,-84.09400000000034,12.32299999999782,-37.55700000000104,-2.381000000000455,166.72200000000004,-12.40100000000055,3.716999999994641,69.95300000000029,-18.07400000000001,-12.92100000000005,58.99000000000001,33.84099999999961,16.306000000002996,17.17899999999979,30.32900000000005,-28.8960000000003,-5.199000000000353,2.2050000000000125,3.200999999999965,20.667999999999157,-0.3559999999993124,-6.239999999999668,-58.96400000000028,-189.26699999999957,0.1919999999984156,-5.44399999999996,-53.72000000000128,-64.45800000000048,50.073000000000434,-114.182,-24.582000000003745,28.48799999999869,-21.8,-8.138999999999896
904.297,-371.5910000000008,359.3270000000075,1170.0250000000003,-392.7889999999991,404.3339999999944,517.203,-343.97400000000005,260.66900000000714,862.1499999999997,-653.0339999999967,265.6859999999824,251.982000000001,-687.3760000000011,17.590999999993073,1216.683999999998,-1135.6689999999985,323.3889999999974,1312.312,-542.2959999999989,377.1600000000035,347.4100000000007,-43.45400000000019,310.1310000000012,122.73099999999886,252.92699999999968,212.0980000000145,656.3079999999985,583.0420000000001,551.373000000001,188.6959999999988,-285.5410000000001,27.343999999993684,132.5630000000004,58.98099999999928,39.55700000000206,-79.13200000000131,-208.33700000000024,-64.2699999999877,67.08699999999794,-251.57299999999975,20.366999999998825,-97.3630000000071,-284.56600000000094,-8.68199999999888,-62.1910000000014,-186.0570000000024,-8.151000000003705,-12.416999999999234,-70.69399999999746,-106.6209999999998,41.97900000000061,-31.04200000000219,-129.37499999999957,12.740999999999758,-34.641999999999484,-2.031999999999812,125.3780000000006,-12.52799999999965,-21.47899999999936,57.07299999999975,-15.310000000000024,-5.072000000001253,73.95400000000052,-102.7169999999998,-25.37600000000566,13.717000000000112,-17.99900000000001,31.396999999999764,-2.9439999999993915,2.9259999999993624,4.010999999999854,23.226999999999972,1.3239999999996144,-13.922999999999774,-55.49000000000035,-199.62600000000063,5.554000000000769,-4.784999999998263,-55.35500000000013,-52.26100000000002,50.26200000000074,-106.01600000000002,-24.750000000000227,7.496000000000436,-12.145000000000028,-4.92100000000022
900.0389999999995,-389.2330000000016,313.4400000000141,1170.4749999999997,-414.0060000000005,386.4739999999984,527.082,-315.75600000000003,242.3699999999826,870.9980000000002,-697.6290000000034,328.5880000000134,248.2779999999991,-698.1989999999996,18.51799999999457,1182.4340000000009,-1179.6550000000025,318.6400000000049,1322.5449999999994,-485.4480000000024,396.0079999999948,360.2319999999992,-44.06399999999984,293.0299999999761,74.418,296.17299999999886,209.99699999999848,665.7710000000009,610.473,545.501999999999,129.24800000000118,-326.4429999999997,51.53800000000501,132.44399999999956,62.34800000000078,36.266999999998006,-86.64100000000019,-190.99300000000028,-71.4350000000195,87.96399999999949,-300.6290000000004,-15.202999999996791,-97.96399999999608,-288.03199999999833,-7.822000000004436,-110.70300000000088,-189.9499999999989,-68.64599999999541,-10.184000000003834,-79.69899999999939,-83.74199999999945,-37.24100000000021,-39.29499999999848,-72.86399999999986,6.607000000002472,-36.21200000000045,-0.4149999999995657,96.82100000000132,7.746000000000208,-49.20000000000755,44.0649999999998,-0.2240000000000463,-0.6039999999984502,57.38199999999836,-29.186999999999585,-1.2389999999982138,13.277000000000072,3.812000000000282,4.245000000000232,-4.637000000000313,2.7360000000001605,3.797000000000139,20.526999999999877,0.2060000000000172,-10.929000000000144,-54.59899999999891,-193.04500000000075,14.819999999997435,-5.325999999999453,-63.53599999999915,-45.02999999999986,51.959999999999695,-103.20500000000004,-24.221999999991795,-18.534000000001072,-11.129000000000032,-7.850999999999431
913.747,-389.7309999999976,337.51199999999244,1160.3220000000008,-431.4099999999996,368.26200000000426,540.6419999999997,-371.0449999999998,261.6700000000037,845.859999999999,-722.620999999998,243.4579999999869,236.790000000002,-698.9979999999988,11.437999999998285,1148.2850000000042,-1210.8630000000005,305.96899999998186,1289.6100000000015,-585.3289999999987,388.2389999999986,363.1230000000002,-40.38699999999977,288.29400000001897,40.46000000000163,336.7220000000032,209.3999999999824,684.2129999999997,638.9720000000001,538.0429999999933,144.10100000000057,-329.4830000000001,29.553999999995995,146.31800000000013,100.27999999999936,65.02100000000155,-87.77399999999886,-200.8700000000005,-67.15099999998984,74.9210000000005,-244.35499999999985,3.125,-94.99600000000328,-280.42800000000057,-4.879999999997153,-3.622000000001435,-182.09099999999975,67.56899999999746,-11.843999999996411,-72.4679999999978,-95.75600000000009,1.7369999999999663,-42.236000000002605,-87.29700000000022,3.4179999999992106,-34.28000000000111,0.2669999999994843,169.3669999999983,-24.155999999999977,8.838000000002921,63.01799999999957,5.9200000000000585,-2.8959999999983665,51.14500000000106,-21.70300000000012,-5.3799999999966985,10.941000000000043,3.113999999999706,1.7560000000003129,-2.886999999999773,2.1790000000002863,5.550999999999817,24.920000000000183,1.2839999999982863,-10.085000000000122,-48.05300000000159,-204.96199999999905,10.08899999999926,-4.045000000002119,-62.55299999999977,-40.25299999999987,55.37199999999984,-74.491,-20.340000000004466,6.983999999999924,-11.585,-4.482000000000141
907.9880000000004,-403.7810000000008,308.3129999999983,1167.2489999999996,-449.41300000000126,353.9549999999963,542.8350000000002,-344.041,241.96799999999712,832.1470000000005,-750.0609999999995,240.55100000000493,234.81499999999755,-705.5400000000005,12.987999999995736,1105.766999999997,-1274.623999999997,315.66200000002027,1267.2500000000014,-682.4569999999994,377.2460000000024,373.7890000000007,-27.99300000000038,278.79599999998845,36.37899999999945,388.3239999999972,191.58900000002177,702.7999999999992,659.4659999999998,528.3750000000055,174.01200000000472,-317.14100000000013,34.42300000000387,138.26099999999997,33.86500000000083,11.08399999999392,-101.85700000000112,-166.8769999999995,-71.12999999999374,91.0699999999963,-226.4890000000001,55.26099999999588,-82.4639999999988,-278.73300000000256,3.982999999999493,-97.08899999999971,-189.26999999999907,-52.402000000000726,-5.822999999998046,-73.64100000000349,-81.33200000000045,5.640999999999963,-40.12199999999666,-77.26000000000042,3.640000000001464,-33.93399999999929,-0.4539999999998656,144.78200000000072,-1.59800000000061,-12.633999999991374,40.08700000000047,-20.340999999999987,24.764999999996466,55.94600000000014,-21.12600000000029,-1.4830000000017662,11.536999999999864,4.236000000000217,2.308999999999628,-1.3310000000004152,1.4579999999995152,6.020000000000181,21.477000000000142,2.133000000000606,-8.5090000000001,-52.176000000000045,-216.0740000000004,19.195000000007667,-2.5080000000002656,-62.07500000000152,-31.489000000000544,70.12499999999875,-121.33900000000004,41.58400000000029,7.176000000001181,-8.756999999999948,-4.35499999999962
911.37,-406.2550000000016,296.0689999999886,1165.2829999999994,-480.4869999999994,332.2879999999941,533.56,-358.32000000000016,244.44600000001628,821.5440000000001,-769.2400000000006,232.19000000001412,215.76200000000085,-706.7440000000005,3.735000000006039,1054.8310000000015,-1298.2060000000015,299.1939999999886,1238.1550000000004,-686.2269999999995,383.6180000000013,386.77299999999946,-17.815999999999832,276.34300000001986,18.567999999999078,440.39100000000246,189.391999999998,695.9429999999998,678.5350000000001,528.8819999999987,176.07699999999795,-320.80200000000013,40.0639999999953,159.8260000000003,36.97899999999947,-3.923999999994976,-90.84000000000005,-189.62799999999905,-63.62400000000434,73.90500000000202,-195.599,53.53400000000192,-73.05000000000064,-270.4349999999977,4.586999999997943,-0.2529999999978827,-179.2100000000005,71.7960000000005,-4.312000000004446,-73.68200000000229,-59.16699999999935,47.14199999999949,-41.62600000000225,-91.45899999999968,5.016999999998006,-31.211999999999307,-0.1019999999996912,131.31600000000105,2.936000000000405,-10.816000000011172,55.70400000000007,14.2809999999999,0.8050000000025648,55.79699999999974,-1.6429999999999725,-1.8250000000023192,33.36299999999994,18.94500000000008,-0.1710000000002765,-4.884999999999451,3.750000000000142,7.381999999999778,19.72499999999968,1.723999999998682,-8.811999999999642,-35.43099999999697,-219.4009999999992,27.40199999999504,-2.77099999999848,-61.0730000000018,-19.360000000000355,53.32800000000191,-63.28799999999983,-18.900000000002137,3.572999999998672,-7.493000000000016,-6.704000000000576
913.1479999999996,-410.25499999999937,284.4479999999976,1184.026,-459.0100000000007,321.9600000000128,562.6970000000007,-323.77199999999993,230.8219999999892,800.7780000000025,-774.3709999999993,204.10199999998892,206.9819999999993,-702.9910000000001,3.492000000005646,1010.4859999999974,-1331.897999999998,284.64400000000296,1206.565999999998,-713.9130000000023,382.44700000000194,386.90500000000014,-3.172999999999959,274.3159999999989,-2.4139999999988504,489.0609999999981,196.70399999999967,795.711,713.3980000000001,521.6919999999959,172.65299999999684,-325.5200000000002,43.45100000000457,162.70999999999987,83.72700000000002,54.41200000000208,-91.32499999999766,-187.24500000000148,-65.12399999999161,104.9410000000023,-314.4529999999996,2.795000000003256,-58.99699999999939,-263.9739999999989,15.64000000000192,-28.91899999999623,-169.60500000000138,8.717999999998938,0.6349999999997635,-69.51599999999871,-63.54400000000027,-36.852000000001794,-37.04500000000053,-25.0239999999998,2.848000000000184,-32.04499999999939,-3.359999999999985,146.18899999999826,-12.156000000000232,-13.62899999999172,77.23499999999959,40.36799999999996,-32.70500000000425,61.61400000000015,-10.504000000000246,-5.750000000000455,-4.956999999999923,-2.5780000000001024,10.672000000000992,1.015999999999906,5.559000000000225,8.482999999999663,23.39300000000009,7.144000000002393,-8.024000000000342,-23.29100000000324,-211.6960000000006,33.459999999996626,1.5299999999996317,-53.67299999999773,-8.148999999998807,52.93399999999906,-52.85800000000007,-19.717000000002827,36.32800000000032,-12.89100000000003,-0.0039999999998485
906.2780000000004,-418.2220000000001,250.73300000001385,1156.8459999999986,-506.241,293.2250000000068,540.1959999999988,-277.42000000000024,215.13700000000424,786.6239999999948,-769.7340000000011,220.14100000001235,188.9099999999985,-701.7749999999992,0.8659999999963475,960.3180000000008,-1363.9680000000012,267.5899999999956,1169.2459999999985,-738.2049999999992,384.3499999999949,393.7170000000009,13.208999999999804,270.2639999999974,-8.073000000001684,545.001000000002,194.75099999999657,807.9070000000002,706.1529999999998,489.8500000000013,137.52099999999814,-350.9459999999997,50.78099999999495,164.81799999999964,91.41499999999994,48.13299999999572,-93.01900000000104,-181.053,-56.23800000000756,92.9959999999994,-253.0709999999999,35.73599999999715,-36.79799999999887,-250.81300000000223,16.046000000005733,-20.114000000006627,-165.69299999999885,13.769999999999529,5.414000000001806,-61.01699999999824,-53.27099999999945,8.493000000001416,-36.37400000000071,-42.01600000000028,9.023999999999432,-4.3049999999993815,4.307999999999623,120.34900000000022,29.2030000000004,-18.52999999999838,62.06000000000032,11.98200000000007,-2.52699999999777,57.235000000000014,-10.822999999999894,-2.0469999999988886,15.940000000000154,14.01299999999992,6.101999999999919,-4.006000000000398,7.466999999999757,9.140000000000017,22.57800000000003,4.668000000000916,-8.579999999999899,-13.298000000000345,-203.04200000000063,34.57000000000221,10.430999999999813,-57.47000000000071,-2.1129999999999427,51.28199999999765,2.3880000000000123,-75.06699999999569,-18.87899999999973,5.435999999999996,-5.232999999999777
921.0279999999996,-412.2219999999999,280.71299999999155,1140.4560000000004,-542.0590000000004,275.3909999999905,533.429000000001,-336.12399999999985,234.4479999999976,809.4820000000027,-889.7349999999989,244.82499999999163,172.5590000000011,-701.7570000000006,-2.6119999999991705,901.4920000000018,-1409.5399999999995,248.3030000000099,1132.4900000000014,-753.873999999999,391.5470000000028,397.3829999999992,23.414999999999964,273.6199999999826,-15.01299999999901,596.1169999999981,196.42300000000432,801.8000000000001,724.2170000000009,497.3389999999995,191.98000000000093,-335.01799999999946,62.86600000000817,165.7730000000008,39.92299999999993,-8.190999999999349,-96.33499999999913,-172.38299999999924,-58.17899999999554,103.70800000000033,-277.5759999999998,42.60900000000447,-25.754000000000588,-250.75899999999933,27.52999999999588,-11.739999999997508,-153.67300000000057,15.64000000000192,7.568000000003394,-52.20600000000104,-45.10700000000014,13.0439999999993,-35.72699999999713,-31.76399999999973,3.076000000004342,-21.502000000000976,-2.90600000000012,123.921,26.661,-23.419000000001237,75.08899999999983,2.0519999999999428,34.16700000000219,60.94700000000017,-7.9139999999995325,0.9729999999990468,14.681999999999816,7.983000000000118,6.4869999999999095,1.023000000000707,2.9050000000005127,11.943000000000836,16.65800000000104,5.575999999999226,-8.642000000000394,-29.865999999998397,-248.9769999999993,38.04600000000278,5.879000000001611,-45.98999999999762,5.622999999999934,115.45700000000352,-96.26900000000002,-12.754000000001042,34.90900000000039,-18.408999999999946,0.1429999999999154
912.7409999999998,-419.49400000000026,245.61700000001565,1177.2140000000006,-529.5549999999992,257.97099999999773,540.3829999999984,-321.66,219.0679999999929,772.7599999999995,-851.9770000000008,198.59599999999773,150.86300000000392,-722.7009999999992,11.657999999988531,879.849999999999,-1399.289999999999,234.2649999999821,1088.6809999999969,-769.2720000000008,401.8190000000004,403.2489999999996,39.35300000000019,269.1650000000209,-19.943000000000666,646.0360000000009,199.2439999999988,809.987000000001,731.7969999999988,501.0430000000042,181.39400000000592,-342.633,60.74199999999337,208.53099999999927,132.77300000000025,81.35999999999513,-93.51500000000216,-166.42300000000034,-48.766999999998006,106.21299999999678,-271.7330000000004,42.71800000000212,-12.331999999997834,-237.9969999999986,28.79899999999793,-6.493999999997868,-144.84099999999955,17.45300000000043,5.285999999995283,-51.9079999999974,-35.797999999999774,8.360000000001833,-21.472000000005664,-25.09700000000024,4.84599999999773,-19.122999999999024,-0.6809999999994432,148.6779999999996,-13.850000000000051,-20.862000000010998,78.34900000000005,18.349999999999863,-47.81500000000278,62.64599999999945,-1.9110000000004843,-4.323999999996886,18.2890000000004,10.809000000000069,7.656000000000063,-4.700000000000415,19.56599999999966,7.79099999999957,17.707999999998947,5.337000000000103,-6.112999999999857,30.22399999999834,-159.4620000000006,47.23799999999869,9.54799999999807,-46.8040000000002,2.599999999999625,67.52799999999581,-52.58699999999994,-19.765999999998485,9.376000000000316,-9.88200000000008,-6.977000000000544
904.0720000000008,-427.2779999999997,234.7899999999754,1165.019000000001,-567.1539999999993,237.70700000000036,513.909000000001,-307.247,214.08700000001767,757.9070000000002,-872.863000000001,188.18300000000363,129.98399999999606,-670.3719999999989,-23.632999999995263,798.2689999999991,-1463.3310000000008,211.487000000011,1059.6920000000068,-780.2019999999999,410.6139999999982,404.68700000000126,49.41400000000016,275.09799999997995,-17.43799999999851,694.2469999999986,203.3569999999827,859.178,735.4370000000002,486.51800000000094,170.8189999999945,-344.95900000000006,52.71599999999808,214.86500000000035,80.03900000000002,-28.906999999992426,-102.80299999999728,-158.45799999999883,-47.082000000000335,124.89300000000298,-276.8190000000004,56.01199999999835,-0.461000000001377,-221.85400000000183,21.420999999998003,4.830999999995811,-144.20900000000074,18.648999999999205,5.214999999998327,-39.889000000005126,-29.350000000000875,8.32099999999798,-17.803999999995312,-21.22799999999998,4.494999999997162,-14.680000000001314,-3.359999999999985,152.1259999999998,14.703000000000088,-21.88699999999244,50.76600000000013,-7.212999999999781,21.170000000000755,74.88000000000028,-19.034999999999517,-7.6420000000041455,43.17499999999974,17.716999999999672,-1.3339999999999463,6.85799999999972,-11.12499999999983,7.3599999999999,17.67200000000031,6.522999999998547,-3.562000000000154,46.22400000000084,-146.93599999999947,55.96299999999701,5.871000000001914,-31.291000000001645,10.040999999999656,67.43300000000261,-107.94800000000002,32.27799999999661,10.732999999999038,-11.976999999999991,0.8899999999997021
905.3489999999996,-433.6759999999998,220.47200000001797,1169.4349999999986,-613.8320000000022,215.9429999999929,516.3330000000002,-310.379,209.8259999999982,745.6759999999974,-892.1029999999987,167.3340000000053,111.36200000000258,-694.6359999999999,-9.740999999985434,802.0660000000021,-1445.1519999999994,210.33899999999903,1049.792999999994,-793.7369999999987,397.5400000000036,406.19499999999886,62.25100000000001,266.199000000006,-8.438000000001011,741.8470000000013,210.49800000000687,881.9130000000001,741.592,487.13400000001457,188.9949999999999,-340.3740000000006,64.2280000000028,238.88199999999955,104.71799999999972,58.11199999999417,-103.52200000000096,-158.3040000000011,-40.68600000000515,140.59799999999996,-276.914,50.714000000004944,6.176999999996724,-212.1639999999985,25.091000000003305,9.296000000000504,-127.88099999999928,21.911999999997533,4.259999999999309,-32.75499999999738,-27.338999999999203,8.55799999999931,-12.20700000000079,-18.11999999999969,4.441000000002759,-11.397999999999795,-0.0210000000002708,152.30400000000088,16.308999999999685,-28.16800000000512,101.94699999999985,25.517000000000145,-24.97200000000248,80.34300000000059,-19.918000000000543,-2.3739999999975225,8.11099999999989,1.097999999999999,15.176999999999907,1.0320000000007212,5.270000000000152,6.930999999999443,13.867000000000472,12.0410000000021,-0.1729999999994902,44.535999999999376,-145.49200000000013,53.68700000000217,8.184999999997444,-27.68099999999833,4.07600000000059,77.7150000000006,-15.883999999999965,-85.74499999999716,17.790999999999713,-11.082999999999998,-11.730999999998916
899.3230000000011,-447.02099999999945,186.6689999999835,1173.1830000000002,-617.6220000000001,204.5770000000175,507.0229999999995,-301.154,197.97399999999925,731.3110000000052,-908.2990000000002,158.60600000000886,93.16099999999778,-693.1230000000028,-23.05900000001202,684.4389999999976,-1463.0679999999998,175.7569999999987,988.9980000000036,-819.2370000000011,413.6110000000031,414.376,74.65899999999976,263.9280000000099,-1.2759999999985894,785.2219999999988,213.52500000000416,886.1169999999987,735.0030000000004,493.1269999999813,198.70000000000232,-345.66599999999994,71.14199999999755,121.3549999999998,91.81200000000018,73.24200000000474,-108.10199999999952,-147.90199999999913,-41.40600000000632,155.2979999999991,-266.0109999999996,67.29199999998627,9.012000000006992,-218.40100000000007,28.26000000000022,16.928000000001475,-109.77800000000002,32.30599999999981,5.9640000000058535,-30.687999999997828,-22.70299999999992,7.057000000000357,-9.509000000002745,-12.667000000000428,4.187000000001717,-11.483000000001198,-2.4729999999998142,154.99999999999972,13.633999999999702,-30.822999999998046,75.51500000000004,5.897999999999826,-15.2279999999962,82.00099999999964,64.14400000000029,15.587999999996782,34.35500000000005,11.650000000000205,11.054999999998929,2.850999999999715,15.046999999999857,4.268000000000427,28.81399999999985,1.1149999999986449,-11.827000000000254,55.51600000000008,-126.50500000000022,54.50999999999908,10.918000000000916,-24.90500000000111,5.455999999999506,36.46399999999801,-12.798000000000089,-35.272000000003345,-19.753000000000043,72.14200000000001,-42.72500000000008
897.0179999999999,-447.3520000000008,192.5050000000056,1181.4570000000003,-600.2699999999976,199.12199999998847,497.3950000000002,-293.763,188.9159999999947,707.0740000000001,-932.795,154.8589999999649,71.78900000000112,-692.6769999999976,-29.59000000000742,666.0250000000019,-1471.6360000000002,171.0700000000088,958.7929999999972,-845.0790000000012,396.0259999999949,416.55900000000014,89.9980000000001,259.97299999999086,13.772999999997635,828.5560000000004,218.96999999999025,924.167,727.9780000000002,488.7940000000072,178.47899999999868,-350.92300000000023,66.16200000000845,219.9380000000005,95.22499999999994,30.835000000001852,-108.55700000000184,-130.9870000000018,-46.93600000000515,168.1730000000016,-260.9590000000004,62.665000000004056,13.286999999996851,-220.19500000000107,29.95599999999854,16.052000000001954,-132.22100000000125,11.819000000002688,2.32799999999429,-22.312000000005128,-18.883000000001005,-26.358999999999355,-20.38000000000011,-6.289999999999907,4.782000000000153,-9.4949999999983,-0.4229999999999734,177.83799999999985,33.52199999999996,-28.289999999992688,115.27699999999967,4.888000000000048,-4.53499999999849,106.10199999999992,-13.159999999999885,-15.160999999994829,64.5430000000001,22.42299999999986,3.117000000000303,10.178000000000509,-12.84300000000016,7.488000000000028,26.55599999999936,9.19099999999844,-8.639000000000152,66.04300000000194,-131.9810000000004,40.09399999999914,8.70299999999986,-24.768000000000256,6.420999999998855,118.7039999999996,-47.64300000000006,-25.4669999999976,31.100000000000705,-75.774,9.74999999999966
897.0460000000003,-461.8299999999991,182.0560000000114,1170.6240000000007,-711.8899999999996,170.5560000000105,491.0510000000002,-290.231,179.1629999999941,684.76,-954.5839999999998,139.85600000000886,51.94700000000125,-684.3620000000016,-38.0619999999908,634.0149999999994,-1468.5030000000002,161.88899999999649,942.111,-854.5259999999985,378.9740000000052,427.8980000000004,103.83699999999986,248.413000000005,27.75100000000066,871.3769999999996,222.0330000000104,974.2680000000008,727.1659999999997,504.5039999999972,221.7559999999992,-327.38299999999964,60.296999999991385,223.28299999999928,87.25500000000004,22.808999999995194,-114.233999999999,-136.28400000000056,-41.467999999986205,183.22999999999752,-284.9699999999991,51.21400000000449,11.930000000000971,-199.5910000000009,27.846999999997024,54.33999999999628,-117.21799999999972,35.93500000000063,0.9310000000027684,-20.75199999999313,-25.94799999999964,4.623000000000843,-5.221000000000231,-12.58099999999942,3.670999999997093,-8.301000000000158,-0.4440000000002442,191.76299999999884,-25.81699999999998,-41.423999999994976,99.315,7.085000000000008,-22.818000000000893,112.7989999999997,11.204999999999645,5.227999999999611,21.648999999999678,3.2859999999999445,16.501000000000943,2.9749999999999943,19.655999999999807,6.271000000000271,35.020000000000095,5.725000000001046,-12.413000000000096,72.13299999999947,-95.07099999999866,56.62900000000377,-23.67199999999912,28.2669999999996,17.674000000000945,111.41500000000237,-126.80699999999996,-42.108000000001766,25.683999999999685,51.27699999999997,-43.43300000000028
888.9959999999974,-467.4040000000005,166.1619999999857,1173.7030000000004,-690.5410000000018,167.6150000000007,488.41699999999975,-281.799,165.44200000000728,656.3229999999976,-962.9129999999996,132.23800000000665,33.37399999999775,-677.1819999999991,-42.85899999999856,549.9790000000019,-1480.0559999999998,145.6670000000031,936.9050000000016,-849.2220000000003,371.12999999999374,431.0879999999997,115.273,243.1519999999864,74.48699999999917,899.8800000000002,223.53599999999005,994.2030000000002,706.6119999999984,477.3809999999912,133.2429999999988,-379.4809999999998,60.86400000000367,218.3880000000002,97.429,23.13800000000583,-119.04700000000048,-134.3219999999974,-42.26000000001022,186.5880000000004,-257.6039999999992,68.37799999999561,13.713999999998803,-214.92599999999985,28.033000000004904,-6.610999999998057,-102.36799999999846,31.804999999997108,7.019000000002507,-14.465000000001282,-13.97800000000018,4.876999999999043,-7.934999999997672,-12.251000000000545,4.171999999999798,-9.0360000000004,-3.4530000000003724,194.26500000000144,4.536000000000229,-40.60100000001512,135.06200000000064,8.783999999999992,-10.60799999999631,106.9119999999998,-609.2079999999995,-139.72500000000423,54.01900000000026,23.50600000000007,7.8149999999993724,8.06699999999907,2.6520000000004984,4.748000000000019,35.47000000000082,9.376000000000316,-8.11299999999946,77.9389999999978,-110.32900000000012,49.95999999999867,9.139999999999304,-20.92500000000257,7.054999999999723,56.15799999999922,-15.212000000000003,-42.6179999999988,68.65499999999969,-96.06500000000004,26.64299999999997
881.1850000000021,-479.53700000000055,152.0140000000083,1169.171,-719.1509999999994,151.6969999999901,477.7799999999999,-270.003,150.38999999999305,639.267000000001,-949.6800000000004,128.28400000000784,7.45600000000195,-673.3969999999999,-51.51299999999992,504.604999999998,-1482.979,133.64199999998618,893.3249999999987,-876.7450000000025,355.1209999999969,440.0750000000002,127.56500000000004,240.00300000000152,86.59700000000043,938.5080000000002,230.44400000001133,1023.3859999999992,697.1520000000012,470.0559999999996,161.80400000000077,-358.5030000000003,57.80700000000252,219.9950000000001,98.0080000000001,8.190999999999349,-121.91499999999849,-159.06300000000044,-37.64699999999266,200.59800000000223,-268.8330000000008,47.81500000000278,11.60899999999856,-189.6269999999987,21.89999999999941,24.700999999998885,-116.09600000000172,12.10399999999936,9.237000000001672,-24.65800000000513,-15.492000000000417,48.04100000000062,6.085000000001628,-19.158000000000182,3.820999999999231,-7.661999999999125,-1.2969999999995707,199.9050000000011,22.796999999999912,-31.74399999999196,88.78999999999948,0.061999999999962,20.394999999996344,92.87199999999984,-21.247000000000327,-18.02099999999882,36.97899999999983,14.841000000000191,10.31200000000041,6.815000000000282,5.445999999999884,8.694999999999453,30.08299999999906,3.0990000000002738,-9.284000000000248,81.62300000000187,-87.46800000000121,37.12199999999939,7.1179999999998245,-23.75599999999736,9.371000000000151,151.0559999999998,-202.66399999999987,-29.9350000000004,-13.59599999999972,91.17500000000004,-60.65899999999971
877.0510000000002,-482.7150000000003,157.1409999999787,1147.6829999999975,-797.6920000000007,128.36899999999787,477.3229999999998,-261.473,144.8849999999993,582.7150000000017,-1014.2579999999998,114.92900000000644,-14.057000000002516,-678.2510000000002,-44.66600000000653,447.7019999999982,-1491.327,115.19800000000942,849.3870000000015,-905.9989999999984,333.5329999999999,448.5039999999998,139.5290000000001,232.83700000001767,98.48900000000071,965.177,232.6419999999871,1055.6960000000004,679.5550000000005,461.218000000008,178.28100000000404,-360.2559999999997,60.77900000000227,229.8400000000001,86.63799999999995,11.51199999999335,-109.55200000000218,-119.97700000000007,-47.082000000000335,190.83599999999592,-257.2109999999995,62.86600000000817,15.262000000001308,-206.14199999999985,26.18400000000065,29.883000000000948,-114.87599999999816,21.179000000006454,3.9459999999962743,-38.73299999999631,-17.81299999999959,-40.57999999999993,-26.9960000000026,-1.6860000000001207,1.91599999999994,-5.145000000001687,-2.3540000000004118,219.44900000000015,-33.5409999999996,-38.62300000000687,137.11899999999986,28.66,-35.297000000002754,99.10899999999998,484.5190000000002,89.59700000000339,19.20800000000007,-0.9949999999999904,12.075999999999,5.394000000000432,2.248000000000161,5.216000000000065,23.40599999999995,7.427000000001271,-7.283999999999935,92.77500000000032,-91.40699999999951,41.473000000002,10.19200000000069,-19.713999999999032,5.664000000000158,27.953999999999724,122.34499999999996,-46.096,21.14600000000024,-4.98700000000003,-11.505999999999972
869.0829999999977,-494.4279999999992,127.73500000000696,1149.4730000000031,-778.5869999999989,120.04400000000714,414.8859999999999,-257.4070000000001,146.70399999999972,561.5599999999972,-981.7330000000002,99.59799999999176,-30.892999999997528,-635.7110000000006,-55.78599999998914,398.56900000000337,-1483.513,108.66699999999128,866.1740000000009,-874.1759999999999,339.7460000000024,451.86299999999983,145.6109999999998,228.6619999999857,194.2229999999995,1007.9759999999992,220.12900000001991,1066.433000000001,668.5059999999993,456.11599999999726,167.19299999999748,-366.8790000000001,63.87300000000096,273.3830000000012,113.97100000000007,29.61400000000367,-117.29399999999828,-126.0530000000017,-40.84500000001299,194.9700000000007,-285.2540000000005,34.35099999999238,18.997000000001663,-187.18700000000013,19.722999999999047,34.06699999999887,-99.30099999999982,23.05000000000064,4.577999999997928,-20.443999999997686,-19.18900000000008,3.991999999999507,-10.280999999997675,-6.130999999999887,2.912000000003445,-7.177999999998974,-1.0139999999999816,203.15399999999784,38.86499999999984,-24.27999999999884,78.62700000000018,0.2150000000000318,20.321999999998752,84.12700000000086,-6.383999999999901,-6.772000000000844,26.756000000000316,7.09300000000006,5.3770000000000095,2.850999999999715,3.260999999999825,7.111000000000445,19.27000000000021,3.2989999999983866,-4.843999999999937,84.01999999999816,-92.26900000000028,40.49999999999727,11.369999999999436,-23.1189999999998,7.264999999999588,189.81500000000156,-243.909,-37.66499999999837,16.95799999999963,-3.696999999999928,-11.275000000000546
867.3060000000021,-496.754,114.38000000000557,1133.6919999999964,-802.9120000000006,105.34700000000612,508.2890000000006,-183.681,100.5010000000084,527.3889999999994,-994.93,80.29699999999593,-52.60600000000295,-613.7480000000011,-63.15899999999601,331.505999999996,-1490.811,83.86199999999917,793.6129999999991,-927.1109999999992,313.69600000000446,464.903,153.17700000000008,221.3010000000168,254.0770000000009,1046.9850000000008,219.11599999998543,1106.0330000000008,656.2119999999993,440.1730000000043,161.23699999999985,-370.8659999999995,56.23199999999997,212.7359999999996,68.29699999999974,-9.900000000004638,-109.00800000000004,-97.811999999999,-45.30099999999493,172.19299999999862,-238.579,65.51500000000487,21.673999999995885,-192.70199999999988,21.40499999999861,32.39700000000312,-99.04000000000224,20.97799999999665,9.540000000004056,-21.19100000000458,-13.57799999999969,51.0390000000001,1.9529999999974732,-35.56899999999956,1.7629999999996926,-3.8360000000011496,-2.515999999999252,240.93300000000116,-60.30700000000024,-27.630999999996675,134.29800000000043,33.52699999999995,-36.23699999999985,69.48100000000039,82.10599999999957,17.559999999997444,45.1629999999998,21.72099999999979,-1.2819999999990728,2.2599999999997067,4.162000000000177,3.535999999999717,15.046999999999857,5.591000000001145,-5.968000000000018,90.73000000000206,-98.78700000000008,35.73299999999904,7.676000000000727,-18.99899999999945,8.62900000000053,92.20699999999908,-169.22399999999982,47.96399999999608,15.435000000000798,-10.854000000000052,-5.612999999999602
864.9010000000004,-505.4200000000001,103.28300000001036,1113.6040000000037,-827.3840000000007,88.35399999998117,478.6209999999983,-216.798,115.271000000007,522.0829999999978,-968.367,100.0,-60.5829999999969,-612.2149999999976,-54.55300000000989,320.7519999999988,-1471.879,82.49500000001717,792.1940000000006,-907.7889999999996,316.84600000000955,469.3490000000002,156.65399999999997,215.64899999998488,257.1089999999998,1056.0360000000005,220.5690000000004,1122.8899999999996,632.8609999999998,429.6389999999974,216.5650000000028,-363.6060000000001,73.18099999999959,228.81299999999956,87.87599999999998,-33.19699999999557,-112.77000000000044,-127.97700000000134,-36.91400000000158,162.7800000000036,-248.8910000000004,70.70899999999938,27.379999999999427,-198.8110000000006,29.007000000001423,43.60999999999535,-98.00499999999772,32.6720000000023,12.01499999999669,12.09699999999998,-32.877999999999474,2.509000000000583,-1.1809999999968568,-4.784999999999684,4.867999999999029,-4.5989999999989095,-2.284000000000219,207.9829999999987,0.2630000000003463,-47.60099999999738,137.78000000000006,12.77500000000007,-4.219999999997981,94.74699999999956,-89.92199999999997,-30.12999999999693,19.90700000000025,8.358000000000132,8.056999999999448,0.2819999999992717,4.143999999999437,7.054000000000116,15.055000000000971,3.6489999999986367,-4.742999999999853,103.28700000000026,-93.6879999999988,38.02800000000275,8.63599999999849,-18.68000000000052,9.184999999999375,-0.7499999999993179,-2.295000000000158,-39.62699999999586,13.719999999999288,-2.767999999999926,-3.6109999999993647
851.4539999999982,-509.7290000000001,91.22299999999086,1090.9609999999986,-846.5870000000009,69.45800000000872,501.1320000000012,-216.911,108.82599999999913,471.4080000000024,-994.897,52.75899999999183,-82.47400000000198,-599.6280000000013,-53.53999999999815,267.1510000000012,-1470.731000000001,67.81099999998332,775.264999999996,-917.926,301.72099999999773,478.4459999999999,167.91700000000006,206.38500000000025,321.0039999999992,1062.0979999999995,211.53600000000097,1145.0889999999986,615.5169999999998,417.9079999999885,150.78099999999495,-375.8049999999997,47.3139999999944,275.5669999999995,88.34700000000026,38.500999999996566,-119.58899999999916,-111.77500000000008,-36.63299999998344,182.974999999999,-303.54400000000084,38.885000000004766,31.363000000004604,-191.37599999999964,25.124999999997044,48.81000000000313,-112.18200000000138,15.962999999999283,4.892000000000962,-22.65299999999684,-13.93600000000106,-3.003000000001066,-3.982000000002017,1.9879999999993456,2.942000000001599,-4.983000000001425,-1.7180000000003304,216.42800000000196,-3.811999999999927,-32.05600000000004,66.89800000000048,38.02199999999978,-3.1929999999988468,68.39499999999958,93.46999999999994,8.837999999997237,22.06099999999971,10.323999999999955,3.6510000000006926,3.511000000001019,2.006000000000085,7.609999999999673,9.587999999999395,4.824999999999591,-4.530000000000456,105.8809999999994,-97.59700000000038,49.30400000000077,8.600000000001273,-17.144000000001824,11.828000000001282,136.24099999999828,-113.7550000000001,-15.120999999999183,10.998999999999626,-6.240000000000023,-5.8610000000001605
846.8060000000008,-512.4290000000002,77.19800000002124,1059.334999999999,-858.9179999999984,54.02800000001662,508.7820000000022,-201.5979999999999,94.66499999998632,448.6300000000029,-1000.788,39.20900000000529,-110.5259999999987,-533.4010000000006,-77.22200000000612,144.82400000000553,-1483.1739999999995,33.10500000000047,760.2020000000039,-929.6949999999996,281.4089999999851,492.338,161.20899999999995,204.23499999999424,367.91100000000085,1076.596,205.5779999999913,1164.7780000000005,591.5719999999993,399.5240000000194,158.19700000001262,-371.481,45.60000000000173,272.75200000000126,98.34099999999992,6.871999999998479,-110.4219999999998,-94.20299999999884,-31.090999999992164,167.91699999999992,-251.4179999999982,80.15199999998686,33.181999999999334,-201.50899999999865,22.6380000000006,47.96999999999798,-100.04399999999976,29.492999999996528,6.0180000000002565,-16.144000000002734,-17.598999999998455,5.138999999999783,-6.313999999997577,-5.729000000000184,2.9359999999996944,-5.213999999998009,-0.7449999999998624,208.6179999999985,12.313999999999936,-30.13300000000072,84.15899999999894,16.814000000000107,15.643999999997504,81.73600000000079,2.2210000000001173,-7.119999999997617,9.617000000000075,-0.023000000000195,15.318999999999503,1.3419999999996437,4.362000000000421,7.245000000000346,16.406999999999528,5.521000000001664,-6.250999999999607,112.2979999999984,-90.0739999999999,38.72100000000387,9.11400000000242,-17.32099999999832,6.539999999999679,43.41300000000104,10.903000000000064,-56.29900000000134,13.44400000000121,-2.8369999999999784,-7.816000000001111
836.2979999999993,-514.4749999999995,66.72299999993356,1032.7339999999992,-868.5400000000001,35.49799999998413,481.6829999999982,-208.74500000000003,105.82299999998668,420.4619999999977,-1008.728,32.47100000000955,-122.14899999999602,-547.7129999999988,-61.03499999999258,125.84799999999632,-1475.7239999999997,34.50900000002548,735.9069999999974,-930.7310000000016,256.29800000001524,493.833,172.27100000000002,194.34900000001107,423.6019999999996,1075.43,196.1180000000013,1197.596,566.876000000002,382.3359999999866,116.09499999999002,-384.9150000000009,28.033000000004904,270.80999999999875,84.22400000000003,18.54900000000725,-118.9750000000032,-114.78600000000084,-26.74600000002556,163.43299999999772,-322.515,34.789999999998145,31.65899999999624,-209.8870000000005,23.38300000000117,51.706000000001495,-126.1889999999994,13.51900000000228,0.8480000000020027,1.1290000000030886,-31.493000000000396,7.492000000002008,-3.115999999999985,-14.63499999999982,1.6599999999982629,-5.090000000001282,-0.7500000000000284,214.8420000000016,-16.590999999999667,-26.970999999991815,174.84099999999998,30.71799999999989,-43.68900000000053,134.12199999999928,-222.57899999999964,-7.886000000002014,26.850000000000307,16.336000000000084,9.584999999999866,3.235000000000099,6.2109999999997,7.657999999999987,15.47300000000007,7.712000000000785,-3.5370000000000346,115.09400000000198,-112.48000000000076,33.696999999995114,10.486999999997693,-18.43200000000138,10.02600000000058,197.03000000000088,-35.77399999999997,-28.555000000000064,17.004999999998915,-8.349000000000029,-7.52600000000001
822.3540000000014,-520.8110000000005,54.92000000003827,998.284000000001,-881.2399999999997,20.044000000007145,489.1100000000023,-205.94500000000016,96.91200000002029,395.6720000000018,-1003.8989999999992,19.518999999991134,-130.77100000000428,-559.1630000000009,-53.27199999999266,87.44599999999991,-1451.1559999999988,19.6659999999838,714.7890000000018,-955.2369999999996,230.71299999999155,506.9389999999999,172.18299999999996,189.40399999999045,481.6100000000006,1074.572,185.96200000001767,1216.9710000000002,543.1870000000004,360.474000000022,168.4820000000002,-370.0580000000002,44.9579999999969,279.8230000000004,90.70999999999998,-0.2320000000054278,-119.17299999999784,-57.8489999999988,-35.19299999998111,158.61900000000446,-267.62600000000134,80.08400000001075,27.9420000000016,-213.09500000000128,26.855000000000476,46.90600000000131,-116.74199999999928,17.32200000000148,2.32199999999807,-24.042000000002872,-15.503000000001066,0.9949999999975034,-6.818000000004076,-8.453000000000088,2.391999999997552,-6.620000000000914,1.0779999999996903,206.21499999999745,-1.883000000000834,-30.805000000009382,50.2990000000004,19.05000000000001,25.38100000000441,90.80500000000028,-5.818000000000012,-14.675999999997202,24.49099999999973,8.267999999999986,11.817999999999529,4.831999999999681,5.66299999999984,9.734000000000265,18.88500000000022,11.32899999999779,-5.66299999999984,116.65099999999882,-98.13199999999966,40.34800000000018,8.911000000000513,-19.69799999999964,9.5089999999999,62.34299999999848,79.55299999999994,-39.31299999999851,19.697000000002163,-0.8530000000000371,-12.235999999998626
814.1159999999985,-523.5369999999996,41.51600000000144,967.0630000000016,-875.9429999999994,6.432999999992717,513.7769999999989,-183.99399999999983,84.27699999999732,367.26099999999633,-1002.8690000000012,6.201000000010026,-140.39899999999648,-529.7640000000001,-66.3819999999987,25.90900000000147,-1440.5969999999995,5.493000000001302,703.2159999999976,-971.7039999999996,213.1720000000087,515.9480000000001,183.09500000000008,182.5800000000072,530.5360000000007,1078.394,179.9929999999904,1245.0299999999995,509.7549999999984,343.273999999974,285.89699999999993,-344.53400000000016,68.46399999999448,290.41799999999967,91.77499999999998,1.7330000000015389,-122.9549999999989,-68.08200000000113,-30.627000000026783,164.3669999999986,-345.3419999999994,34.00299999999561,28.982000000002017,-224.52600000000015,27.253000000001748,49.79200000000219,-115.36400000000242,26.71799999999962,5.111999999996897,-27.240000000000464,-0.0479999999996039,0.8730000000014115,-6.36299999999892,-10.22699999999972,-0.5669999999952324,-4.24199999999928,-1.617999999999853,209.5779999999991,-0.97199999999944,-33.159999999998035,195.83700000000024,30.032999999999888,-47.577000000001135,109.99000000000052,0.2259999999999706,-14.836999999999987,35.39600000000007,11.894000000000204,8.394000000001256,5.938000000000443,0.6189999999996587,8.802000000000021,21.502000000000976,6.076000000001613,-4.269000000000034,52.37700000000132,-191.0489999999996,21.553999999997583,6.550999999998908,-17.749999999998067,5.426999999998827,114.23699999999997,-44.46100000000008,-42.5200000000018,26.27899999999812,-2.5579999999998826,-14.9390000000011
798.8609999999994,-525.8720000000001,37.04800000002706,928.4240000000012,-882.1640000000002,-10.778000000004797,504.3459999999982,-208.3190000000002,85.43700000000172,335.2480000000014,-992.9709999999984,-0.1590000000078362,-152.30400000000373,-502.3879999999991,-72.58300000000872,4.651000000001204,-1420.5630000000012,-0.5490000000008877,678.0190000000005,-966.462,200.1950000000079,524.8909999999998,172.67799999999997,174.06100000000606,595.0749999999999,1065.69,160.21700000001147,1273.916,483.2090000000022,320.641999999998,112.10399999999936,-403.5799999999995,65.00800000000027,286.2950000000012,93.40499999999992,1.5319999999974243,-121.0930000000019,-60.669999999998936,-27.441999999973632,153.36899999999787,-289.6720000000002,69.45799999999736,18.783999999999423,-224.70899999999855,20.040999999997663,45.245999999997366,-140.83699999999908,4.708999999996877,4.392000000001417,-35.793999999998505,-17.288999999999533,2.82100000000014,-8.736999999996442,-11.408999999999736,0.4969999999957508,-9.243000000000734,-0.0859999999995864,214.52800000000136,4.072999999999638,-45.05599999999959,85.82499999999982,22.44700000000037,0.0399999999956435,109.29399999999988,-7.33900000000034,-12.531000000001312,70.24800000000013,28.772999999999985,0.4570000000001073,6.452000000000169,4.950000000000188,6.695999999999458,21.96799999999968,9.27199999999857,-6.112000000000251,130.40299999999831,-98.85799999999988,39.57500000000209,10.9090000000009,-23.90800000000013,9.593000000000984,161.44700000000114,-186.03999999999985,-35.568000000000666,25.860000000000127,-10.832000000000177,-14.66300000000018
786.7820000000052,-526.2050000000002,30.85999999998421,940.5059999999992,-867.0780000000008,-4.3089999999892825,509.5349999999996,-206.5819999999995,83.63000000001648,305.8499999999981,-990.2830000000008,-6.5789999999879,-162.6289999999983,-493.8310000000001,-58.47100000000864,-61.62699999999859,-1411.1459999999993,-10.619999999994434,697.0880000000022,-972.568,175.90299999999388,532.8199999999999,174.89,166.1740000000009,642.5979999999981,1060.601,156.603999999993,1299.975,445.0699999999984,287.7930000000106,104.1499999999985,-389.1859999999994,11.432000000002065,281.9219999999987,92.65699999999998,-9.307000000001151,-125.06500000000074,-51.48399999999924,-27.465000000006512,158.2490000000007,-340.56400000000053,42.98100000000886,18.002000000001317,-232.650000000001,22.978999999997995,45.50100000000157,-128.4809999999993,13.72299999999882,-7.873999999998205,-55.83199999999806,-5.307000000000528,3.159999999999741,-5.804000000006226,-16.349000000000302,1.2360000000001037,-8.61399999999719,0.6999999999997897,214.8380000000003,-8.60100000000017,-52.30700000000752,188.7509999999992,15.972999999999615,-31.12499999999727,119.47499999999992,-7.1159999999999,-14.370000000002392,10.846999999999696,-1.9190000000001817,20.56699999999978,9.076000000000306,4.907000000000039,5.716999999999928,29.66399999999965,1.6490000000004557,-5.832000000000193,131.80100000000436,-98.142,33.53600000000938,35.65799999999797,-69.51700000000187,-0.8539999999996439,148.46900000000005,-112.31000000000007,-42.657999999994445,29.95599999999996,-7.019999999999982,-16.314999999998747
768.0449999999951,-529.8109999999998,22.93700000000172,847.838999999999,-872.0789999999994,-30.213000000003376,510.0799999999993,-214.1760000000005,82.0439999999735,280.03800000000183,-978.6299999999997,-15.698000000020327,-172.54900000000362,-473.7130000000008,-61.91400000000158,-110.6390000000033,-1393.0440000000003,-12.928000000010798,646.9119999999975,-966.955,200.79399999999623,542.2090000000004,170.23599999999996,156.0549999999921,733.0299999999994,1041.6999999999998,137.13400000001457,1304.733,416.6840000000008,270.1409999999896,57.79100000000312,-401.41399999999976,24.7190000000046,287.5930000000011,76.53800000000004,28.49100000000817,-123.10999999999694,-42.68500000000017,-27.979000000004817,151.47699999999986,-312.6480000000001,46.84399999998732,9.323000000000548,-224.2570000000001,18.14300000000344,40.59499999999616,-116.8440000000004,15.192000000001826,0.3139999999973497,-31.076000000001613,-22.574000000000183,1.006000000000995,-10.336999999998396,-10.95899999999972,0.1830000000040854,-11.757000000000062,1.6059999999995966,296.2369999999993,31.990000000000407,-41.93099999998822,142.43600000000072,18.73400000000025,-14.852999999999383,104.75199999999916,2.897999999999712,-5.149000000000115,36.35799999999989,10.511999999999944,9.14499999999947,5.891999999999342,2.834000000000003,9.000000000000341,26.301999999999737,4.227000000000203,-5.15399999999957,124.18499999999996,-105.28200000000112,30.148999999988742,-20.326000000000025,20.91000000000065,18.316999999998984,94.25099999999986,-81.60799999999995,-50.46400000000517,29.796000000000333,2.7610000000001023,-15.475000000000705
757.815000000005,-534.008,19.518999999991134,750.0,-912.292,-55.94499999999698,510.76200000000256,-220.47099999999983,82.37300000000687,246.9910000000027,-971.7780000000004,-17.56599999998798,-177.40499999999884,-445.8880000000022,-73.70599999999286,-142.163000000005,-1380.7559999999994,-6.395999999995183,639.1360000000077,-972.335,195.690999999988,553.1320000000001,174.32800000000003,151.69599999999264,762.2460000000018,1028.8920000000005,135.3149999999914,1367.819,350.59699999999907,215.94300000001567,161.5700000000004,-390.5120000000011,58.02599999999529,321.3529999999992,128.73099999999997,-28.375000000005457,-120.8800000000025,-33.94000000000119,-20.824999999990723,167.23099999999818,-577.9119999999991,-75.65899999999601,1.2819999999976517,-237.3829999999998,24.80499999999779,38.315000000000055,-128.02000000000078,12.830000000002428,9.922000000005935,8.001999999999043,-36.10800000000012,-0.0439999999997553,-9.564000000000306,-12.612000000000023,3.515999999996211,-10.419000000001688,-0.0059999999997728,213.92700000000104,-4.62400000000045,-53.1620000000089,129.46999999999915,12.220000000000296,-9.912000000002765,118.57200000000034,-129.78499999999968,-37.001999999995405,28.329000000000093,6.669000000000125,7.963999999999771,6.067999999999785,6.301000000000556,1.5370000000004325,15.947999999998784,-0.9899999999987584,-5.120000000000147,117.48399999999606,-105.57899999999876,30.28500000000349,10.049000000000774,-22.34200000000328,8.903000000000816,112.509,8.115000000000094,-29.67799999998988,21.617999999999427,-2.3239999999999483,-11.543000000000347
734.5799999999997,-537.5860000000001,16.394000000013875,814.9200000000008,-853.4440000000003,-25.549000000000888,514.421999999999,-226.74999999999983,75.14599999999518,227.3689999999988,-961.837,-21.03300000001127,-190.2589999999975,-435.89499999999646,-63.00100000000839,-200.8299999999963,-1360.971000000001,-16.614000000004125,640.6059999999911,-981.557,197.77799999999388,563.6679999999998,171.67200000000005,139.62400000002617,768.3480000000003,1017.8659999999992,138.81799999999205,1357.3230000000003,337.9640000000024,216.03999999999812,105.50799999999754,-396.3459999999998,35.70600000000468,303.098,85.57600000000001,-0.537999999994554,-123.63699999999938,-28.064000000000533,-16.968000000019856,117.4950000000024,-57.76299999999992,191.11900000000333,-3.411999999997306,-213.73399999999947,13.891000000000986,24.633000000005723,-146.31499999999846,-3.791000000001077,-5.747000000002345,-43.70999999999867,-1.8869999999992613,-0.6920000000008031,-6.481999999999744,-15.297999999999943,-4.962000000000444,-9.068999999999503,2.463000000000193,245.90599999999935,-28.11399999999935,-30.93299999999317,133.09300000000093,12.383999999999771,-8.502000000004273,27.446999999999377,223.52399999999972,-12.998000000004597,21.244000000000085,0.9609999999998564,8.171000000000106,0.3980000000005645,2.2410000000000707,7.777999999999707,13.816000000001338,4.454999999998677,-3.182999999999936,107.0160000000044,-105.8240000000012,36.08999999999583,8.249000000000706,-20.80999999999733,1.4059999999986417,66.83199999999943,66.97199999999981,-40.16100000001188,15.50500000000028,-2.446000000000126,-7.993999999999346
713.0739999999946,-542.8089999999999,12.865999999985434,742.0599999999979,-849.7119999999995,-40.94199999999546,509.85000000000014,-232.93800000000005,69.51900000001388,228.33200000000036,-941.3449999999996,10.010000000011132,-199.11300000000267,-413.92800000000136,-64.53799999999319,-241.55299999999897,-1339.2349999999992,-15.868999999997868,564.3710000000056,-1024.98,167.7979999999934,572.6759999999998,159.7059999999999,145.03199999999197,893.5839999999998,1001.384,114.11200000000008,1431.3000000000002,250.82400000000007,170.53200000000288,97.7199999999982,-398.3180000000005,29.32700000000068,315.3140000000008,86.111,-5.876999999998134,-123.17499999999768,-19.08200000000022,-17.870999999991,132.61099999999715,-333.39600000000047,44.64199999999892,1.2879999999995562,-210.5850000000004,12.644000000000233,32.05599999999436,-125.59300000000064,10.78200000000038,-2.539000000001579,-18.35399999999936,-17.617000000001326,-0.8129999999994197,-5.065999999999349,-12.959000000000032,-1.6599999999982629,-9.38600000000065,1.4020000000002142,245.97100000000296,-21.258000000000266,-32.61099999999715,115.49399999999964,6.641999999999726,-3.0789999999910838,89.24200000000013,-133.07099999999963,17.291000000000167,14.395999999999276,3.07200000000023,5.57500000000033,1.7749999999999488,2.1949999999996805,7.844999999999658,9.211000000000524,-0.1170000000001891,0.3589999999995541,100.7439999999974,-113.03399999999895,29.3830000000014,4.961000000000126,-17.877999999998906,4.885000000000161,142.53400000000056,-192.57299999999975,-30.572999999998277,13.996000000000208,8.368999999999982,-6.394000000000233
692.4590000000023,-554.995,1.0739999999941574,709.9060000000009,-837.7840000000002,-44.88600000001952,448.73800000000017,-236.60100000000028,90.07599999999913,264.26700000000096,-903.9699999999996,-2.3199999999860665,-206.2709999999981,-393.031000000002,-61.0110000000077,-274.37100000000214,-1318.8839999999998,-17.174999999997453,576.183999999995,-1030.1229999999998,163.2930000000215,574.9659999999999,168.4660000000001,138.3179999999811,947.1499999999992,955.9640000000002,95.86199999998826,1427.777999999999,224.02799999999843,155.4439999999886,97.3760000000027,-401.33500000000026,30.444999999997435,310.57699999999926,81.55900000000003,6.401999999991404,-120.02600000000145,-12.344999999999118,-7.336000000009335,128.85200000000054,-306.1040000000005,57.872999999995045,-3.6960000000021855,-204.89399999999875,15.5179999999973,25.791000000003805,-117.6320000000004,8.042000000000371,-4.610999999999876,-10.588999999998803,-28.20899999999824,-51.04999999999791,-7.715000000001737,17.553999999999803,0.0060000000019044,-9.0990000000005,2.6789999999998315,247.58299999999736,-66.18599999999972,-19.42700000000741,120.18699999999995,5.737000000000236,-4.926000000000386,71.91100000000006,-15.570999999999913,-5.44399999999996,15.871000000000636,0.1189999999997581,6.931000000000154,1.1509999999994136,2.837000000000245,5.555000000000376,3.902999999999679,5.173999999999523,-2.0379999999995846,89.8589999999956,-115.7120000000006,38.23500000000308,6.680000000000064,-12.290000000001555,4.33800000000133,120.44699999999864,-115.66200000000002,-39.699999999999136,9.483000000000176,-3.937999999999864,-4.06200000000041
671.2770000000035,-545.7819999999999,6.200999999987289,677.4099999999976,-826.893,-41.0759999999982,503.1540000000007,-240.61099999999985,54.83399999998255,119.10399999999868,-952.0890000000009,-35.58300000001964,-216.9240000000002,-372.86699999999655,-58.971999999994296,-292.3000000000002,-1298.8770000000015,-22.1559999999954,545.4409999999996,-1051.4010000000003,146.93600000000515,591.4679999999997,165.21900000000008,137.3900000000276,1011.6340000000008,904.6260000000004,77.70900000000438,1446.409,179.5359999999988,131.33600000001024,62.493999999998096,-406.0529999999972,14.995999999996457,326.5410000000003,76.18300000000006,-0.798999999994976,-109.27700000000016,-8.653999999998518,-2.807999999981803,151.7060000000015,-652.7059999999991,-131.31099999999378,-8.97199999999998,-206.37500000000276,13.29600000000255,25.2679999999998,-96.69000000000096,24.025999999997797,-2.5539999999978136,-17.575000000005048,-15.72800000000143,-1.8900000000002135,-0.3839999999968313,-13.934000000000424,-2.2890000000018063,-7.421999999999684,2.089999999999748,242.57599999999968,-4.172000000000509,-49.81699999999592,58.5480000000004,8.3870000000001,13.140999999995984,71.2050000000005,-18.229000000000184,-5.593999999996413,10.533000000000214,-0.3750000000000142,9.140999999999622,-0.7319999999999993,4.30199999999985,4.668999999999812,8.002000000000464,-0.5749999999977717,-3.151000000000437,74.55200000000559,-120.6389999999999,34.90300000000275,4.416000000000508,-15.489999999999782,4.127999999998622,62.82300000000021,-23.497000000000057,-25.348000000002457,10.303000000000395,-0.9580000000000588,-5.821000000000254
651.2229999999931,-535.4730000000001,11.243000000013126,647.959000000003,-810.3480000000001,-45.08099999998194,498.13699999999983,-246.0630000000002,51.78200000000288,124.02700000000095,-902.3629999999996,-44.43400000000111,-218.33600000000217,-349.5299999999986,-49.67099999998936,-340.5799999999999,-1265.8110000000022,-21.11800000002404,491.6290000000004,-1076.586,119.26300000000084,600.4960000000011,171.42799999999986,129.85799999999017,1034.6329999999994,904.235,80.1640000000134,1454.914000000001,152.39100000000008,131.73799999999574,100.17100000000028,-400.6530000000026,32.91600000000017,324.5039999999989,69.42999999999992,-1.8249999999966349,-117.73400000000152,2.518999999998073,-0.5859999999984211,208.58099999999808,-192.5939999999997,127.1669999999972,-7.790999999997439,-209.90699999999836,18.6649999999986,25.356999999996788,-118.06899999999985,13.299999999998136,-1.0589999999979227,-41.39999999999873,-5.238999999998839,-3.810000000001424,-3.0179999999973006,-10.902999999999707,-0.3269999999986339,-9.281999999998902,1.693000000000211,256.8540000000013,-31.255999999999773,-40.0449999999978,167.66500000000093,-15.599000000000274,-29.476999999997133,54.88299999999953,78.97099999999995,-29.883000000000948,40.827999999999776,14.292000000000016,-7.4380000000005,1.5130000000006305,2.521999999999736,4.954000000000036,10.038000000000125,2.478999999999587,-1.6149999999996112,82.13799999999765,-120.72199999999782,39.66399999999339,7.883999999998537,-12.220999999999547,4.130999999999574,81.8240000000003,-88.50900000000017,-35.67199999999957,8.02099999999939,0.8399999999999963,-5.93199999999996
626.1390000000006,-546.107,2.9179999999996653,620.4679999999996,-801.753,-41.980000000012296,512.6509999999996,-249.96399999999997,32.95900000000529,60.91899999999555,-890.1309999999995,-79.60199999999986,-224.16999999999803,-333.0600000000004,-47.30200000001332,-383.67299999999886,-1240.459999999996,-27.953999999976983,497.4390000000085,-1077.747,116.40599999998358,631.0719999999989,142.56600000000006,100.58599999997568,1105.1199999999994,853.1300000000001,48.108000000002,1486.6209999999994,108.37300000000027,97.55800000000364,86.80699999999888,-400.53900000000056,29.90100000000666,313.3510000000001,81.13299999999998,-10.651000000007116,-115.20399999999997,9.36100000000124,4.894999999987704,102.93000000000347,-357.89900000000046,23.81000000000313,-9.829999999999472,-208.20300000000032,19.94900000000257,18.34400000000187,-115.45199999999907,8.618000000001302,-3.0370000000061737,-18.701999999996133,-11.21299999999934,-1.7980000000022756,-4.291000000000622,-11.050999999999789,0.3639999999961674,-9.741999999999962,4.469999999999885,236.42099999999857,-39.777999999999736,-35.645000000010896,65.33299999999826,5.316000000000187,11.014000000000124,60.41100000000057,161.03900000000024,32.84699999999816,11.158999999999963,0.735000000000241,5.6150000000002365,-2.57000000000005,2.120000000000033,2.7290000000000703,8.263999999999783,0.2809999999982437,-1.6680000000000916,75.94899999999711,-118.6380000000014,35.03699999999981,4.210000000000491,-18.686000000002423,3.80400000000094,81.75799999999924,-87.90499999999994,-38.54099999999789,8.81300000000067,-9.96100000000002,-4.659999999999798
602.9870000000017,-550.8990000000001,-12.084999999979118,587.9610000000014,-786.429,-42.01599999998962,458.0690000000004,-256.49099999999976,62.1710000000121,120.9130000000016,-872.3359999999985,-19.200999999998203,-232.49700000000075,-307.61699999999905,-44.00599999999031,-379.4800000000009,-1201.785000000001,-18.23799999999665,481.0639999999921,-1077.662,94.1780000000108,622.7199999999996,167.87500000000009,108.74100000000908,1153.9479999999996,811.2089999999995,29.25999999999931,1528.392000000001,20.015000000000786,84.74200000000565,82.39400000000501,-407.2859999999992,29.876999999999043,354.75800000000106,66.573,-5.309999999997217,-111.33999999999844,17.995999999999412,6.884999999988395,14.377000000001772,-460.1150000000018,-37.22000000000208,-10.736000000002832,-200.67300000000048,17.361999999997124,23.62099999999714,-122.86300000000097,13.492000000002236,-1.3399999999990089,-3.414000000003625,-18.689000000000533,-0.3749999999996589,-1.7240000000015243,-8.711999999999875,-2.9389999999978045,-9.69400000000178,1.816000000000173,248.2210000000009,-93.0880000000002,-52.58799999999155,111.32400000000048,-6.700999999999979,-14.489999999995009,80.94700000000046,-43.23400000000035,-13.192999999995436,11.90300000000022,-1.43000000000022,4.546000000000561,-2.831000000000472,1.020000000000465,3.3200000000000784,7.498999999999967,2.1480000000025257,-0.1489999999996882,73.3789999999999,-129.1860000000014,30.68499999999972,5.799999999999272,-18.46299999999701,8.0529999999996,108.30700000000206,-170.87699999999975,-45.3489999999988,7.569999999999766,-8.238000000000056,-7.292999999999949
586.7500000000007,-534.534,12.291999999979453,565.9239999999954,-767.5859999999998,-40.55200000000241,469.923,-258.89299999999974,38.03699999998571,33.30399999999827,-851.4090000000039,-71.41199999998662,-233.1860000000006,-294.8730000000012,-33.02000000001044,-421.6949999999997,-1176.4010000000042,-18.335000000001852,468.180000000001,-1086.188,82.22599999999147,637.3350000000002,169.7339999999997,101.8310000000156,1197.2490000000007,766.4029999999997,12.475999999992382,1541.5429999999983,-19.398999999998523,89.14800000000014,16.97099999999523,-447.815,24.59099999999808,333.6749999999995,59.952000000000005,-11.08400000000529,-111.30100000000029,19.640000000001123,8.813000000009197,251.53499999999556,-225.56099999999617,109.80299999999944,-13.436999999998989,-196.2179999999989,18.091000000003987,17.92599999999993,-119.97899999999788,10.147000000000617,1.0720000000048913,-21.932999999995676,-12.938000000001182,-1.8589999999989004,-4.464999999999009,-10.374000000000194,0.3050000000030195,-10.59399999999755,3.4979999999997347,256.56999999999925,-63.29100000000025,-47.26500000000442,126.28899999999987,-7.028999999999996,-11.934999999999718,91.90299999999922,-219.39899999999997,-50.95800000000281,9.759999999999993,0.5290000000002237,2.4850000000000705,-4.546999999999457,2.1069999999994597,1.6970000000000596,6.58600000000007,2.815999999998553,-1.5019999999999811,68.86600000000271,-114.93399999999951,41.86700000000201,11.07900000000086,-22.95300000000111,7.267000000000223,77.12199999999996,-112.8890000000002,-44.29300000000467,3.641999999999257,-8.376999999999946,-9.08900000000017
563.4239999999977,-535.9459999999998,-2.672999999981585,554.7180000000026,-749.3300000000005,-35.40100000000166,465.0939999999992,-264.14900000000046,40.44200000000728,62.28399999999965,-826.3909999999981,-33.87400000001435,-238.64499999999964,-273.9930000000016,-31.201999999984764,-481.95200000000114,-1146.841999999998,-8.105000000000473,419.8790000000031,-1083.3389999999995,82.483000000002,651.6430000000014,170.12300000000025,85.741999999982,1240.081,718.5969999999998,-9.436000000005151,1536.608000000001,-23.59600000000057,93.35899999998674,78.421000000003,-403.7129999999991,34.11899999999832,346.5570000000014,75.24600000000001,-20.311999999989894,-114.3900000000002,21.984999999997967,12.158999999996922,-74.79899999999589,-431.88200000000165,-25.26299999999537,-17.108000000001766,-202.16200000000129,21.217999999998938,14.484000000004473,-118.7480000000022,12.3929999999973,-6.556000000000495,-40.58600000000183,-7.3159999999987235,-1.426000000000727,-6.271000000003824,-8.369000000000426,-1.0160000000041691,-10.375000000001933,4.164000000000101,242.25800000000103,-67.32599999999991,-50.28100000000677,180.9470000000005,-19.779000000000124,-37.00600000000805,78.10100000000091,-36.93200000000019,-8.664000000004535,10.871999999999815,-1.2470000000000423,3.5879999999991696,-3.1330000000011182,-0.26499999999956,0.7279999999994402,3.9429999999995857,5.934000000002015,1.551999999999509,79.95599999999854,-123.76199999999926,30.332000000009884,1.7149999999986676,-18.29199999999957,6.708000000000425,143.5639999999978,69.81699999999975,-59.44199999999569,7.360999999998796,-6.068000000000051,-8.308999999999855
545.8529999999996,-544.0080000000002,0.2319999999826905,530.4259999999999,-737.0989999999995,-33.64199999998618,457.3260000000005,-270.1989999999995,33.62999999999374,14.675000000005411,-797.9350000000011,-46.105999999986125,-234.4159999999988,-225.14600000000087,-34.643000000005486,-481.17299999999545,-1110.9739999999988,-2.4779999999964275,400.8539999999982,-1100.1040000000005,75.62299999999595,667.7889999999991,165.28799999999995,72.21700000000055,1267.0110000000002,706.5310000000011,-21.58199999998942,1545.162999999999,-55.29200000000003,64.63600000001861,49.685999999996966,-413.6960000000016,24.878000000001062,353.7099999999981,29.621999999999947,-31.04900000000725,-111.50399999999934,28.340000000000032,18.420000000014625,84.19199999999591,-324.46600000000103,47.63799999999492,-22.29299999999625,-200.551999999999,21.462999999999965,35.40899999999283,-157.1079999999995,47.03100000000404,-0.6370000000060827,-2.6090000000010605,-13.387000000000173,-1.731000000000904,-3.982999999999493,-10.493999999999204,0.0,-9.599000000000046,3.699000000000297,262.44800000000055,0.5279999999999063,-65.59499999999616,77.149,8.490000000000109,3.940000000000055,76.34199999999964,-35.783999999999594,-10.211999999995667,-19.64800000000011,-19.518000000000058,15.221000000001084,-2.5029999999986785,2.151999999999532,-0.0259999999997262,9.780000000000657,-8.045000000001323,-8.9189999999995,67.8320000000042,-110.3320000000025,37.505999999990536,3.3470000000022537,-18.019999999998504,8.043999999999585,118.61100000000135,-137.9889999999996,-68.29200000000242,6.427000000002181,-8.940000000000037,-7.518000000000313
531.439000000006,-548.2149999999997,-18.737999999984822,509.9030000000028,-723.7009999999998,-33.46000000001368,453.5339999999991,-268.5380000000009,17.26099999998496,0.1709999999945921,-775.3749999999997,-44.39700000000357,-243.73800000000188,-234.07599999999888,-25.756999999998698,-553.3299999999997,-1079.5619999999983,12.133999999991827,356.98600000000056,-1095.9789999999998,73.32699999999477,678.7890000000004,162.87599999999998,61.40100000000075,1300.4299999999996,615.3089999999992,-37.70799999999781,1523.3579999999988,-56.94900000000018,78.36899999997513,42.97800000000507,-408.8099999999997,30.79800000000432,341.17800000000216,53.41500000000004,-24.97600000000375,-109.30899999999896,30.07800000000032,17.444000000000415,65.43000000000347,-329.82900000000086,43.52999999999838,-17.371000000002823,-195.4589999999996,22.9219999999998,41.64400000000796,-78.39799999999855,42.43699999999535,-9.200999999995927,-36.101999999999634,-8.011000000000479,-2.607999999997901,1.1930000000006658,-6.512000000000029,-1.3029999999957909,-12.345999999999435,3.373999999999455,203.9510000000007,-156.99600000000018,-41.869999999994434,125.80899999999956,-6.447000000000003,-13.763000000000147,99.763999999999,-585.4790000000002,-127.49900000000024,11.59500000000051,2.7590000000000003,3.697999999999979,-2.30500000000049,1.2599999999999056,0.7060000000002731,10.370999999999242,-0.3370000000018081,-2.049000000000234,76.4189999999985,-122.15699999999856,29.678000000001248,5.915000000004511,-17.583000000001903,8.692000000000633,91.00400000000091,-111.9880000000002,-44.48299999999677,5.8279999999996335,-11.185999999999918,-8.701999999999543
518.026999999995,-531.2940000000004,-6.45799999999781,497.5679999999954,-716.8460000000003,-32.1770000000015,443.1520000000006,-272.2899999999996,32.397000000014486,-11.6299999999967,-748.384999999999,-32.555999999999585,-232.04199999999844,-207.26999999999973,-24.75600000000213,-520.7610000000045,-1043.723,25.768999999991134,323.1960000000015,-1105.5810000000008,62.28100000002996,691.2019999999998,154.94199999999978,50.51300000000083,1327.9980000000005,545.9280000000007,-45.99600000001374,1532.9120000000016,-91.92800000000148,55.46899999999368,34.73199999999679,-402.7559999999994,17.48699999999417,341.03099999999813,35.61399999999999,-16.380999999989854,-114.92200000000425,44.66600000000085,18.871999999987565,205.84099999999808,-244.656999999998,91.15000000000464,-37.35599999999977,-346.05700000000184,72.03999999999837,-24.823000000003503,-161.55200000000036,-77.70699999999806,-3.890999999998712,-17.649000000000115,-12.462999999999624,-3.2100000000014006,-0.7110000000011496,-9.169000000000691,-0.1200000000039835,-12.112999999999374,6.113000000000568,221.02899999999863,-84.53499999999963,-36.02300000000014,135.59100000000086,-13.70199999999997,-16.81600000000003,138.82699999999917,86.18700000000032,42.1389999999974,12.590999999999752,-3.681999999999874,0.942999999999472,-4.184000000000054,0.4220000000003665,1.1879999999997892,8.81300000000067,0.3040000000027021,-3.265999999999991,68.84699999999384,-112.80500000000018,37.07899999999995,30.238999999994576,-50.30399999999986,-3.734000000000037,-75.72500000000275,-300.68200000000013,-16.455000000001974,9.076999999999202,-14.346000000000014,-6.011999999999773
507.0680000000039,-518.967,6.958000000008724,454.2020000000037,-716.4630000000002,-43.68899999999485,444.493,-272.5009999999997,18.90900000000784,-23.2970000000023,-735.1740000000007,-27.30700000001889,-229.39700000000016,-186.8130000000008,-26.2079999999969,-525.0949999999989,-1007.351,29.69900000000507,264.8319999999956,-1100.976999999999,43.49299999998948,691.5229999999993,145.13700000000006,48.04699999999684,1336.4419999999998,564.2740000000003,-39.03800000000501,1522.3219999999997,-130.8669999999978,50.57400000000598,-27.6740000000018,-442.7930000000004,1.5930000000025757,334.6640000000008,61.29500000000001,-24.0910000000099,-91.91099999999608,47.91500000000042,14.233000000012908,-72.44600000000219,-427.83900000000017,-18.651999999997315,-22.284000000001924,-50.35999999999774,-23.678999999998496,11.306999999999334,-121.39600000000144,12.729000000001632,-4.096000000004096,-18.392999999997528,-10.285999999999262,-2.5249999999999773,2.7250000000037744,-10.28699999999958,0.522000000000844,-11.695000000000276,3.675999999999391,287.254999999999,-1.8729999999997915,-43.23100000000295,131.2730000000002,-16.83400000000006,-16.06699999999819,73.81100000000202,-28.20200000000028,-11.4750000000015,7.830999999999477,-3.9880000000000138,5.643999999999494,-1.8859999999996544,3.800999999999988,1.507999999999754,4.610999999999876,0.2099999999984447,-1.688000000000045,73.73400000000743,-119.48399999999992,33.477999999996655,-21.37299999999982,21.100000000001277,16.876999999999498,110.64600000000269,-204.39499999999956,-35.81800000000044,6.511000000000422,-5.753000000000075,-7.044000000000494
495.4099999999983,-524.2169999999994,-14.20900000000529,461.8560000000002,-699.183999999999,-43.933000000015454,375.2589999999998,-241.5610000000001,37.67100000000028,-40.420999999997775,-715.0270000000006,-25.414999999998145,-223.02600000000157,-175.3629999999987,-19.25100000000839,-537.7529999999922,-972.287,36.84100000000399,257.42800000000443,-1098.6730000000025,49.18199999999615,703.1660000000002,133.29900000000023,39.51400000000831,1373.061,484.2500000000001,-66.88199999998687,1515.1579999999994,-163.03800000000024,21.93600000000515,-1.4679999999998472,-377.8839999999974,2.910999999994601,367.1220000000005,-8.206000000000001,-53.16799999999376,-97.26900000000283,50.77499999999873,16.00399999997535,52.25200000000427,-343.8040000000001,24.67599999999948,-35.36399999999844,-188.64300000000185,17.133000000001175,8.740000000000236,-72.53699999999981,45.02899999999954,-8.35599999999772,11.019999999996344,-26.721000000001997,-5.973000000000184,-1.3149999999995998,-7.823000000000491,-0.015000000001919,-15.546000000000504,4.957000000000278,234.9829999999997,-178.5020000000003,-41.16199999999708,133.98699999999906,-17.469999999999786,-13.9220000000023,74.75199999999944,-27.00200000000024,-5.336999999997261,10.02900000000011,-3.903000000000034,6.100000000000705,-1.6210000000000946,-3.7230000000000985,6.638000000000233,7.934000000000196,-1.2110000000006949,1.594000000000051,62.9669999999976,-106.62900000000091,31.27700000001141,5.301000000000045,-14.0199999999993,7.641999999999882,75.03799999999785,-140.90699999999998,-42.75200000000154,9.691999999999725,-6.887999999999916,-7.425999999999533
482.0069999999987,-522.6919999999992,-43.94500000003063,450.542999999999,-682.2100000000006,-52.648999999996704,490.6309999999991,-283.86799999999965,-12.415000000009968,-48.669000000001006,-697.1180000000004,-24.42699999999149,-219.5399999999978,-156.10399999999913,-16.710999999986598,-542.8430000000048,-938.5500000000036,39.22099999999773,206.56099999999924,-1100.9079999999983,16.22299999999086,707.2820000000007,123.7000000000002,35.02200000000357,1382.331,420.7719999999995,-66.29699999998593,1530.4720000000002,-286.0350000000011,12.939000000005764,6.202000000001817,-394.2190000000039,7.708999999999833,344.498999999999,34.95600000000001,-30.70000000000164,-92.52299999999708,54.576000000000136,16.113000000018474,54.18999999999983,-317.8740000000005,53.75999999999976,-46.971999999999525,-326.70599999999865,61.400999999995065,68.84499999999889,-111.50700000000028,93.50299999999834,-8.584000000001879,-18.358999999998105,-11.455999999999731,-5.530999999999153,-1.4589999999998329,-11.444999999999794,1.4100000000041746,-14.939999999998577,4.604000000000497,344.44500000000176,-98.79299999999986,-130.06000000000313,125.15000000000072,-19.11200000000015,-12.43299999998726,76.7089999999996,-27.76799999999966,-2.073000000001457,10.374000000000194,-3.300000000000125,3.811999999999216,-3.2670000000003085,5.811999999999529,1.6580000000004702,7.466000000000861,-1.1950000000013006,-2.06099999999978,95.62700000000176,-116.26599999999884,42.022999999989,3.808000000000789,-11.23800000000017,4.9739999999999895,219.10600000000213,193.53299999999933,-64.09299999999689,5.294000000000665,-4.7699999999998965,-10.222000000000264
484.7440000000006,-509.1700000000003,-25.53699999998571,471.7379999999992,-650.7499999999993,-48.93799999999828,430.2100000000024,-265.0819999999996,10.84000000000742,-61.33399999999938,-680.5629999999979,-25.732000000016345,-212.73100000000227,-142.66300000000456,-13.867000000004737,-551.5450000000044,-903.9339999999982,40.65000000000509,186.10199999999963,-1080.1749999999995,42.39600000000792,713.5029999999986,110.16499999999922,27.135999999995875,1398.408,394.8299999999989,-78.22200000002795,1500.8780000000002,-243.0970000000002,-25.18299999999272,32.67500000000041,-409.6749999999986,41.46100000000388,330.66700000000253,68.823,1.1899999999968711,-84.26700000000267,55.07099999999525,20.23900000001504,53.09799999999996,-354.0850000000006,23.778999999990447,-44.436999999999216,-171.8890000000016,9.815000000003238,14.877000000001315,-116.23400000000004,21.28900000000158,-8.965999999998076,-41.948999999999614,-8.579999999999188,-5.136000000001673,2.63699999999858,-10.868999999999572,1.1629999999968277,-17.752000000001544,5.076999999999998,241.12099999999828,-103.3850000000001,-64.81899999999996,121.4969999999994,-35.66099999999999,-10.031000000009271,70.81400000000002,-34.1940000000001,-1.1809999999968568,11.267999999999745,-3.749999999999787,6.437000000001092,-1.5949999999996578,0.0550000000004047,1.1559999999995796,4.971999999997934,0.9870000000006484,-1.2700000000002376,65.1299999999992,-115.44299999999907,30.950999999998885,4.586999999997943,-16.64700000000039,4.776999999999987,102.6789999999977,-156.92999999999984,-59.565000000003465,4.820999999999742,-8.23999999999998,-5.369000000000312
471.6279999999984,-496.94300000000027,-30.28599999997823,385.8699999999999,-689.5200000000002,-70.36200000000008,428.1380000000013,-257.5250000000011,5.286000000000968,-107.1230000000014,-690.9060000000039,-72.9609999999866,-206.77899999999735,-133.7039999999945,-10.364000000004124,-557.9189999999869,-869.1039999999987,38.34200000001147,147.40600000000086,-1070.5360000000012,25.06100000000515,726.3360000000006,119.61400000000069,8.447000000001026,1407.1380000000004,347.64900000000125,-81.11599999999726,1497.3060000000032,-296.9459999999998,-18.82299999999759,-11.648999999999887,-382.5349999999986,8.429000000000997,337.15199999999754,32.00200000000001,-17.681999999990694,-80.93099999999822,59.60700000000543,18.65299999999479,71.0329999999999,-275.3629999999987,73.95700000000716,-44.82700000000364,-203.609000000003,20.619999999996708,-6.578999999999269,-157.77999999999963,0.3569999999967876,-6.612999999998692,-15.307999999998856,-12.234000000000831,44.37100000000101,6.574000000000524,-35.78500000000062,0.8540000000039072,-17.43799999999851,2.432999999999197,268.3800000000019,-93.19300000000013,-50.81199999999626,116.88299999999998,-34.48400000000014,-16.666000000003578,64.91800000000012,-46.42100000000013,-5.410000000000537,9.92300000000057,-3.304000000000329,4.921999999999116,-0.6199999999999761,2.6440000000000907,5.189999999999628,4.039000000000215,2.7790000000010195,-2.8549999999995634,38.67500000000064,-101.39300000000162,25.537000000002763,5.162000000001399,-14.967000000001462,7.327000000000794,84.61900000000071,-127.637,-42.74899999999775,6.614000000000431,-15.189000000000163,-5.041999999998836
467.6330000000007,-485.1619999999997,-11.096000000020467,415.9550000000024,-654.5030000000011,-69.36000000000604,428.231999999997,-251.643,1.5380000000050131,-82.32999999999606,-640.2459999999962,-36.60899999999856,-203.0750000000012,-118.95700000000602,-6.507000000010521,-570.023000000009,-842.1930000000032,39.03799999998228,129.2479999999955,-1066.8909999999985,13.011999999980617,713.1220000000013,76.93399999999997,17.713000000003376,1407.444999999999,305.61699999999803,-81.02999999998701,1487.0569999999989,-337.62199999999893,-28.955000000019027,-41.48200000000202,-344.4700000000012,-28.62599999999702,342.79599999999846,28.176,-22.601000000008757,-78.72199999999907,70.14800000000037,16.075999999998203,32.51599999999826,-343.13199999999995,30.554000000006454,-45.20599999999604,-155.52299999999377,7.505000000003292,-54.721000000000686,-146.00099999999827,-92.44999999999663,-8.454000000000406,-23.239000000000942,-5.580999999999392,-2.6700000000005275,1.1319999999955144,-8.764999999999645,1.251000000007707,-20.4400000000021,4.240000000000066,261.3010000000003,-99.15200000000011,-59.7780000000057,123.91999999999967,-36.61999999999992,-17.940999999996166,67.33200000000039,-41.78899999999999,-4.3400000000019645,10.51299999999955,-7.734999999999559,6.891000000000247,-1.816000000000173,0.3050000000001773,2.8380000000005623,5.264999999999986,1.3319999999993115,-0.4230000000006839,41.24499999999784,-117.87999999999954,34.496999999998934,5.670000000000641,-11.478000000002451,8.574999999999022,78.17699999999945,-140.77800000000025,-44.18600000000197,1.5229999999988308,-1.0359999999998593,-12.478000000000122
463.1830000000036,-488.0949999999999,-39.92900000000645,408.7159999999983,-656.5519999999992,-70.67899999999554,401.0230000000036,-242.64399999999995,16.74799999998413,-85.62300000000391,-615.9470000000027,-41.12600000000839,-192.71200000000024,-105.38999999999989,-1.7939999999953216,-572.8110000000015,-821.6589999999997,37.817999999992935,81.7450000000008,-1070.8420000000017,-10.5829999999969,738.9339999999976,77.4719999999995,6.006000000002132,1421.753000000001,271.8370000000021,-74.12100000001374,1456.4149999999984,-426.77400000000034,-76.78199999998014,11.535000000003492,-387.5599999999992,19.946999999990567,353.62400000000207,37.92,-31.95200000000113,-76.30000000000052,64.98100000000022,22.25399999997535,34.52800000000025,-326.57899999999813,28.845000000001164,-34.28000000000111,-88.64200000000437,-8.54800000000182,68.88700000000085,-83.981,130.91099999999756,10.883000000001177,23.07399999999689,-15.954999999999586,-55.57900000000018,-3.53399999999624,27.020999999999876,4.144999999988386,-20.27599999999836,4.47200000000052,246.65099999999995,-107.13499999999954,-68.51799999999457,111.42899999999968,-43.39299999999984,-15.946000000002414,36.32800000000032,-119.9849999999998,-30.95700000000079,12.36900000000034,-5.26400000000038,5.328000000000088,-0.6740000000000634,5.4769999999997765,4.369999999999408,4.3680000000009045,-1.4910000000014634,-5.035999999999774,71.21200000000272,-121.77800000000047,31.05499999999779,2.8799999999989723,-17.379999999999995,8.187000000000921,17.023000000000366,-269.9589999999993,-53.8819999999987,3.8160000000004857,-12.765000000000091,-3.208000000000766
458.6829999999964,-491.7760000000016,-71.27700000000914,449.615,-652.6110000000002,-60.47299999997904,432.5439999999958,-251.8339999999995,-10.546999999996842,-91.43399999999816,-598.0199999999968,-43.32299999998668,-189.00199999999927,-87.81699999999546,0.2199999999902502,-589.4900000000007,-766.844999999995,35.35100000001421,119.82700000000364,-1049.0079999999978,12.927000000013322,751.2440000000026,48.26200000000043,-8.301000000005843,1421.3250000000005,230.6449999999984,-70.81299999999828,1442.2300000000007,-434.0409999999992,-90.01499999999396,-29.461000000003423,-365.03700000000094,2.5200000000040745,345.50700000000063,14.365,-27.22799999999097,-71.4320000000015,76.58099999999877,18.16400000000158,38.14699999999789,-319.0960000000018,33.7949999999978,-50.296000000003005,-248.2719999999972,31.72000000000139,26.94399999999746,-60.49200000000212,37.53100000000131,-28.37900000000104,-54.09499999999525,-4.2210000000011405,46.50400000000161,4.989000000000488,-35.54400000000015,4.088999999999032,-18.12900000000184,1.874000000000109,244.26699999999929,-102.02400000000011,-68.59100000000353,185.0840000000005,-49.383000000000266,-46.871999999996206,97.68299999999924,10.794999999999533,21.14300000000071,9.327000000000396,-0.8599999999997721,6.052999999999997,-3.616000000000241,2.1030000000003213,8.277000000000356,1.431999999999789,5.918000000002621,-3.3020000000000493,-15.521000000001097,-162.10299999999904,47.81500000000278,3.3060000000006085,-15.03399999999715,13.179999999999836,136.4149999999995,-18.02899999999994,-36.89600000000155,2.742000000000644,-8.938000000000024,-4.849000000000103
453.7810000000036,-481.5099999999987,-62.89099999999053,347.9949999999974,-630.1460000000005,-100.8180000000266,430.1810000000046,-249.27899999999997,-9.69199999999546,-48.68200000000229,-613.2200000000012,-9.082000000012158,-177.90799999999933,-84.8700000000008,2.7100000000245927,-599.178999999998,-735.6910000000028,27.68599999999424,127.34699999999748,-1026.024000000001,24.585000000001852,747.9219999999998,69.38899999999961,11.98699999999917,1425.815999999999,193.4650000000005,-62.7809999999954,1430.3560000000004,-483.8900000000024,-117.24800000001778,-32.873999999998205,-362.1769999999998,-2.6420000000030086,345.98799999999983,-2.6940000000000017,-40.91200000000299,-71.28099999999904,73.67500000000007,19.82400000001689,70.76400000000262,-328.1530000000004,44.65999999999895,-32.95599999999581,-189.43800000000124,29.879999999997157,-9.914999999995189,-143.65999999999983,-4.471000000000913,14.584999999999582,45.3269999999975,-30.36899999999889,-54.97699999999952,-3.203999999999496,28.94900000000007,4.944000000000415,-15.478999999999132,0.843999999999312,269.98000000000104,-97.71099999999996,-65.60100000000375,119.16800000000052,-44.79099999999985,-20.52900000000477,64.7190000000009,-60.95599999999948,0.3630000000043765,10.22999999999996,-4.669000000000168,10.502999999999927,-0.9899999999994692,2.1979999999999222,9.427000000000165,6.651999999999703,1.394000000001938,-4.753000000000185,60.36399999999844,-111.08600000000024,34.53999999999837,6.335999999998876,-12.503000000000952,8.019999999999072,11.417000000000144,-263.4480000000003,-62.11799999999244,-1.3020000000011578,-10.33299999999997,-0.0879999999995106
448.15999999999576,-469.6920000000006,-46.20299999999133,422.69000000000005,-643.7049999999999,-75.90399999999136,430.13299999999504,-240.7980000000009,-15.52799999999479,-105.16299999999887,-572.4330000000009,-44.95799999997416,-161.10100000000216,-52.18800000000101,1.7209999999749923,-592.9689999999994,-689.0199999999993,25.91500000000906,124.37699999999268,-1024.045000000001,29.1629999999941,765.0069999999971,26.6130000000004,-9.740999999985434,1459.8240000000003,133.21400000000096,-63.02499999999327,1406.8629999999985,-489.0819999999991,-129.004000000009,-57.67799999999852,-358.68499999999983,-10.272999999995136,360.18499999999847,-59.495,-65.86300000000165,-70.4260000000005,84.43499999999915,22.374999999988177,-21.47499999999809,-320.7780000000014,-2.3199999999974352,-20.39200000000392,-121.91500000000131,3.189000000003261,38.723999999996295,-39.812999999998056,37.61900000000082,-19.47999999999865,-65.35600000000272,16.44900000000007,-1.579000000000974,7.085999999998194,0.8079999999999643,4.391000000003942,-12.934999999998809,1.5350000000005082,247.4329999999981,-111.75200000000024,-76.26299999999446,122.79899999999913,-35.82900000000002,-21.666999999996506,64.20799999999929,-61.71700000000016,-4.032000000000835,4.844999999999544,12.014999999999889,2.2540000000006444,-0.3769999999995832,3.755999999999915,12.02299999999994,0.735000000000241,8.388999999996827,-3.797000000000139,53.714000000002216,-93.4110000000004,37.776999999999816,8.136999999999261,-11.828999999997336,7.935000000000514,115.112000000002,-36.05499999999964,-36.48700000000531,-0.7359999999977163,-5.311999999999983,-0.9799999999998475
450.3379999999993,-467.3240000000007,-61.1699999999928,343.45700000001216,-607.9049999999995,-105.45600000000375,440.5280000000005,-252.8909999999996,-33.26400000000831,-107.4009999999987,-558.2609999999988,-41.68700000002445,-160.71900000000028,-52.56899999999973,2.002000000015869,-584.7660000000019,-666.9429999999977,22.7909999999838,128.47300000000814,-1005.8779999999985,27.050000000008367,770.1640000000026,26.093999999999795,-0.3539999999929932,1406.5889999999995,124.56599999999868,-58.55699999999615,1389.2060000000015,-554.7519999999992,-167.4199999999928,-50.86100000000329,-344.7419999999994,16.755000000000564,348.06700000000035,-16.464000000000002,-36.4439999999945,-64.71500000000106,78.72700000000066,22.80299999999897,31.024000000007845,-267.6209999999997,47.5289999999859,-8.303999999998268,-155.71599999999535,24.12700000000996,2.7060000000005857,-130.28900000000192,-10.375999999996566,1.6029999999943811,3.259000000002743,2.499999999999148,-4.48199999999872,4.0869999999983975,6.312000000000495,6.4549999999997,-8.360000000001833,-1.371000000000322,257.9270000000008,-112.89199999999973,-65.17999999999802,121.90100000000116,-32.75199999999998,-19.84899999999925,65.93799999999987,-60.46799999999948,-4.025000000001455,14.1219999999997,-5.000999999999678,23.94899999999893,-4.460000000000264,7.569999999999766,22.113999999999837,5.422000000000082,2.3410000000012587,-8.768999999999494,105.3799999999967,-59.67500000000143,21.49400000000128,9.639000000001374,-6.245000000001255,11.805999999999983,61.37499999999818,-148.23300000000046,-46.26800000000344,-6.688000000001182,-3.509999999999991,2.24099999999936
437.2320000000002,-469.162,-68.39600000002974,403.5949999999957,-634.1890000000006,-88.54999999998654,417.3949999999991,-241.6730000000001,-17.980999999986125,-115.2680000000032,-547.7449999999976,-38.04900000000089,-146.81799999999896,-41.03700000000004,-3.002999999989697,-569.4819999999993,-620.4310000000021,19.11600000000817,100.55599999999458,-985.9160000000004,18.29899999997906,786.2189999999998,14.146000000000214,-1.1960000000271975,1471.6230000000023,53.01100000000076,-61.09599999999773,1371.1739999999963,-605.4760000000016,-172.64400000001388,-24.828999999999724,-368.8739999999996,-22.66899999999623,347.1890000000002,-10.942000000000007,-40.735000000006494,-63.07299999999998,80.44299999999964,23.25500000001739,21.01399999999103,-314.2969999999991,51.57400000000507,6.218999999998687,-30.11500000000069,-19.281000000012227,50.308999999998605,-28.861999999998037,34.17999999999779,5.090000000001282,-3.3569999999997435,-0.9090000000000488,1.304999999999268,9.86599999999953,5.211999999999506,9.24699999999916,-10.122999999998685,-0.2229999999997289,266.7249999999996,-112.88800000000025,-70.77000000000453,128.84699999999896,-28.899000000000008,-20.3550000000007,68.43900000000076,-53.81100000000032,4.210999999997966,10.808000000000106,12.640999999999991,16.170999999999935,-1.465000000000316,11.590999999999951,24.43900000000028,1.7479999999991946,8.466999999998848,-7.923000000000258,37.94300000000135,-128.72399999999686,48.41000000000122,11.787000000001058,-5.581000000000813,12.069999999999936,60.123000000001525,-147.072,-48.73599999999669,-4.789000000000954,-0.5729999999999791,7.241000000000497
439.72100000000296,-461.70199999999966,-75.9639999999763,340.3989999999965,-597.587,-115.77100000001792,430.42599999999993,-246.13700000000023,-33.92300000000432,-144.99500000000012,-517.664000000002,-45.83799999998064,-140.80899999999872,-33.44400000000292,2.1849999999858483,-552.4720000000002,-576.5809999999988,14.635999999995876,94.93400000001202,-955.216999999999,16.150000000016007,796.3539999999995,0.023000000000195,-7.116999999993823,1437.8629999999955,36.81500000000142,-63.379000000009,1342.9290000000035,-634.8050000000001,-168.1269999999813,-51.51299999999992,-355.2150000000012,-12.530000000003838,343.6390000000017,-35.236999999999995,-29.169000000001688,-61.89500000000123,81.76299999999799,22.21600000000308,12.829999999996744,-248.61300000000028,15.747000000010305,4.996000000005552,-207.4700000000007,37.72299999999973,24.084000000004835,-113.0880000000019,-7.996000000002823,15.952000000004318,28.003000000001062,-14.345999999999036,-0.7159999999998945,7.352000000003045,5.90000000000046,6.173000000001139,-5.449000000001547,-2.004999999999768,250.56000000000157,-121.33499999999984,-72.78999999999769,122.47800000000096,-22.195000000000142,-14.080999999998769,72.51100000000008,-45.67200000000042,3.872999999998683,57.733000000000345,34.303999999999846,0.4480000000000927,-2.039999999999509,8.966000000000207,30.431000000000097,7.059999999999889,13.223999999999592,-9.4850000000001,87.52099999999814,-87.73300000000006,29.055999999997084,10.468000000000188,-10.200000000000388,11.36199999999974,59.2269999999985,-148.37500000000006,-42.40399999999909,-1.5419999999991774,-2.311000000000085,9.765000000000157
436.42600000000016,-458.493,-77.58799999999155,360.6049999999982,-605.1860000000005,-107.34899999999924,430.45300000000566,-252.7869999999993,-37.231999999994514,-99.160999999998,-521.7190000000016,-16.577000000006592,-128.51200000000065,-30.74699999999666,-0.2809999999954016,-528.4449999999993,-539.8320000000126,8.716000000003987,85.63199999998687,-931.3780000000008,8.128999999985353,808.5080000000005,-12.97400000000053,-11.804000000006454,1439.2860000000012,-1.419000000001347,-61.59700000000612,1310.8180000000004,-730.383999999998,-169.94700000000194,-58.52099999999609,-353.47600000000057,-13.01899999999705,345.0179999999989,-11.134999999999994,-36.41900000000078,-53.56899999999882,82.65500000000259,22.265999999990527,9.77100000000064,-268.7880000000007,35.865000000001146,29.998999999997977,-17.887000000001763,-19.799999999997908,60.63899999999762,-18.12400000000025,29.232999999999265,-10.846000000003642,-31.051000000002205,-6.179000000000201,-0.0410000000016452,6.15500000000111,8.294999999999675,9.637999999995372,-3.4969999999987067,-2.9680000000006146,254.4179999999983,-132.07699999999994,-58.045000000004165,130.6439999999995,-8.404999999999951,-16.69000000000551,71.90699999999879,-47.205999999999904,0.8970000000033451,-6.766000000000361,7.901000000000025,28.68700000000075,-4.962000000000444,9.026999999999674,28.05699999999973,6.9330000000007885,7.6980000000020254,-7.992000000000132,81.3510000000008,-76.32000000000119,35.10699999999929,12.81099999999924,-5.431999999998993,11.473000000000866,56.749999999999545,-146.34100000000032,-40.47300000000291,-4.702000000000339,-3.567999999999927,6.459999999999866
435.9289999999987,-453.8309999999996,-85.76599999998962,358.8649999999973,-594.8949999999996,-116.73599999999168,427.5699999999972,-251.9590000000008,-38.17100000001119,-122.83299999999711,-486.7740000000026,-32.483000000001994,-121.58799999999984,-18.11500000000024,0.2079999999978099,-509.9699999999984,-498.19899999998825,0.5370000000084474,77.75300000000698,-900.4999999999995,5.286000000000968,817.6529999999985,-28.595999999999577,-18.517999999971835,1431.9000000000017,-38.082,-57.64199999998709,1276.621,-774.7950000000003,-176.5619999999899,-20.02000000000521,-367.9569999999984,-4.541000000006079,324.1039999999998,-11.793999999999992,-32.64799999999468,-50.1989999999978,83.34800000000087,17.188000000010106,20.95699999999852,-260.3610000000004,34.17899999999463,22.49699999999848,-199.36799999999835,32.96500000000151,50.53399999999897,-58.61499999999751,6.366000000002714,4.671999999999343,-4.761000000002014,-3.0700000000010164,2.582000000001017,12.999999999999543,7.878000000000185,7.977000000005319,-3.882999999999015,-2.3999999999993804,267.1350000000018,-131.30000000000024,-60.833999999988464,124.6380000000002,-8.323999999999998,-12.19199999999887,73.06900000000098,-41.64499999999976,0.745000000000573,4.830000000000467,12.753000000000014,23.156999999999076,-4.0300000000002,7.0700000000002206,25.76400000000021,2.741999999999223,6.854999999998768,-6.6989999999997,130.44700000000375,-87.34000000000037,25.098000000002685,10.353000000000634,-2.230000000000132,9.308999999998946,57.46200000000101,-142.31999999999942,-42.19999999999686,-3.571999999999776,-3.653000000000084,11.132999999999528
435.1830000000007,-452.8909999999996,-88.87999999999465,352.555000000001,-586.8020000000001,-128.69900000000598,432.747999999998,-255.9689999999989,-39.66100000000097,-128.64100000000462,-469.1309999999987,-32.39699999999175,-148.60099999999932,-21.73500000000104,6.457000000000335,-492.01700000000415,-465.8450000000016,0.9519999999838548,72.820999999999,-865.7930000000022,-10.72999999998956,816.9480000000021,-48.19099999999992,-18.543000000022403,1399.5679999999993,-75.00599999999906,-59.63099999999031,1257.0280000000082,-718.2119999999998,-160.96200000001772,-77.32199999999807,-346.9340000000017,-19.213999999999487,345.47799999999995,-57.12300000000001,-30.475000000001277,-48.85800000000131,82.18099999999993,22.77799999999388,0.4120000000000345,-261.9199999999978,35.93799999998737,30.34099999999853,-110.16500000000065,12.036000000000511,23.00400000000309,-111.20300000000044,-14.978000000002112,10.016000000001668,-8.532999999999902,6.150000000000944,-0.2769999999998163,5.603999999999587,10.399000000000314,7.647999999994681,-4.063999999999624,-3.575000000000017,252.71199999999965,-123.67399999999977,-63.64700000000312,133.54300000000023,3.6590000000000336,-14.535000000000764,75.65099999999916,-33.85999999999996,-0.3080000000011296,-20.68400000000068,-1.799000000000106,32.648000000000366,-6.70599999999979,9.946000000000057,27.12799999999973,0.9330000000005612,4.523000000000366,-5.474999999999852,64.8809999999969,-61.57999999999788,2.7220000000056643,11.67199999999866,-3.771000000000413,12.477000000001226,58.32499999999925,-122.90199999999984,-36.46200000000022,-3.650000000000375,-4.2930000000000135,8.505000000000962
435.984000000002,-444.4010000000006,-98.87700000001588,347.58899999999926,-584.3099999999993,-134.23999999999978,429.3640000000039,-258.0939999999998,-43.05399999998372,-123.51699999999823,-437.4879999999962,-34.94900000000598,-106.43300000000124,0.9740000000022064,-3.7469999999984793,-474.072000000001,-437.8600000000006,-4.8090000000001965,81.28600000000006,-876.864999999998,-0.6959999999935462,810.0709999999992,-70.98900000000015,-23.31500000000233,1415.2889999999984,-99.82100000000004,-52.41700000001401,1228.334999999987,-764.3720000000015,-153.39400000000296,-78.23199999999702,-338.77999999999986,-22.18599999999924,340.33799999999985,-41.282,-37.94500000000198,-42.60900000000163,85.94699999999875,18.102999999996428,-5.999999999994543,-256.47299999999973,37.75000000000546,31.69000000000324,-92.98100000000318,2.92999999999779,75.13999999999896,-9.337999999999624,36.255000000005566,6.227999999998701,-2.9999999999972715,-1.306999999999903,0.2510000000029322,11.122999999997774,6.929999999999836,7.663000000002285,-5.670000000000641,-2.793000000000489,250.3720000000044,-136.67000000000016,-62.81700000000683,138.40099999999893,5.814999999999948,-14.416999999997415,72.93400000000076,-29.227000000000203,-3.451999999998634,8.887,16.551000000000116,20.74000000000069,-2.940000000000253,4.236999999999824,26.885000000000048,6.17600000000067,9.6509999999995,-6.45500000000041,92.5110000000018,-55.75500000000204,44.75999999999658,15.118000000001077,-4.648000000000252,10.588999999998803,64.68399999999974,-117.86299999999984,-40.09999999999536,-0.1159999999998717,2.9189999999999827,6.944999999998913
434.1639999999984,-452.30099999999993,-98.99900000000343,350.1830000000041,-576.903999999999,-137.6589999999851,426.3030000000015,-266.75200000000103,-43.1880000000092,-117.59000000000128,-422.78100000000336,-40.41799999999967,-105.63199999999996,4.354999999998199,-4.285000000004402,-461.9969999999967,-415.1579999999967,-9.986000000003514,80.45100000000502,-852.6640000000043,-9.765000000015789,802.9630000000026,-87.35500000000016,-20.263999999997395,1386.0510000000004,-170.6530000000015,-55.68799999998646,1189.4870000000026,-810.5679999999992,-159.66799999998784,-86.77000000000135,-340.6939999999992,-19.672000000002758,333.4789999999998,-62.44700000000001,-25.08599999999888,-42.34599999999773,81.41700000000185,20.47099999999773,-19.522000000000617,-254.5760000000001,32.83700000000636,30.322000000001022,-102.30099999999992,8.785999999997784,23.586999999997715,-105.72700000000168,-20.45900000000529,0.4340000000013333,-8.111000000002377,2.561999999998932,-0.2730000000042309,13.251000000002476,7.651999999999504,8.911000000000513,-3.4729999999996157,-1.0219999999996787,270.02099999999416,-148.73100000000008,-51.490000000001146,130.87000000000018,18.45700000000008,-9.88699999999767,77.56200000000035,-28.032000000000323,-0.8690000000001419,14.369000000000652,16.89399999999992,22.10099999999926,-2.2319999999993456,10.005000000000308,26.221999999999923,5.295999999999879,6.8010000000015225,-3.900999999999754,100.94899999999711,-64.27300000000002,28.631999999998925,11.310000000000286,1.0890000000017608,11.28400000000056,63.50100000000225,-112.51400000000088,-42.16600000000881,1.2360000000001037,-4.741999999999891,9.258000000001232
425.51899999999705,-448.99300000000153,-106.75000000001091,337.7559999999903,-565.0040000000018,-145.1050000000123,426.5999999999962,-270.8199999999991,-47.864000000004125,-108.59099999999556,-409.357,-48.95000000001346,-93.0329999999998,4.8119999999983065,0.2930000000105792,-447.9730000000018,-391.8610000000001,-9.924000000000888,80.38899999999103,-846.6889999999978,-16.11399999999321,790.0179999999978,-105.63399999999989,-24.32899999998881,1363.4780000000037,-210.78299999999783,-57.47100000003229,1171.1149999999975,-790.8749999999998,-144.83600000000934,-88.09200000000033,-344.55600000000004,-27.75899999999183,332.186999999999,-88.06699999999998,-39.56299999999828,-39.704000000000406,86.14199999999812,22.351000000003296,1.6079999999988104,-258.3020000000005,36.583999999993466,36.39199999999505,-26.238999999998214,-11.944999999997208,73.96600000000149,-9.76699999999937,33.559999999999945,3.383999999999787,-13.60199999999736,-1.6799999999989268,-0.0599999999991496,9.456999999997606,6.054999999999922,7.816000000002532,-4.519000000001938,-3.125999999999607,252.1990000000017,-146.66399999999982,-47.069999999996526,141.2850000000006,17.74799999999992,-10.114000000004353,79.17700000000139,-18.822999999999723,-0.9040000000027248,13.348999999999478,14.359999999999928,26.29100000000051,-4.614000000000118,10.11400000000009,23.62899999999968,8.35299999999961,3.165999999998803,-4.49300000000008,102.57799999999976,-63.81099999999833,21.94499999999948,10.65099999999859,0.4529999999988376,10.795000000000243,70.22099999999796,-105.91899999999868,-39.14200000000392,5.898000000000536,5.541000000000018,1.256999999999664
423.5290000000021,-454.6599999999984,-109.59499999999024,335.12600000001385,-572.1890000000002,-153.832999999986,424.92000000000303,-272.22600000000057,-51.11099999999169,-96.51100000000385,-395.1570000000004,-60.81499999997959,-72.78400000000147,15.955000000002428,1.0009999999965655,-438.4009999999989,-380.0900000000013,-18.407999999999447,78.07000000000244,-850.403,-25.01199999999244,772.1850000000018,-115.69700000000012,-29.881999999997788,1341.6650000000004,-266.77600000000155,-75.07299999997485,1139.2950000000042,-812.2190000000003,-155.60299999999643,-93.53399999999964,-330.6440000000009,-12.512000000003807,329.50700000000097,-41.11600000000002,-25.75100000000248,-34.23699999999883,80.67400000000191,22.88799999998901,-13.90999999999849,-259.2640000000017,32.532000000003336,16.24800000000164,-167.66999999999825,24.1299999999967,23.05000000000064,-100.70200000000114,-18.05699999999888,5.4500000000018645,-2.886999999998352,0.0349999999997407,-0.7769999999993615,15.671000000003232,9.18800000000033,9.251999999997906,-4.582999999999515,-1.9710000000003447,245.95799999999883,-144.86100000000022,-55.72499999999536,138.95299999999935,23.65600000000008,-2.6179999999953907,57.10399999999822,-81.16500000000002,-25.12199999999893,17.674000000000234,18.565000000000254,23.192000000000235,3.4939999999991755,5.742000000000047,25.34400000000048,10.117999999999938,8.890000000002374,-0.9779999999999234,127.98500000000104,-79.41700000000083,24.206000000009453,11.690999999999008,-1.7709999999993895,7.850999999999431,68.18200000000161,-97.83200000000107,-31.92799999999352,6.233999999999185,2.552999999999983,6.121000000000265
415.8020000000022,-457.5919999999997,-113.32999999999628,356.7809999999895,-574.0249999999975,-135.608000000002,421.72599999999534,-272.4649999999997,-57.27500000000418,-85.43399999999792,-374.9719999999968,-64.8200000000088,-68.38699999999847,12.416999999999234,8.923000000004322,-425.23499999999785,-367.0749999999998,-21.703999999999724,68.09100000000399,-849.7559999999964,-31.078999999999724,762.3259999999959,-132.44199999999964,-33.17900000001828,1325.234999999998,-293.6250000000001,-62.23200000001725,1108.5080000000005,-823.7660000000005,-178.5280000000057,-91.08200000000012,-327.5819999999982,-24.16399999999612,324.7990000000016,-106.27699999999996,-43.16400000000158,-30.66700000000253,87.01599999999985,23.937999999998283,-13.571000000001732,-241.798,32.36699999999928,25.027000000000044,-96.33200000000102,9.879000000000817,38.47299999999905,-68.93799999999999,1.3149999999995998,5.804999999998017,4.44299999999771,-4.08299999999997,1.0120000000000573,15.618999999998096,5.65599999999975,10.09899999999675,-4.349999999999454,-3.242000000000189,242.004,-141.0409999999997,-46.86299999999619,134.80300000000085,20.147000000000048,-1.9410000000050327,85.60399999999788,-18.66200000000049,-2.2310000000004493,17.29300000000009,13.70699999999978,25.503999999999397,-0.7139999999999702,12.152999999999992,24.67100000000002,9.696999999999887,4.320999999995934,-5.566000000000315,62.22500000000082,-54.05499999999961,24.139999999988504,34.70800000000054,-20.865000000000578,3.753000000000384,69.80400000000202,-99.05199999999964,-36.35199999999941,9.049000000000262,-1.6230000000000189,5.574000000000012
413.4729999999991,-459.75699999999904,-119.629000000009,315.28299999999945,-550.3620000000012,-161.0719999999901,420.39800000000014,-277.3139999999998,-62.30500000001484,-66.62900000000036,-375.47400000000266,-84.63100000001305,-92.04900000000008,2.886999999998352,22.228999999992997,-415.18200000000434,-354.0680000000009,-29.430999999999585,59.375,-850.8690000000001,-46.22799999999643,741.5340000000015,-144.04200000000031,-37.07299999998668,1294.0490000000011,-332.59999999999934,-66.21099999999842,1080.8130000000006,-809.1459999999997,-185.1799999999912,-104.48299999999904,-321.43700000000024,-21.026000000006206,321.49499999999875,-80.81400000000008,-36.64499999999862,-26.472999999998592,82.0920000000001,22.840000000019245,-24.67599999999948,-312.5799999999998,40.69200000000137,22.2629999999981,-35.06800000000112,-9.005999999999403,59.03299999999945,-10.36399999999844,35.66299999999956,-1.7550000000028376,17.221000000000686,-8.959999999999013,-3.5770000000013624,14.116999999998823,6.502000000000408,10.608000000001994,-7.898000000000138,-0.7899999999999352,255.4869999999994,-128.4460000000001,-31.76900000000842,137.863999999999,28.58699999999974,3.235000000000809,106.69500000000198,49.16600000000102,24.8170000000016,18.493999999999744,17.371999999999943,24.79900000000015,2.2680000000001144,6.248999999999683,25.28599999999983,8.37099999999964,5.317000000002281,-3.3919999999994843,82.52600000000143,-69.0339999999992,29.583999999999836,-6.878000000000384,24.166999999997078,13.362999999999658,67.98000000000002,-86.0270000000007,-33.44400000000292,8.460999999999785,8.795000000000108,3.839999999999577
412.8269999999986,-456.9560000000024,-121.78999999998724,298.54700000000776,-541.5179999999992,-168.84700000002795,417.9290000000037,-274.1430000000008,-62.42700000000241,-60.72100000000091,-360.5039999999974,-85.63199999998687,-34.63700000000074,9.3970000000013,7.006999999998698,-419.4919999999968,-343.6800000000005,-35.97500000000764,51.99599999999691,-848.8900000000001,-66.79700000001958,750.7450000000006,-153.64800000000008,-48.779000000013184,1267.6549999999963,-368.65700000000174,-72.30199999999058,1035.9809999999925,-832.7100000000002,-222.87599999999657,-76.85600000000363,-316.0080000000022,-21.111999999993717,311.0579999999999,-93.70899999999986,-37.51200000000381,-55.096000000000345,69.62599999999952,37.91499999997541,-15.31400000000076,-219.88599999999963,22.31500000000324,-7.391999999998688,-171.16700000000264,22.110000000003534,11.544999999995298,-118.9750000000032,-12.558000000001355,-7.479999999998199,-23.849000000001297,0.0639999999989981,-3.203999999999496,15.762999999998328,3.394000000000119,9.291999999999234,-11.474000000001183,-0.3660000000003549,224.06500000000165,-122.68500000000006,-41.11899999999196,128.37800000000072,22.25999999999999,0.2830000000074051,78.5979999999995,-9.975000000000025,1.9839999999987867,13.725000000000165,17.375000000000185,25.59600000000017,-1.507000000000147,8.348999999999762,26.16700000000023,10.537000000000774,3.987999999998237,-1.8350000000005195,86.33399999999938,-68.16400000000158,23.216999999999643,11.240000000000803,-0.947999999996796,7.684000000000424,64.13599999999633,-82.12099999999936,-23.70300000000043,7.600000000000762,-5.190000000000161,14.534000000000448
408.5230000000024,-459.52699999999993,-127.1850000000086,331.5560000000005,-549.9980000000022,-161.68299999999363,417.935,-283.6520000000007,-66.21099999999842,-50.65299999999979,-347.38100000000145,-92.9930000000013,-18.84200000000078,0.4570000000001073,6.603999999992993,-375.009,-338.68999999999687,-38.768999999979314,42.49300000000176,-849.8100000000022,-86.92599999999402,703.1549999999982,-186.59299999999988,-40.954999999985375,1231.4660000000003,-396.7510000000004,-70.37399999999252,1005.1690000000008,-831.613,-238.12299999999595,-75.29599999999732,-297.6860000000016,-39.52700000000959,298.37699999999927,-104.82600000000008,-32.03800000000001,10.09300000000053,82.47399999999914,20.75200000001587,-17.486999999999853,-250.4109999999997,20.52599999999529,-15.987999999998692,-128.47899999999868,12.213000000008378,20.54800000000796,-81.10499999999661,10.180000000002565,-4.653999999999314,-8.017000000000962,-3.852000000000544,-3.789000000000442,15.386999999998352,-1.9180000000005748,8.75599999999963,-14.170999999998912,1.7099999999999227,211.80099999999985,-109.97400000000006,-48.56600000000526,126.89599999999928,23.3760000000002,1.9139999999936208,72.78900000000021,-8.566000000000429,7.729999999997972,13.528000000000162,19.50800000000008,23.711000000001548,0.9590000000002874,7.772000000000645,27.40699999999947,7.213999999999032,7.75600000000054,-1.9519999999999984,70.38000000000011,-77.59800000000041,28.19900000001212,9.220999999999435,-1.3139999999992824,8.159999999999457,61.279000000001815,-72.62500000000003,-24.09399999999664,6.9279999999992015,14.725000000000144,6.466999999999246
404.7089999999969,-454.82299999999896,-130.24900000000343,297.87599999999657,-523.1069999999988,-177.61199999999917,414.3889999999999,-282.1669999999983,-68.84699999998247,-34.64999999999918,-355.63999999999965,-82.78800000000501,-9.023999999999432,-4.646999999999935,6.702000000018416,-383.8959999999986,-317.7120000000002,-46.36199999999917,37.43200000000115,-853.8880000000006,-108.05700000000796,706.2049999999999,-199.3499999999997,-36.82800000001407,1187.7929999999992,-436.9359999999972,-79.71100000002025,977.9539999999996,-805.3369999999994,-234.0580000000045,-72.80000000000086,-306.198999999998,-71.99099999999135,295.6310000000002,-92.48399999999988,-29.8759999999902,0.0490000000013424,76.14599999999996,22.07000000000789,-21.298000000001597,-326.56399999999906,27.147999999999683,-27.78900000000135,-117.76399999999968,1.4709999999865886,21.245999999996457,-82.54100000000051,11.718999999999369,-8.782999999999674,-10.559000000000651,-5.700000000000216,-7.375999999999294,12.970000000001392,-2.4799999999999045,7.190000000002783,-15.937999999999874,1.976000000000511,213.19299999999828,-159.82299999999992,-30.780000000004293,118.85000000000048,29.895999999999923,3.2739999999989777,37.80200000000207,-80.9269999999998,-23.24499999999716,38.96200000000008,29.192999999999717,10.316999999997734,-4.023999999999717,8.167999999999864,22.10900000000038,5.7620000000000005,4.079000000001543,-1.5569999999996753,63.45200000000091,-80.96599999999796,20.155999999991536,7.756000000006225,0.6209999999981619,2.1100000000004115,59.87199999999859,-65.72299999999984,-23.84000000000128,-0.3990000000001714,0.2769999999998163,12.04800000000006
406.1440000000061,-446.95099999999854,-133.6909999999989,310.6139999999982,-526.2900000000002,-177.11199999998826,413.2569999999987,-292.0119999999997,-65.12500000001182,-35.613999999998214,-326.26300000000015,-96.44799999998668,20.55500000000165,-6.461000000001604,-6.702000000018416,-382.8210000000013,-250.34200000000052,-67.77400000000853,36.8349999999964,-859.9639999999965,-119.22599999998056,698.7909999999999,-272.2460000000005,-69.6659999999838,1150.8730000000014,-455.1119999999997,-74.62199999999939,897.4799999999959,-858.8059999999998,-268.33500000000186,-47.31400000000008,-248.1529999999964,-49.89000000000488,287.6140000000021,-61.98100000000011,-21.83300000000372,8.124999999998295,67.96400000000062,27.599999999983996,-19.36900000000037,-186.84100000000117,13.043000000004668,-41.52599999999893,-117.18399999999748,1.1110000000030595,2.91700000000219,-79.2650000000009,9.811999999999443,-10.478999999997995,-5.517999999995027,-8.357999999999777,-6.801999999998998,12.899000000004436,-5.982000000000198,4.057999999997719,-17.71400000000085,1.3060000000002958,205.222999999998,-112.00600000000004,-35.8820000000037,114.44800000000016,23.203,2.2890000000018063,65.4769999999985,-2.452000000000254,4.579999999998563,11.178999999999917,13.33800000000025,25.29300000000063,-3.6810000000002674,11.600999999999573,26.07999999999961,6.40199999999993,5.661000000000627,-1.292999999999722,53.02099999999541,-78.30500000000313,18.71999999999616,6.020999999995524,-1.6259999999988397,-0.6230000000002178,64.46300000000349,-60.69200000000024,-23.937999999998283,2.7839999999997644,9.88699999999998,9.20500000000004
410.6229999999925,-443.81600000000105,-133.50799999998344,297.86300000000665,-508.1410000000005,-193.1640000000016,410.4370000000017,-296.3490000000008,-64.22099999999773,-26.467999999999847,-327.9269999999997,-91.7120000000068,12.148999999999432,-13.22900000000118,7.934999999997672,-361.4599999999996,-279.0990000000022,-57.5800000000072,31.17700000000241,-860.2300000000014,-124.13300000000618,694.1930000000013,-271.164,-61.92600000001676,1105.6150000000002,-493.86700000000303,-79.93199999998524,865.3680000000122,-829.3170000000003,-265.66100000000006,-89.81600000000185,-260.7180000000028,18.44499999999698,269.3640000000016,-80.93900000000005,-26.593000000002576,16.62900000000036,58.96600000000092,29.761000000007694,-35.62000000000012,-300.8710000000008,15.22899999999936,-50.28599999999983,-126.02600000000166,7.781999999997424,1.7089999999996053,-73.35099999999954,13.017999999999574,-9.622999999999138,10.104999999998654,-9.54799999999949,39.34799999999825,19.33300000000031,-32.92299999999955,4.635999999999285,-15.895000000000437,-0.1050000000006434,362.7900000000011,91.8470000000001,98.41900000000123,117.089,19.02600000000003,0.509999999997035,102.3699999999991,69.58300000000008,32.52600000000143,-19.890000000000185,7.85499999999999,43.54199999999935,-9.22300000000007,8.305000000000717,27.98900000000017,4.648000000000252,5.816999999998984,-6.551999999999936,29.55000000000041,-75.26699999999948,26.76400000000285,5.310000000000059,-2.554000000000656,5.258999999999503,58.77799999999809,-52.23700000000022,-27.024000000000115,0.9230000000002292,-0.4399999999998627,16.926999999999737
407.9620000000034,-437.22800000000177,-141.504000000009,321.7959999999948,-489.0500000000003,-176.67200000000776,388.64699999999743,-282.8840000000014,-48.47399999998743,-62.52100000000382,-322.84199999999714,-130.50499999999374,10.758999999998764,-17.992999999995618,18.95700000000033,-347.40299999999706,-246.54800000000137,-71.14299999998366,22.27199999999812,-850.6799999999998,-134.4479999999976,688.7200000000007,-264.432,-52.27099999997336,1031.3330000000008,-435.8800000000002,-63.30500000001393,829.1079999999965,-792.1480000000003,-262.4880000000076,-85.71199999999521,-218.03899999999885,19.31800000000976,251.89599999999643,-143.51000000000002,-43.31599999999298,22.352999999998246,56.811999999993645,25.989000000004125,-6.085999999999103,-184.110000000004,4.54099999999471,-52.98799999999915,-105.5939999999964,-0.045999999997548,-6.801999999998998,-79.49299999999937,9.092000000003964,-12.527000000005728,-26.856000000003636,-3.2700000000005502,-7.435999999998444,10.488999999995483,-8.493999999999602,5.078000000003158,-13.64499999999964,4.731999999999914,-19.185999999996284,-244.28500000000008,-155.55399999999509,110.66399999999987,15.78999999999997,4.9220000000048,61.67499999999961,-3.5060000000001423,2.749999999997499,10.466000000000264,20.364000000000004,28.568000000001348,-3.8409999999998954,13.360999999999734,27.965000000000373,7.457999999999743,5.18600000000049,0.908999999999338,23.798000000005004,-79.92599999999754,16.912999999999556,2.4189999999975957,-4.171999999999798,-1.446999999998866,55.06599999999935,-54.610999999999166,-20.454999999998336,1.342999999999961,10.745000000000005,11.543000000000347
412.0239999999967,-429.0669999999977,-138.34300000000894,338.4710000000041,-473.47699999999975,-182.6289999999972,413.86400000000094,-305.9830000000005,-67.28500000001532,-16.43699999999626,-319.7060000000022,-94.09200000000055,39.79999999999961,-21.07900000000313,6.042999999999665,-343.0140000000051,-275.4669999999919,-64.07500000000255,28.685999999993328,-866.019,-143.7990000000127,677.9999999999973,-272.842,-53.51500000001579,1004.5590000000004,-568.9009999999968,-102.95399999999972,758.9839999999981,-804.6659999999996,-253.56399999998305,-66.07400000000325,-227.87199999999643,-19.56800000000385,250.7760000000019,-96.331,-34.9550000000022,26.74100000000124,50.23000000000479,28.099999999994907,-23.72699999999668,-214.9809999999945,5.505000000005111,-52.304000000003725,-109.7560000000044,10.827999999997928,3.5679999999956635,-21.863000000001875,27.73699999999621,-7.7699999999993,11.597000000000437,-10.621999999999332,-6.767000000002099,8.15499999999929,-3.11100000000053,2.161000000000968,-12.869999999998072,2.788000000000324,169.9610000000007,-59.78600000000007,-19.04299999999921,111.44000000000034,17.332000000000036,1.9349999999974443,60.75899999999877,-8.811999999999642,2.6240000000029795,7.248999999999484,24.04200000000003,29.04299999999864,-7.336999999999705,10.837000000000074,30.99899999999991,8.740000000000236,7.883999999998537,-4.739000000000004,50.48199999999952,-94.1880000000026,19.644000000005235,0.6710000000026639,-2.4339999999995143,3.2269999999996912,68.70999999999867,-43.97500000000037,-22.72400000000516,2.042000000000144,9.78999999999992,11.485000000000412
411.2450000000024,-424.0610000000004,-143.02900000000136,321.7039999999997,-470.7719999999995,-188.76999999999956,409.6040000000016,-308.9709999999968,-66.58999999999651,-11.902000000003454,-316.21999999999844,-95.94700000002376,50.20900000000097,-21.97599999999511,4.223000000001775,-324.3409999999983,-199.39000000000533,-83.22700000001078,8.685000000002674,-853.6100000000033,-154.30899999998928,651.2030000000038,-280.92299999999994,-54.15100000000166,928.8759999999968,-452.403000000001,-76.34299999997438,727.7410000000032,-750.2330000000001,-224.7929999999997,-76.53199999999742,-225.79300000000444,-24.31699999999637,237.33299999999812,-95.13599999999992,-33.78900000000158,32.66900000000135,38.338999999999146,31.00600000000213,-30.740000000002965,-202.337,16.52199999999766,-45.569000000000415,-54.851999999999634,-7.909999999998263,-37.27799999999775,-112.90599999999812,-12.369000000001051,10.680999999999583,30.817000000001823,-13.510000000000844,-4.292999999998415,5.252000000001544,-4.675000000000296,2.5509999999997035,-11.11800000000187,0.9209999999995944,160.4219999999998,-53.38199999999995,-15.070000000002892,100.25799999999948,15.89400000000012,3.766000000001668,61.20300000000043,0.4590000000000316,6.277999999997519,12.17500000000058,16.300999999999988,27.01100000000025,-10.378000000000045,15.112999999999488,29.77899999999991,2.5970000000000937,8.961999999999648,0.09900000000016,2.5389999999958945,-75.9399999999971,24.755999999996448,-1.857000000001108,-5.631999999999948,2.801999999999793,60.07199999999955,-40.1299999999992,-19.95499999999879,-0.7130000000003633,6.704000000000043,13.083999999999207
409.5160000000021,-420.22400000000175,-141.79699999999684,264.06200000000126,-475.58500000000095,-205.1640000000134,411.6489999999999,-313.3140000000026,-69.26199999998062,-6.374999999997044,-318.5330000000022,-98.51099999998496,56.386000000000536,-28.869000000003098,6.311000000005151,-322.8360000000009,-132.73299999999608,-118.10299999999644,5.377999999996064,-850.6559999999979,-179.77300000000014,637.4969999999962,-284.27999999999986,-59.45999999999003,845.7610000000045,-576.6689999999983,-104.2120000000068,688.2079999999974,-710.0810000000001,-200.9520000000066,-75.49399999999196,-217.60600000000068,-29.10700000001043,234.2000000000013,-95.31299999999996,-32.10500000000138,43.71499999999742,38.40700000000084,24.915000000009968,-33.42000000000098,-188.54700000000548,9.040000000004513,-49.13899999999671,-120.1819999999998,9.509000000002745,8.733999999998332,-13.402999999999563,39.02300000000309,-8.776000000000295,-19.7969999999998,-7.311999999998875,-5.44399999999996,8.026000000000977,-7.324999999999449,0.180000000000291,-9.11999999999864,2.317000000000036,145.7369999999969,-47.677999999999976,-19.01799999999412,108.34200000000038,13.42200000000009,4.81000000000904,64.20100000000275,3.419999999999135,8.584000000001879,11.087999999999454,24.59399999999974,29.48599999999999,-7.7920000000005984,13.605000000000445,25.38199999999975,12.827000000000057,6.645000000000323,-2.395999999999532,-37.81399999999735,-61.481000000003405,21.13899999999944,1.7519999999990432,-8.010999999999058,1.3450000000005955,51.44200000000012,-44.93900000000082,-21.45399999999995,0.4920000000012692,9.840999999999944,11.908999999999992
412.203999999997,-417.9309999999987,-147.64399999999114,323.2120000000009,-453.458999999998,-192.12599999998477,410.5799999999988,-314.8869999999988,-75.57400000002872,-2.661000000000513,-315.49099999999726,-96.72800000000734,63.89700000000005,-35.870999999997366,4.700000000002547,-272.38499999999704,-252.6670000000081,-88.3429999999862,-5.85999999999558,-847.3760000000027,-196.69200000000728,609.5880000000022,-288.25500000000017,-58.37400000000344,781.6129999999987,-498.6930000000015,-94.7510000000193,636.1629999999991,-664.1679999999999,-180.31000000000856,-77.07800000001157,-211.1539999999991,-28.41199999999162,257.5009999999992,-17.607000000000106,-19.983000000001997,35.47500000000241,31.695000000001983,43.23699999999917,-72.77500000000146,-243.61899999999537,17.540999999994256,-44.6140000000014,-98.62599999999588,7.027999999996837,-11.427999999995109,-49.64000000000226,15.829000000002225,-9.67099999999732,20.48599999999965,-14.648000000001105,-3.455999999999904,0.2560000000016771,-1.6429999999999725,2.7439999999955944,-9.244000000001051,0.8070000000003574,133.54100000000244,-51.478,-34.85799999999699,101.39700000000003,11.41099999999966,2.208999999987782,61.702999999999975,-0.1909999999995193,5.117999999998801,7.325000000000159,24.564000000000163,30.400000000000205,-10.429999999999495,18.048999999999893,27.696000000000254,4.488999999999521,10.695000000001189,-0.6140000000002033,34.591999999997824,-82.79499999999871,24.58199999999806,0.4320000000006985,-5.618000000001189,2.412999999999954,63.19300000000112,-34.78599999999972,-22.57700000000113,-3.883000000000436,4.1969999999999175,19.668000000000063
409.7100000000012,-417.3460000000006,-149.97600000001512,357.9099999999926,-434.81900000000167,-183.14200000002077,412.3109999999997,-320.111,-84.8149999999805,3.4760000000005675,-312.8690000000006,-105.50599999999122,70.53599999999847,-39.331000000004224,3.906000000006316,-280.5540000000008,-164.78899999999612,-117.1500000000151,-7.836999999994987,-839.0009999999961,-213.75699999998687,585.3059999999971,-283.21699999999987,-58.30100000000584,704.9620000000004,-475.658,-97.92399999998906,593.5979999999972,-604.1320000000001,-163.48900000000413,-4.04699999999707,-196.55400000000327,2.5019999999926767,219.598000000002,-98.90799999999994,-37.06599999999298,43.95199999999875,36.34399999999971,34.64299999998275,-11.422999999996364,-90.88299999999948,12.518000000000027,-37.55199999999945,-90.05800000000477,6.995000000000573,-17.25500000000011,-59.69300000000146,10.577999999998156,-24.484999999998536,-50.79600000000255,5.986000000001468,-5.028000000001498,7.474000000001979,-4.504000000000019,1.5590000000031523,-8.800999999999704,2.297999999999689,145.93140000000062,-134.4958,-23.6095999999975,99.40500000000014,8.760000000000012,1.120000000003074,59.651999999999816,0.8530000000000371,5.083999999999378,9.825000000000015,29.964000000000013,30.84400000000045,-12.69800000000032,15.731999999999855,34.60899999999967,4.64200000000119,9.83099999999979,-3.166999999999831,-34.46999999999889,-62.23599999999863,16.104000000001406,-3.509999999999991,-4.967999999999506,2.7949999999989927,51.591999999999416,-47.28900000000067,-18.75599999999622,-1.5879999999995675,19.28700000000028,15.746000000000038
415.8540000000016,-401.7239999999987,-157.26300000001174,329.59600000000364,-438.6879999999991,-198.20599999998197,415.319999999997,-321.866,-88.8300000000072,23.24499999999716,-315.24,-112.74399999999788,74.4230000000016,-48.96499999999833,4.17499999998654,-245.43200000000525,-250.658999999996,-115.08799999999157,-16.869999999994434,-835.7759999999985,-224.52400000001944,565.7320000000027,-280.433,-62.01200000000426,648.5419999999976,-431.6900000000004,-102.38100000001396,526.0430000000042,-566.5790000000001,-152.3680000000013,-49.359000000004016,-232.9499999999996,-59.89999999999327,221.7690000000005,-102.32299999999998,-30.689000000006672,55.386000000001445,33.71399999999767,32.67900000000736,-41.3029999999992,-152.1979999999985,14.684999999997215,-32.30599999999981,-72.65899999999874,1.4830000000017662,-26.68500000000336,-101.3639999999981,-9.66799999999921,9.155999999995856,36.789000000004535,-13.164000000000442,-4.326999999997838,8.342999999996437,-3.676999999999708,1.4189999999985048,-9.075999999998883,2.072000000000429,145.93140000000062,-134.49579999999995,-23.6095999999975,95.66599999999994,11.301000000000272,7.699999999999818,53.98500000000013,5.427999999999855,5.756000000002359,9.12100000000038,26.358000000000104,33.40000000000032,-13.322999999999752,18.97999999999982,30.08100000000056,6.949000000000183,12.178000000000113,-3.182000000000329,-3.52800000000002,-72.37100000000112,24.209999999999354,1.9149999999996223,-2.1700000000009823,3.3240000000006376,52.53399999999999,-31.137999999999977,-23.889000000002625,-2.590000000002135,3.9429999999997634,18.041999999999803
419.35100000000034,-404.8540000000002,-159.89999999999327,307.0979999999963,-436.73100000000034,-214.5870000000059,416.4700000000039,-327.05399999999827,-90.2469999999994,35.04300000000171,-308.10299999999984,-114.45300000000316,82.52499999999827,-53.08899999999994,1.8919999999980064,-208.93199999999865,-181.69600000001083,-134.1190000000097,-15.631000000007589,-823.7820000000056,-237.89099999999053,550.4329999999982,-270.946,-66.14999999999327,545.7150000000013,-406.8080000000009,-111.9499999999789,445.7100000000082,-526.8729999999998,-150.40299999998297,-37.63699999999517,-112.0939999999962,52.63099999999668,203.783999999996,-112.07199999999986,-20.903999999995904,56.80099999999868,32.34500000000082,32.98299999999017,-76.63500000000454,-232.6050000000066,21.19199999999637,-33.06599999999662,-89.07199999999875,6.680000000000064,15.33200000000079,-14.724999999998545,31.466999999997824,-10.028999999997268,-4.572000000001708,-7.236000000000331,-5.759000000000469,9.26499999999919,-4.2110000000008085,2.3230000000012296,-13.0170000000021,2.465000000000117,145.93139999999494,-134.49579999999995,-23.609600000008868,95.76699999999931,8.188000000000173,8.641999999997552,61.51499999999999,9.668000000000632,13.805999999999583,8.26499999999939,32.324999999999804,34.26099999999934,-14.320000000000022,21.332999999999917,38.579999999999615,3.5519999999991114,14.191999999999894,-2.6240000000001373,15.964000000002445,-78.45800000000054,22.1429999999998,3.1790000000000878,-4.8829999999981055,1.16299999999967,48.28700000000197,-46.53199999999913,-16.219999999998436,-4.901999999998452,14.53300000000004,24.0390000000005
422.7479999999957,-408.9490000000012,-168.54199999997945,340.9240000000068,-415.4869999999988,-210.1319999999987,416.019,-332.32100000000173,-96.81399999999483,48.498999999998205,-311.80700000000456,-124.7190000000046,97.85800000000222,-61.41299999999888,-0.4999999999881765,-216.1409999999989,-136.83399999998755,-149.27999999999884,-32.257000000004155,-786.1419999999953,-250.39099999999053,532.1810000000028,-264.88100000000003,-62.54800000001524,476.48300000000177,-369.6709999999996,-118.98200000000544,402.977999999996,-452.98300000000006,-142.1869999999899,-53.11900000000378,-227.2830000000056,-59.11899999999832,206.10000000000355,-169.219,-42.30999999999767,55.37600000000111,26.075999999997634,32.97100000002047,0.1430000000027576,-62.057999999993285,6.152000000008684,-29.43700000000149,-85.2170000000001,1.0040000000003602,-6.628000000000611,-61.684999999999945,7.954999999998336,-6.857000000002245,-7.916000000000167,-5.52200000000056,-4.590999999999212,9.15899999999965,-3.3149999999999125,4.460999999997739,-10.89799999999741,1.6919999999998936,145.93140000000062,-134.49579999999995,-23.6095999999975,95.2219999999997,16.601999999999606,9.24100000000294,21.6070000000002,-71.67100000000062,-19.62899999999763,5.479000000000411,34.97600000000034,40.42900000000032,-13.954000000000375,52.94500000000042,19.766000000000616,1.6509999999996694,23.483999999999128,0.4260000000002151,52.34399999999937,-78.08499999999867,18.80800000000136,1.4340000000004238,-3.5160000000018954,3.1230000000007863,47.13899999999853,-40.32900000000126,-19.0620000000024,-6.618000000000279,15.707000000000004,23.412000000000432
429.9380000000042,-396.20199999999954,-169.15300000002844,347.39999999999327,-401.83500000000265,-218.6519999999973,414.8529999999994,-345.65000000000055,-91.91900000000714,65.03000000000156,-311.4559999999983,-136.0229999999774,108.20899999999938,-75.40599999999813,-2.906000000007225,-179.33999999999628,-158.8200000000029,-161.4129999999932,-34.06399999998939,-782.7490000000012,-262.93900000000576,516.0609999999963,-258.77599999999995,-69.20199999999568,402.3289999999975,-324.62699999999955,-127.36899999999878,312.7079999999978,-429.8,-144.76400000000922,-37.08199999999806,-183.93899999999803,-25.5800000000022,209.98899999999597,-100.44300000000028,-24.81099999999969,60.72599999999966,27.699000000004048,33.85000000000673,-30.06300000000124,-152.28600000000085,8.032000000002881,-26.0469999999998,-100.72900000000118,9.658999999999196,-0.5650000000002819,-53.31099999999935,6.101000000001022,-3.490999999996802,-16.106999999999516,-6.465000000000032,-4.738000000000397,4.675000000003138,-2.020999999999873,4.828000000003385,-9.76400000000126,1.2940000000000396,145.93140000000062,-134.49580000000003,-23.6095999999975,87.28300000000218,13.85200000000033,13.24199999999678,83.31999999999766,88.8060000000003,47.33899999999949,2.801999999999793,38.65499999999962,44.50199999999995,-19.16699999999949,23.326000000000136,40.27699999999968,10.132999999999017,8.781000000001882,-6.461000000000183,-32.437000000004446,-45.62999999999988,20.797999999996364,3.3060000000006085,-2.7719999999987976,3.6009999999990328,43.476000000001136,-37.13800000000021,-15.123999999997295,-8.295999999999992,35.19100000000002,18.299999999999272
434.5219999999927,-397.78599999999926,-180.46899999997092,353.6069999999995,-402.15200000000095,-224.47500000000676,418.2579999999973,-351.3380000000012,-94.45800000000872,76.29099999999767,-313.8280000000009,-139.03800000002775,120.4419999999999,-82.2780000000023,-10.509999999999309,-150.69500000000176,-156.64699999999812,-170.9350000000086,-34.485000000006494,-764.8529999999994,-278.345000000013,503.58300000000327,-253.02799999999996,-63.23299999999108,315.5610000000024,-304.51300000000003,-128.83300000000872,266.8209999999931,-355.6190000000001,-145.69100000001072,-35.26600000000144,-178.98799999999824,-17.87699999999859,226.68400000000588,-107.36799999999997,-27.92300000000978,65.70899999999824,25.30699999999797,26.86799999999039,-60.17400000000066,-231.94400000000144,10.925999999994929,-21.1970000000008,-41.92800000000148,-7.309000000003607,-0.6370000000003984,-53.70600000000252,8.17299999999932,-24.603000000001884,-67.87100000000237,18.20900000000023,-2.604999999999791,8.593999999999369,-4.6709999999997365,3.0759999999986576,-9.92300000000057,1.6159999999999286,128.46400000000244,-100.11500000000002,-4.3880000000172,93.45099999999888,19.710999999999856,16.723000000001775,50.561000000001854,11.883999999999872,21.666999999996506,-0.7989999999999498,39.36600000000006,46.048999999999296,-22.03100000000049,28.099000000000277,43.69099999999975,2.055000000000007,13.070999999996502,-3.265999999999991,10.534000000001242,-72.34200000000044,11.3770000000045,1.9929999999988013,-5.225000000001501,1.2889999999998736,37.16799999999978,-42.2159999999991,-10.818999999997914,-14.052999999999829,21.096000000000004,27.338000000000303
438.68999999999687,-396.3179999999994,-180.4320000000189,359.8639999999932,-381.4999999999998,-235.5350000000044,418.7630000000013,-360.7919999999978,-97.66799999997602,95.1750000000004,-313.95899999999983,-147.38800000000083,133.21599999999876,-97.2939999999994,-14.330999999992857,-117.79500000000098,-156.76200000000335,-174.4999999999891,-59.44200000000137,-691.6989999999998,-330.49299999997857,484.05799999999886,-258.29,-66.50300000001153,299.91399999999544,-232.7389999999994,-116.72299999997904,216.0949999999957,-293.544,-145.37299999999505,-34.12500000000023,-182.6909999999998,-24.92700000000241,196.8969999999956,-115.53000000000004,-9.38099999999622,63.8290000000012,15.376000000000545,34.118999999986954,-25.162000000000265,-148.09099999999944,3.917999999998756,-26.348999999999023,-94.62599999999952,5.033000000003085,-5.610000000001492,-47.79799999999739,6.740999999999531,-2.7769999999975425,-17.495999999999867,4.773000000000138,-2.769000000000688,5.151000000000749,-0.4210000000000491,4.888999999997168,-6.463999999999714,1.986000000000132,134.28866666666863,-103.05033333333328,-12.815333333333,85.92999999999904,16.286999999999807,20.5319999999972,51.74299999999903,15.836000000000183,23.58400000000529,28.294000000000352,54.88800000000005,31.43600000000077,-31.27099999999956,29.119999999999635,50.05299999999977,1.653000000001725,20.495000000002506,-2.9350000000000875,11.429000000003953,-66.6230000000013,8.704000000000178,3.0609999999995807,-4.753999999999792,4.342000000001178,36.9339999999994,-42.02999999999975,-8.786000000003469,-16.262999999999295,30.65200000000008,32.77300000000025
441.4980000000128,-401.8480000000011,-186.5849999999909,405.39500000001,-368.462999999997,-228.49099999998543,415.9049999999979,-363.93600000000106,-100.97700000001169,105.35300000000234,-314.89799999999946,-151.19600000000446,144.52300000000093,-111.55300000000352,-19.238000000018477,-86.52099999999905,-134.56499999999778,-191.9800000000123,-24.652000000003227,-769.5680000000038,-329.663000000005,466.9610000000034,-258.52400000000006,-65.79600000000028,189.92000000000075,-234.2250000000007,-120.67900000001828,179.596000000015,-222.87,-149.09699999998338,-24.77399999999648,-178.3110000000022,-22.929999999996653,206.0570000000041,-117.192,-26.05599999999413,70.90299999999843,8.323999999998932,34.00800000001709,20.819000000000187,-66.86699999999917,3.7840000000073815,-27.350000000001277,-73.48700000000008,-2.92699999999968,-6.810999999999012,-47.76200000000017,5.664000000001579,16.20399999999904,77.34399999999937,-32.966000000000406,-2.251000000001113,4.2210000000011405,-5.656000000000461,0.4550000000051568,-7.068999999998482,-1.237000000000421,134.28866666666295,-103.0503333333334,-12.815333333321632,88.2710000000003,23.188999999999997,27.88700000000404,46.70100000000161,13.230000000000077,20.90199999999527,-3.72600000000034,53.12899999999985,49.19699999999949,-33.79800000000017,43.46999999999994,44.74400000000003,0.7699999999999818,20.427000000000817,-0.4899999999999238,37.76299999999537,-64.09299999999973,20.89499999999589,3.67300000000057,-3.394000000000119,-2.658000000000982,37.92799999999943,-30.061000000000604,-8.127000000001772,-21.940000000000737,17.128999999999905,40.61499999999967
444.261999999992,-395.2300000000008,-194.2009999999982,325.14099999999644,-377.8470000000027,-255.88400000001457,415.625,-373.345999999998,-103.6010000000033,123.46499999999878,-309.52499999999645,-157.73999999998978,132.05499999999972,-120.51999999999909,-12.829999999985375,-77.74600000000191,-162.5120000000038,-198.2909999999947,-53.18599999999378,-669.1009999999949,-391.2230000000136,421.1699999999951,-289.9100000000001,-96.349999999984,149.7280000000046,-191.95299999999943,-107.05599999998869,106.63399999998546,-180.66999999999996,-156.27400000000762,-25.559000000004065,-174.00799999999776,-25.409000000001924,192.7219999999977,-113.33699999999992,-16.79700000000821,70.27900000000216,2.506000000002473,33.33799999998064,8.310000000000173,-329.7780000000017,32.80099999999493,-31.304999999997563,-79.16500000000042,3.8939999999968222,-7.845999999995001,-38.54400000000169,5.84400000000187,-5.943999999999505,-3.716999999994641,-6.17899999999878,-1.6369999999994889,2.590999999995347,-5.347999999999331,2.2919999999999163,-4.610000000002401,1.825000000000188,134.28866666666863,-103.05033333333328,-12.815333333333,84.53499999999963,19.47499999999991,25.040000000001328,42.13499999999897,15.055000000000264,25.173999999998387,-13.989999999999725,49.49700000000057,54.32999999999879,-44.4890000000008,4.09699999999944,72.34499999999997,0.8560000000002788,21.29199999999969,-3.996000000000066,2.835000000004584,-59.4159999999988,14.496000000002596,-3.72600000000034,-4.758999999998537,3.0400000000000205,29.40399999999954,-35.7609999999994,-6.691999999998188,-28.972000000000264,26.21400000000005,33.97099999999966
442.8470000000061,-400.06099999999947,-196.8020000000024,413.20799999999736,-354.052999999999,-239.90499999999884,396.8020000000024,-362.0120000000014,-90.07500000000164,142.44300000000294,-313.5500000000036,-164.3429999999853,167.62999999999977,-138.30899999999815,-29.60199999999986,-45.035000000001446,-145.35500000000638,-212.4759999999924,-50.36000000000058,-656.2710000000038,-431.0549999999921,422.42800000000216,-260.277,-67.50500000000557,98.855999999995,-163.65400000000108,-101.72100000002048,90.86900000000924,-102.8220000000001,-180.84700000001703,-26.031000000000404,-169.67200000000275,-28.91899999999623,177.80099999999948,-114.73999999999975,-7.605000000000928,67.82399999999882,-8.867000000000758,40.60000000001765,15.384000000000242,-62.24899999999991,-28.10100000000375,-27.011000000004515,-70.59999999999604,-4.577999999997928,174.57299999999805,19.101000000000568,15.981999999996788,-1.5809999999987667,-16.51000000000522,-8.006000000001734,-5.466000000001259,6.976000000003069,-1.281999999999783,0.8789999999976317,-5.519999999998504,0.4820000000002267,136.29099999999994,-110.49200000000008,-5.755999999996675,83.5220000000021,26.80900000000044,31.494000000003552,5.312000000000694,-61.93100000000058,-5.324999999999136,-51.73100000000019,41.7349999999999,72.59600000000148,-46.38699999999929,39.00800000000047,54.750000000000654,1.317999999999131,21.179999999998245,-0.8919999999996264,4.915999999997212,-65.19199999999898,10.634999999996351,-0.9749999999996816,-5.750000000000455,1.0329999999996176,-31.092999999998483,-230.3449999999998,63.01300000000083,-34.842999999999336,32.64800000000001,39.28599999999989
451.391000000001,-394.5580000000007,-200.24399999999787,374.8590000000036,-345.3649999999982,-259.19199999998455,420.7249999999988,-381.2610000000007,-112.40300000001751,160.311999999999,-307.0859999999982,-174.98800000000756,181.04800000000125,-158.7190000000021,-32.1770000000015,-17.41599999999721,-136.56599999999344,-227.30699999999612,-52.60600000000295,-626.0649999999998,-447.6930000000039,401.0400000000004,-259.8119999999998,-67.04100000001745,78.92500000000382,-114.0429999999995,-93.61499999999978,27.117999999995845,-63.504000000000005,-212.95199999999568,-15.252999999995607,-171.587999999997,-36.883000000000266,172.3790000000008,-117.25300000000018,-4.607999999996082,70.9149999999994,-13.41600000000085,31.787999999983185,-70.78899999999635,-47.95000000000016,-10.217000000000098,-32.43099999999686,-71.76499999999919,-3.411999999997306,-19.675000000000864,-75.5660000000006,25.357000000002472,-6.4420000000041,6.326000000001386,-2.682999999998969,-1.2709999999998445,1.2940000000014606,-4.16800000000066,1.7479999999977736,-4.375000000001705,-0.2850000000002239,78.34500000000162,-128.89399999999983,125.2929999999992,90.42499999999905,29.99799999999979,34.94899999999461,78.17499999999882,110.62799999999982,59.68000000000302,5.469999999999686,68.11000000000007,42.76299999999935,-56.75200000000018,82.73399999999995,33.825000000000216,2.434999999999832,18.46300000000269,-1.3110000000004618,-38.543999999996,-39.44500000000062,14.124000000003887,0.1519999999999299,-4.141999999998802,0.2800000000007685,33.177999999998065,-8.780000000000143,-5.164000000002034,-38.34099999999978,27.723999999999997,43.22400000000073
450.5859999999984,-391.89599999999984,-211.70700000000124,382.86800000000767,-341.9370000000015,-266.0280000000057,418.5510000000022,-382.8319999999991,-112.58499999999005,177.98799999999915,-317.20300000000066,-184.70400000001064,179.60999999999956,-170.18400000000042,-30.395999999996093,3.264999999998963,-136.72500000000127,-242.5050000000056,-41.58999999999651,-647.1220000000017,-449.2059999999924,386.2680000000012,-252.6240000000001,-64.59999999997308,-12.853999999998678,-134.71499999999992,-86.4509999999882,1.1970000000019354,0.8900000000000574,-248.93799999999828,-4.93200000000229,-149.6120000000019,-22.66300000000001,139.26400000000285,-170.28399999999982,-28.461000000004333,75.2190000000013,-18.325999999999,34.68000000000302,6.731999999999516,-319.62999999999795,25.87300000000141,-26.69700000000148,-62.396000000001095,-5.871000000001914,11.529999999999063,134.60400000000163,-40.926999999999225,-3.799999999995407,-3.316999999998416,-8.333000000000368,-50.19499999999937,1.5659999999968477,18.095000000000283,2.5640000000123564,-3.8759999999996353,-0.5070000000003461,121.29799999999592,-87.76150000000004,-5.655000000001564,54.151999999999134,84.15200000000027,56.18900000000053,0.9420000000005756,-47.632999999999726,-0.3210000000024138,-66.7189999999998,56.13199999999949,87.91500000000099,-74.68399999999917,45.55500000000024,67.13399999999936,8.565000000000111,14.321999999998525,0.9820000000004824,48.776999999995496,-79.06100000000151,10.616999999996324,2.806000000001063,-3.1510000000025684,-3.208999999999662,32.44000000000256,-14.042000000000598,-3.9889999999957126,-53.654000000000224,32.81,52.6849999999996
454.5409999999947,-384.3609999999984,-219.53100000000632,381.7929999999933,-327.285999999998,-272.76600000000144,430.44499999999744,-401.45100000000014,-130.07800000000316,195.14499999999657,-304.367000000002,-200.47599999998056,189.02999999999963,-185.49199999999928,-33.6180000000013,23.71800000000235,-100.42700000000195,-262.74399999999787,-49.03500000000349,-485.3059999999971,-488.9160000000061,370.2599999999961,-251.80000000000007,-61.560000000008586,-24.933000000004316,-87.15899999999976,-79.71199999999499,-39.55099999999448,58.41199999999986,-271.46000000000186,2.7710000000013224,-150.74500000000057,-33.99000000000569,148.12299999999823,-109.67700000000028,4.767000000003918,72.35200000000077,-31.62200000000155,38.17100000001119,-24.60900000000379,39.50499999999977,-35.381999999992786,-34.86599999999953,-105.81700000000184,-0.745000000000573,-186.63700000000176,-277.8870000000012,16.579999999999018,-3.619000000003325,-6.729000000001406,-8.669000000000437,-1.000999999999408,3.041999999999234,-5.467000000000155,2.6819999999872834,-8.319999999997663,-0.7699999999999818,121.2980000000016,-87.76150000000004,-5.655000000001564,76.34700000000123,40.38299999999957,51.06799999999794,71.5830000000011,128.707,72.95599999999922,-38.96599999999992,71.73200000000008,74.78600000000029,-96.95999999999998,3.787999999999414,104.50099999999978,5.210000000001003,16.119000000000483,-2.774000000000143,8.36400000000026,-67.6950000000005,10.803000000004204,0.4050000000006548,-4.063999999999624,2.536999999999523,19.556999999997515,-11.412999999998874,-2.3339999999961947,-65.45300000000083,27.566999999999982,54.37900000000013
462.01200000000426,-381.280000000001,-222.3879999999781,345.31200000000126,-326.7910000000029,-296.63100000000213,417.86500000001183,-391.39199999999903,-118.87199999998757,185.11000000000308,-290.37399999999707,-188.4280000000217,198.5379999999992,-203.38199999999915,-29.01600000000144,40.933999999998605,-133.30700000000206,-269.7260000000142,-32.71499999999605,-571.5460000000007,-472.9309999999941,352.04500000000394,-247.4360000000001,-63.74500000001717,-60.56199999999876,-83.67600000000124,-68.62800000001243,-50.5800000000022,127.70800000000015,-272.28999999999814,18.4820000000002,-157.38799999999742,-24.5490000000018,141.25700000000165,-113.58099999999992,10.546999999996842,74.79299999999682,-46.14299999999787,43.07899999998881,-1.8339999999966492,-139.95800000000145,-15.107000000000426,-30.182000000002063,-87.5819999999976,-7.629000000002861,-20.12300000000096,-110.12100000000088,-21.67299999999841,0.2470000000016625,-17.54500000000121,-15.048999999999069,42.81300000000101,3.5979999999995016,-28.663999999999845,4.465000000004693,-5.097000000000662,1.8470000000000653,76.97200000000066,-171.90399999999997,32.22700000000032,73.97300000000087,52.13999999999999,60.81199999999853,26.15399999999965,47.51100000000008,43.83200000000329,-58.896000000000015,88.01300000000012,83.97499999999951,-107.98700000000068,54.70700000000015,89.2310000000002,7.764999999999134,13.16099999999949,-0.0210000000002708,12.2099999999989,-67.71300000000053,8.572999999995545,4.056999999997402,-10.457999999999856,-0.1670000000004279,12.077000000002158,-0.2800000000007685,7.085999999992509,-85.16499999999922,38.05399999999999,64.44599999999951
457.9590000000053,-370.76499999999726,-239.31900000002315,389.1610000000014,-299.7099999999989,-287.31599999998707,409.5609999999908,-377.7560000000023,-97.98599999999168,223.27900000000227,-299.5580000000018,-218.6029999999846,206.3860000000005,-210.4089999999985,-28.64999999999327,51.5829999999994,-76.18399999998928,-295.31299999998737,3.679999999997108,-563.2560000000012,-450.9770000000003,333.1140000000005,-243.52599999999995,-58.47199999998338,-93.43299999999886,-57.9899999999995,-60.70499999998447,-91.61400000000413,154.87099999999998,-261.09599999999773,23.64200000000096,-132.46500000000196,-39.73999999999478,126.74499999999966,-113.4129999999999,25.32300000000305,80.70300000000259,-56.477000000001,45.33699999999499,5.4229999999961365,-141.35499999999865,-18.982000000005428,-30.72500000000105,-94.8030000000017,-3.96999999998684,20.93200000000479,-6.260999999997807,26.814999999999145,-2.4870000000021264,-10.764000000000353,7.6729999999997744,-46.59300000000144,0.1680000000021664,16.92199999999957,1.0069999999984702,-10.527999999999338,-0.4519999999999413,82.12449999999762,-83.25750000000002,1.8280000000004293,85.26199999999733,12.517000000000422,64.8110000000031,20.949999999999136,60.172000000000025,54.87999999999715,-43.23400000000035,109.88400000000028,74.00399999999934,-135.83700000000007,65.4910000000001,106.90799999999996,-1.148999999999489,14.247000000000298,-0.3139999999994813,13.334000000003243,-67.74299999999869,10.763000000002876,2.284000000000219,-4.998999999997977,-0.0759999999999649,2.588000000000079,5.929000000000428,15.250000000003183,-105.07599999999968,43.85500000000002,77.11800000000011
475.1219999999989,-365.0360000000034,-215.8199999999852,395.324000000005,-282.33900000000176,-295.5690000000004,414.8920000000089,-391.25999999999976,-118.57899999999972,232.31799999999797,-294.26899999999705,-231.37300000000775,215.6990000000036,-220.29400000000123,-25.5980000000136,74.10300000000234,-89.83800000000883,-300.0850000000128,-10.613999999998214,-474.249999999995,-497.02100000000655,319.241999999997,-241.95399999999975,-54.33300000001964,-136.1760000000004,-51.87299999999908,-44.40900000001875,-119.06099999999924,205.61599999999984,-252.40499999999884,34.298999999998614,-127.04400000000078,-33.72799999999643,111.89899999999966,-106.53199999999998,31.24400000000378,86.19999999999948,-69.34699999999907,48.169000000007145,20.972000000000435,-136.61200000000235,-23.29099999999471,-29.40999999999576,-81.26800000000003,-5.152000000009593,-29.797000000002072,-104.77300000000014,-24.356000000000225,-2.9179999999996653,-19.06699999999546,-11.53799999999876,-1.5909999999990987,-0.1620000000002619,-3.2469999999996446,2.062999999998283,-6.633000000002198,1.180000000000092,82.12450000000331,-83.25750000000002,1.8280000000004293,68.18700000000035,78.0269999999998,86.48599999999647,-23.84200000000192,-26.02499999999992,20.48000000000343,-87.03499999999948,114.02099999999962,101.46900000000016,-159.05599999999964,69.51500000000017,118.29900000000038,-4.586000000000468,10.942000000000007,2.960999999999814,-29.54799999999977,-46.502000000000976,13.949999999999818,1.239000000001056,-11.459000000002106,-0.3199999999992542,-11.194000000000417,7.4089999999984,27.281999999996746,-128.57699999999994,39.33599999999999,91.5390000000002
454.3519999999944,-361.9079999999997,-255.85900000000947,393.5609999999883,-263.79099999999767,-293.6400000000049,427.3589999999899,-400.8929999999992,-125.58600000002116,239.785999999998,-289.5050000000026,-234.4969999999876,219.2259999999976,-233.262000000002,-29.77300000000014,96.24699999999962,-79.68099999999367,-308.38599999997314,-10.698999999999614,-424.6329999999944,-523.1809999999996,293.69500000000244,-237.03000000000003,-51.09899999997651,-160.72599999999966,-42.05700000000121,-27.1979999999985,-143.23100000000295,249.75700000000032,-249.15800000001127,50.95499999999902,-120.53300000000036,-31.34700000000521,104.40099999999576,-108.8860000000004,45.41600000000017,89.98100000000022,-84.53300000000183,54.18700000000172,81.13100000000486,-224.0599999999972,-16.16199999999708,-33.63300000000322,-74.63399999999751,-7.245000000000346,-13.384999999999536,-44.04700000000048,4.037999999997055,-2.825999999998885,0.8389999999963038,-15.313000000000445,-0.7599999999996498,-0.7659999999987122,-5.720999999999776,2.912000000003445,-5.003999999999564,-1.6100000000001558,57.90400000000204,-103.233,11.09599999999773,34.10300000000177,122.77699999999996,110.77300000000037,9.233000000000402,79.80899999999949,67.97799999999938,-150.52299999999974,103.81399999999984,142.03899999999976,-174.90799999999993,146.99099999999987,101.62499999999994,-6.60699999999963,14.20699999999897,5.783000000000271,24.741000000000213,-73.83099999999843,12.52099999999814,0.6460000000004129,-5.38699999999892,1.9980000000003884,-80.03800000000183,-28.496999999998707,79.1870000000074,-145.2210000000008,66.35499999999999,97.39600000000053
473.748999999998,-342.44600000000105,-230.31000000000856,399.7500000000059,-248.51699999999823,-298.3400000000074,412.2349999999983,-393.6370000000011,-114.78299999998852,245.4560000000015,-285.54399999999873,-234.4110000000001,223.66600000000005,-239.80999999999997,-28.79699999998593,125.4449999999963,-74.1950000000088,-313.025000000016,-4.84599999999773,-371.41200000000936,-543.1219999999939,284.14300000000026,-232.7310000000004,-43.21300000001429,-192.95700000000124,-15.85799999999864,-6.89599999998336,-164.92899999999509,292.6589999999997,-258.1910000000107,52.51400000000217,-120.67499999999995,-36.88999999999396,92.91699999999992,-105.6599999999996,48.27900000000227,96.22099999999988,-98.89399999999851,55.94399999999951,-1.8250000000023192,-45.50700000000347,-26.27500000000964,-31.448999999997795,-64.8710000000051,-7.843000000002576,-14.82899999999745,-41.50400000000048,12.063000000000557,-2.794999999997572,-1.332999999999629,6.130999999999176,-0.6750000000010914,3.1949999999994816,-3.466000000000236,1.5039999999999054,-2.0639999999986003,-2.013999999999782,143.54499999999462,43.36400000000005,150.0729999999976,54.04999999999802,101.03800000000014,116.89499999999953,8.651000000000408,86.19700000000066,71.52699999999754,-118.37600000000066,138.7750000000004,132.58500000000026,-199.868,90.28900000000029,149.21900000000008,-13.572999999999524,5.706000000000699,6.688999999999368,-12.80800000000113,-56.60000000000025,18.52100000000405,-2.1929999999997563,-3.8859999999999673,-2.135000000001241,26.78700000000447,67.5539999999998,19.232999999991307,-157.31099999999998,59.09400000000002,122.21199999999897
475.2200000000016,-327.6679999999999,-231.6899999999805,394.27499999999327,-231.80600000000027,-298.11999999999443,399.5510000000024,-383.18599999999776,-102.23399999999856,241.87900000000013,-276.34500000000344,-228.01500000000487,223.00400000000025,-249.95099999999863,-28.625000000010917,153.09100000000058,-69.74500000000035,-316.3090000000011,31.488000000001648,-391.9610000000034,-548.5650000000078,259.639999999996,-226.47099999999935,-33.72799999999643,-200.99200000000224,-30.4940000000002,9.862999999995736,-202.8569999999945,320.55100000000004,-280.6029999999737,81.2689999999975,-88.87699999999654,-19.76300000000037,77.30399999999804,-103.4620000000004,56.15299999999479,103.2039999999995,-113.83700000000374,55.90899999999692,47.59799999999928,-98.48399999999629,-29.255000000000564,-32.91300000000206,-62.91200000000004,-7.759999999996125,-21.75000000000296,-35.71799999999996,2.6679999999998927,-3.5280000000057044,-3.1189999999980955,-4.442000000000235,-2.1399999999999864,0.3819999999961965,-3.231999999999857,-1.1350000000049931,2.335999999999672,-1.37499999999946,23.38300000000117,-83.76999999999998,28.838999999993572,49.50699999999984,105.57599999999994,112.6640000000009,3.4330000000011296,100.67899999999952,85.86399999999799,-128.31799999999944,144.08399999999943,139.66000000000065,-212.52700000000004,92.07499999999982,162.95000000000002,-23.287000000000543,10.61200000000042,14.34899999999999,-26.71799999999962,-59.63700000000074,17.184999999994943,-5.337000000000103,-5.881999999999721,-1.8329999999991744,-32.0350000000019,47.60199999999912,67.70000000000209,-181.49799999999917,69.895,132.56500000000102
470.7449999999994,-320.98699999999667,-221.53299999999945,391.8030000000044,-212.64000000000465,-300.9890000000041,405.0779999999975,-384.8430000000008,-110.36400000000413,248.9750000000015,-273.26699999999846,-220.32500000000252,223.70499999999825,-250.04000000000133,-29.80999999999767,184.3110000000024,-61.99299999999539,-318.83499999999003,28.905999999994947,-326.19699999999057,-586.5969999999948,240.8670000000086,-218.2700000000004,-22.655999999983575,-225.19799999999464,-25.507000000000343,24.76799999999457,-244.02400000001307,346.058,-303.9060000000063,81.17000000000303,-94.91900000000442,-31.152000000008684,59.35300000000439,-112.04599999999942,75.70100000000366,105.78600000000051,-122.1919999999983,59.83800000001338,96.9600000000014,-181.09100000000356,-26.402999999993423,-32.53199999999765,-64.21199999999772,-5.704000000002907,-1.8190000000004147,23.876999999998816,31.909000000001697,1.627000000001999,-12.924000000003844,-7.349999999999568,0.0959999999992078,-3.512999999998101,-5.904999999999916,-1.363999999995258,3.2839999999993097,-1.1490000000002,11.421999999998889,-71.72099999999996,35.73700000000599,75.60400000000129,87.59699999999988,109.4030000000032,-3.0399999999985994,103.54000000000028,87.61000000000081,-137.584,147.31200000000015,150.91800000000006,-229.50900000000016,99.38199999999996,168.50400000000008,-19.951000000000363,-0.2300000000019508,19.626000000000232,-26.064999999999827,-51.1509999999987,9.506000000004631,-3.193000000001689,-8.167000000000257,-0.4950000000008003,-29.121000000000663,49.98599999999982,69.0179999999998,-183.01700000000096,69.143,143.50799999999992
448.1690000000072,-309.5700000000022,-257.21399999999903,411.2549999999942,-194.2079999999976,-291.3090000000011,408.3529999999996,-383.7610000000012,-120.14099999998962,253.0269999999973,-261.3459999999975,-210.2049999999963,227.10399999999996,-256.18199999999547,-28.282999999987624,213.321000000002,-58.617999999989934,-317.02900000000227,36.49900000000344,-291.4910000000077,-611.5660000000048,228.35999999999217,-219.7150000000001,-11.731000000008862,-235.6200000000001,-21.70500000000004,41.28399999999601,-265.20399999999427,373.8250000000001,-312.6829999999927,90.1519999999948,-88.02099999999768,-28.06399999999485,67.45599999999854,-98.4500000000004,68.23799999999665,99.387999999999,-136.51699999999778,57.93499999999767,-8.931999999998652,14.09900000000448,-26.17800000000443,-33.93500000000245,-59.14000000000215,5.844000000007554,-20.571999999998525,-26.08499999999765,6.920999999999822,-0.7850000000019008,-7.180999999997084,-4.7889999999995325,-1.9549999999981085,-1.680999999996402,-1.8990000000002285,-1.843999999999824,2.8670000000005302,-1.8570000000003968,5.466000000001259,-45.60000000000013,63.45800000000281,-4.37700000000234,138.7969999999999,184.227999999996,5.058999999997127,106.41899999999964,87.27700000000027,-89.1370000000002,174.03499999999994,128.68799999999965,-239.27499999999995,100.6260000000001,178.566,-12.621999999998934,-5.566999999999212,29.4159999999998,-36.82900000000018,-52.68399999999929,13.851999999997131,-5.661999999998102,-8.208999999999378,0.6910000000004857,-104.60999999999956,-2.2089999999991505,134.78700000000003,-186.7919999999998,76.407,137.19799999999935
477.49699999999393,-303.1220000000019,-201.42900000000736,375.9640000000104,-185.09799999999927,-293.0419999999913,379.42500000000337,-365.86099999999817,-98.16900000000714,249.74399999999832,-253.04000000000428,-200.89100000002415,230.3020000000004,-260.11700000000246,-29.49300000000221,243.7989999999957,-26.97200000001203,-322.180000000003,46.88700000000381,-268.51199999999835,-625.3299999999967,209.0849999999989,-204.61699999999965,3.0399999999872307,-246.20400000000015,-22.06199999999967,58.47200000000612,-304.6569999999974,368.976,-319.37200000000985,88.52899999999977,-85.02199999999789,-35.77300000000605,47.577000000001135,-99.35899999999975,78.00899999999729,105.0910000000016,-142.35299999999995,63.95299999999224,-30.72800000000484,-186.1720000000048,-22.260000000005675,-15.569999999996751,-52.3809999999969,-6.595000000004347,-14.80399999999804,-23.302000000001044,6.612999999998692,1.725000000004684,7.022000000000617,-3.279000000000565,1.944000000000301,-3.519000000000005,-3.645000000000209,-1.10700000000179,4.677999999998406,-4.100999999999999,6.04900000000157,-21.00200000000001,79.22999999999547,55.45900000000188,122.6530000000004,138.06500000000028,6.773000000001161,106.84600000000016,90.99800000000188,-186.45100000000028,127.32000000000028,185.83,-236.9640000000004,103.19499999999984,178.85499999999936,-10.218000000000416,-16.06299999999976,33.15100000000015,-35.71799999999712,-59.20100000000161,11.749000000003209,-3.365999999999758,-11.476000000001818,-2.1979999999999222,45.56299999999851,118.5379999999995,33.251999999998816,-187.46500000000023,77.824,135.4309999999998
421.8139999999949,-279.9769999999967,-260.8879999999999,362.6039999999989,-157.93800000000147,-292.9930000000013,385.39100000000417,-363.4960000000007,-102.60000000000672,271.0480000000132,-235.3239999999971,-198.6699999999928,233.2490000000007,-264.3550000000005,-29.62600000000748,265.27399999999943,-42.36399999999776,-314.1600000000153,38.82499999999709,-199.79899999999589,-662.212999999997,204.9160000000029,-213.43900000000036,10.241000000019085,-258.4690000000023,-10.275000000000034,70.66600000000562,-302.2770000000037,411.492,-307.74599999999737,94.6990000000028,-78.75399999999786,-32.95899999999392,38.82199999999898,-107.22999999999983,85.37000000000035,102.52099999999872,-149.43400000000224,59.16700000000219,20.19300000000044,-47.26599999999621,-18.053999999995085,6.0180000000002565,-41.40899999999874,-23.31200000000422,164.8559999999975,38.02100000000053,12.259000000000242,2.5389999999958945,-1.6760000000033417,-3.0979999999999563,3.0270000000001573,-3.689000000002807,-0.4019999999997026,-1.251999999999498,8.635000000001014,-3.399999999999892,9.682999999995443,-11.233000000000004,76.7210000000091,64.53999999999951,133.6479999999998,132.17500000000086,19.561999999999102,100.93299999999984,92.67300000000203,-132.751,146.38399999999976,157.11399999999998,-243.4689999999996,94.53100000000028,182.98500000000004,-0.2790000000018722,-23.63900000000001,37.3580000000004,-36.01700000000392,-55.23499999999899,11.101999999999634,-6.737000000001103,-8.970999999999663,2.4490000000000123,-11.66199999999833,69.51999999999998,85.06800000000112,-185.9250000000003,60.89199999999999,143.05099999999982
439.5690000000059,-278.8090000000011,-218.7990000000127,371.4539999999943,-153.5699999999963,-282.9340000000002,385.38899999999217,-357.85099999999943,-113.30599999998869,282.8429999999912,-220.32199999999875,-196.1909999999989,236.28599999999835,-264.4170000000031,-35.254000000009,288.4740000000022,-36.554000000001,-316.0039999999981,50.85399999999254,-197.50999999999976,-644.6410000000014,183.1020000000024,-206.02000000000015,17.590999999993073,-255.0929999999994,-16.224000000001126,104.65099999998984,-348.5659999999939,384.915,-301.5319999999974,93.9390000000003,-75.64700000000357,-34.997999999995955,33.29100000000267,-90.34699999999988,79.821000000004,100.08300000000077,-151.50999999999897,57.70299999999224,15.22199999999998,-20.96000000000231,-15.252999999995607,2.0449999999982538,-43.0940000000021,-8.434999999997217,-188.0830000000003,-80.0219999999996,-4.586000000000468,4.824000000002116,-4.415000000000191,-5.083000000000482,1.1399999999980537,-7.382999999998674,-1.6159999999999286,-0.4600000000039017,7.066000000000372,-4.764999999999731,4.828000000003385,0.6690000000002527,92.22399999998744,60.99900000000105,133.13099999999983,132.30200000000423,16.443000000001007,93.55600000000024,85.20500000000197,-58.48799999999983,154.52000000000012,124.48100000000012,-235.586,87.81999999999996,175.82200000000086,26.914000000002147,-37.68699999999967,57.10499999999996,-33.8799999999992,-52.696000000000254,7.065000000000055,-4.3149999999997135,-8.37500000000091,-0.3150000000005093,-4.843000000002462,82.359000000001,84.04800000000137,-179.41999999999894,40.14500000000001,147.9290000000006
416.82100000000446,-269.2290000000014,-212.8780000000006,335.4370000000017,-131.87900000000354,-285.082999999986,366.63200000000415,-342.0670000000001,-101.18400000001202,298.7509999999986,-207.31499999999983,-196.21599999998125,248.13600000000235,-266.50699999999574,-37.89099999999053,307.89199999999823,-44.976999999994405,-308.58099999998103,15.369000000009692,-120.33000000000128,-704.7429999999963,177.23399999999856,-206.4699999999995,25.18299999999272,-248.5749999999996,-42.641999999999314,95.72800000000824,-336.424999999997,414.966,-279.1320000000041,93.79599999999756,-71.32000000000289,-38.94000000000233,20.055999999999585,-93.9540000000008,84.39999999999372,97.42899999999965,-150.5689999999987,58.51999999999862,71.43900000000372,-111.424999999997,14.001999999993586,11.531999999999698,-38.893999999999096,-6.402999999994563,-23.72399999999857,-63.527000000001976,-30.377999999996064,6.274999999999409,-1.434999999997899,-4.859999999999332,0.4140000000006694,-3.7620000000003984,0.5559999999995568,-1.0499999999979082,7.197999999999638,-3.4770000000001744,4.064999999997099,3.02599999999984,89.61800000000721,76.25099999999918,108.90100000000018,126.78599999999278,26.35800000000188,83.96600000000021,76.29699999999389,-102.94799999999996,123.79999999999995,143.76199999999812,-236.37499999999997,82.06199999999981,159.92199999999883,73.733,-70.32299999999907,69.43199999999976,-33.21599999999876,-46.53399999999976,10.277999999999563,-1.3800000000003363,-8.915000000001783,3.490000000000748,1.9270000000005891,97.1350000000001,88.87100000000032,-169.50300000000027,26.939,134.86800000000017
403.5709999999881,-246.2800000000016,-235.87699999998225,370.4590000000053,-124.80800000000158,-263.1230000000187,346.9599999999957,-326.1349999999993,-93.2739999999967,308.9150000000018,-170.48599999999965,-202.02600000000075,247.07099999999969,-264.8529999999994,-39.06199999998989,324.0290000000016,24.67699999999695,-309.57100000000537,76.39099999998962,-154.60199999999986,-659.0630000000033,160.97100000000069,-200.2890000000008,26.549999999997453,-263.36900000000014,-3.8060000000001537,123.76699999997528,-378.51600000001326,381.16,-268.1950000000029,63.02500000000464,-75.35399999999868,-59.869000000003325,0.3509999999948832,-107.47399999999983,89.84400000000505,88.86799999999937,-151.50600000000054,56.75100000000839,-43.933000000004085,87.56699999999569,-44.23199999998815,18.781000000001317,-24.340999999998303,-9.924000000006572,-6.314000000003261,-13.967999999999847,-1.358000000004722,5.292000000002872,4.421999999999571,-7.435999999999865,3.4130000000004657,-5.213000000003376,-2.93399999999977,-2.1180000000015298,7.687000000001376,-5.006999999999806,20.990000000000464,15.076,95.5379999999991,70.3249999999997,164.2879999999998,128.58900000001086,43.45699999999795,69.07399999999981,77.38300000000322,-87.01700000000017,89.5699999999998,145.72600000000193,-236.0420000000001,71.83299999999981,137.1140000000011,128.80499999999984,-106.04000000000156,87.24500000000006,-58.156999999999925,-29.325000000000045,3.875999999996793,-3.3819999999991524,-8.823999999995635,2.1069999999994597,17.744000000001847,96.91199999999895,93.99099999999976,-154.65700000000027,-8.179000000000002,133.1239999999994
414.83100000000377,-213.29599999999687,-201.233000000002,320.07999999999583,-95.04999999999768,-260.61999999999443,353.6440000000084,-318.48500000000115,-111.03499999999258,336.20300000000043,-184.5799999999997,-181.14000000000487,258.3219999999983,-269.06400000000303,-42.481000000020686,339.06299999999874,3.563999999994394,-299.4140000000016,30.03600000000688,-122.7420000000052,-691.2109999999984,147.59899999999675,-193.84199999999936,30.20000000001346,-246.58900000000017,-23.69499999999931,127.14800000001104,-364.4529999999918,400.985,-244.59799999999632,27.79499999999757,-63.08199999999715,-68.34800000000314,7.532000000003336,-80.38999999999987,85.05800000000363,81.3289999999995,-151.9090000000034,53.43000000000302,15.487000000001672,-15.398999999996477,-9.107000000005884,23.92199999999889,-25.394000000000005,-4.888999999997168,4.883000000000948,0.3100000000017644,3.0120000000010805,10.048999999997932,-9.075999999998883,2.2490000000004784,2.6629999999983056,-5.8529999999962,3.2649999999996737,-1.2789999999995416,10.206999999999766,-4.692000000000007,18.175999999999704,23.97600000000004,102.7590000000032,79.60800000000177,142.62999999999977,120.60500000000047,50.81800000000101,61.06800000000021,72.52500000000168,-66.19600000000005,79.60900000000066,131.17300000000114,-232.37899999999988,48.21500000000043,117.04699999999946,172.0339999999993,-154.2129999999986,113.5860000000001,13.049000000000888,-50.78000000000032,3.485000000000582,-3.8029999999992015,-8.420000000000982,-2.7109999999993306,28.02899999999795,89.25100000000157,100.4759999999976,-143.0970000000002,-36.67,115.6480000000002
384.588999999994,-230.43599999999745,-191.96799999999712,380.3160000000048,-84.86300000000142,-254.1990000000169,337.2919999999965,-303.5469999999975,-101.42799999998716,338.3019999999988,-155.22700000000214,-192.1150000000125,259.7700000000003,-267.5019999999961,-46.83799999997973,360.35400000000095,6.586000000004333,-297.9859999999917,56.146000000001095,-61.72500000000127,-674.8230000000035,144.57700000000386,-191.26800000000017,27.343999999993684,-238.36000000000013,-35.81700000000154,124.82900000002246,-385.3520000000003,364.3929999999999,-231.02400000000216,59.967000000000326,-69.76999999999975,-62.56700000000137,19.482999999996764,-60.65699999999978,83.67899999999509,82.17500000000086,-150.74499999999773,50.43900000000576,24.222000000003163,0.1709999999945921,-13.84299999999712,29.941000000002305,-15.041999999999687,-10.993000000001985,216.15300000000275,119.686999999999,29.432000000002745,6.9279999999992015,6.045999999997775,-7.028999999999996,4.69500000000096,-4.779000000002043,2.3540000000004118,-1.8889999999998963,11.22999999999763,-5.163000000000295,26.143999999999323,27.01200000000004,117.06499999999096,90.63299999999684,132.4860000000001,119.9039999999968,49.46199999999976,38.003999999999394,57.03399999999874,-52.765999999999735,28.39699999999965,119.65899999999864,-213.8069999999999,24.07199999999996,97.03499999999964,189.1280000000009,-180.5160000000029,134.34899999999956,-15.64000000000192,-33.38599999999872,0.153000000011616,-2.0900000000011687,-7.053999999999405,4.832999999999288,40.58200000000056,106.32499999999963,88.95300000000361,-129.84399999999994,-83.669,118.83899999999984
366.6750000000093,-187.8840000000025,-212.07200000001197,310.516999999993,-60.86099999999988,-243.71399999999997,327.41099999999506,-288.3670000000052,-96.11900000002152,342.58100000000127,-142.3470000000009,-189.56299999999828,259.0360000000004,-267.0560000000023,-51.36700000000474,368.7380000000019,17.394999999999072,-293.70100000001,28.509999999994307,-4.143999999996595,-683.1969999999956,113.33300000000008,-177.58000000000038,35.254000000009,-242.3339999999996,-6.1119999999988295,150.37899999997535,-389.0260000000012,361.3399999999999,-203.125,187.1219999999994,-19.082000000003063,27.4780000000078,-17.77699999999527,-27.71699999999981,79.54099999999471,76.16100000000188,-143.7420000000003,47.21700000000055,84.38699999999812,-85.14399999999682,15.380999999990763,33.764999999999645,-3.992000000005192,-10.6679999999983,12.889999999998736,6.404000000000565,-1.9319999999993345,9.304000000003043,0.3870000000006257,2.352999999999384,2.7540000000016107,-5.176000000000158,2.3109999999995523,-1.5139999999973952,11.91400000000158,-3.697000000000372,42.40500000000225,35.548999999999964,113.81300000000464,98.8770000000045,127.0540000000004,111.6329999999948,60.45000000000016,28.11400000000006,56.7169999999976,1.3189999999998037,5.518000000000001,96.14600000000166,-189.33,-17.541000000000295,76.90000000000055,174.94299999999896,-198.05999999999813,158.90699999999995,-4.468000000002803,-23.72800000000268,-2.5700000000085765,-3.432000000000812,-4.117999999999711,-0.3779999999991901,-49.979999999999336,3.172999999999604,184.69199999999543,-116.65299999999944,-219.767,127.69700000000056
348.44900000000507,-189.16300000000209,-227.14900000000853,209.2830000000049,-50.29899999999543,-258.5569999999961,308.832000000001,-279.1809999999998,-86.97499999998399,344.4619999999986,-142.26600000000076,-194.71399999999903,263.31800000000385,-266.50399999999763,-52.60000000000673,376.6629999999964,16.716999999994187,-285.77900000000227,41.27200000000357,-8.85600000000295,-670.7220000000007,114.15099999999823,-174.3229999999997,33.00799999999526,-222.8430000000003,-19.834000000000174,139.64800000001105,-385.191999999995,336.3850000000003,-181.9949999999949,74.39899999999966,-41.20800000000031,-44.3300000000022,-20.03500000000145,-107.57800000000016,101.8190000000004,74.18299999999931,-141.71599999999955,46.82599999998729,24.241000000000668,6.209999999998672,-14.391999999998006,41.27199999999789,7.3610000000030595,-9.80000000000132,22.361000000000782,23.516999999998237,-0.5130000000008295,6.951999999995451,-3.197999999997592,-0.5789999999990414,2.062999999998283,-6.009000000000242,1.5869999999999609,-1.837000000000444,13.576000000000477,-6.525999999999499,32.52499999999827,30.837999999999965,112.54199999999628,99.69999999999855,101.9849999999998,110.35200000000032,58.42999999999847,15.818000000000154,56.87300000000164,-80.98099999999988,-70.40799999999976,119.03599999999985,-159.07300000000006,-60.14499999999998,64.17700000000082,157.26099999999974,-210.26999999999987,211.75000000000068,-2.886999999998352,-15.015999999999964,1.972000000000662,0.8830000000017435,-1.797000000001958,-0.9600000000006048,67.4270000000007,90.2709999999992,109.07000000000266,-91.79299999999984,-129.879,85.49000000000007
368.6590000000024,-172.12299999999914,-157.9340000000002,412.647000000004,-83.77700000000345,-207.37299999998413,308.48700000000235,-265.0479999999959,-93.79800000001524,340.8839999999998,-61.76499999999692,-211.30399999999557,285.08299999999736,-259.9700000000041,-66.23600000000351,375.89100000000144,24.48800000000801,-276.0369999999966,34.91199999999708,7.824000000005071,-652.2339999999986,98.61700000000155,-164.61299999999994,38.08599999999842,-219.43899999999985,-0.0460000000003901,157.37300000000687,-390.13700000000426,297.2059999999999,-163.39100000000144,72.01499999999896,-34.13400000000024,-38.17099999999982,5.628000000001521,-19.38600000000008,87.15799999999945,70.85600000000056,-145.43899999999894,43.8720000000103,26.567999999997483,9.24100000000294,-12.823000000003049,42.07700000000045,12.939999999997552,-12.425999999999249,-207.859000000002,-119.96500000000196,-49.86299999999915,10.19600000000196,2.252000000004273,-1.1080000000006862,4.077000000000908,-0.5059999999957654,5.931000000000353,0.2319999999997435,14.645999999999049,-5.950999999999596,34.88500000000272,43.0080000000002,129.71200000000636,95.45200000000024,93.76899999999964,104.4179999999983,51.52800000000184,2.716000000000207,55.78600000000051,-38.289999999999935,-104.2180000000002,101.31899999999804,-118.33400000000012,-109.375,59.326999999998975,93.11600000000055,-233.0330000000004,194.73199999999977,-27.01099999999883,8.484000000001402,-0.6900000000030104,-2.309999999999945,-3.684999999998695,1.3189999999994484,82.04099999999812,89.77100000000036,95.57500000000232,-63.73700000000042,-167.30200000000002,94.91699999999952
345.5869999999891,-155.41299999999865,-179.26099999999678,197.24699999999305,4.421999999999571,-222.49699999999848,310.74800000000096,-252.03900000000203,-101.63599999998496,356.84799999999655,-111.31300000000124,-182.76299999999992,264.4139999999993,-250.73899999999867,-59.47200000000521,372.2750000000019,28.674000000000888,-263.91600000001745,35.53399999999556,17.193999999994958,-616.2780000000112,83.27099999999632,-163.71500000000054,45.19000000000233,-219.75100000000225,-1.8140000000002487,162.35399999998208,-375.15899999999647,289.40599999999995,-137.6890000000003,67.45900000000233,-31.396999999998343,-39.069000000006326,-42.459000000002334,-55.56600000000032,94.49500000000626,66.76999999999964,-132.5109999999995,44.82499999999163,9.444999999999482,217.72100000000023,-45.32499999999118,48.098999999996295,2.11100000000215,-2.9179999999996653,26.99000000000069,17.636000000001673,-10.531000000003132,13.32400000000007,8.16699999999173,-0.4380000000011819,5.787999999998306,-4.144999999999754,4.48599999999999,-0.5730000000028213,16.319999999998913,-6.329000000000917,34.17699999999968,33.203999999999745,113.33599999999252,84.02399999999943,68.48800000000068,96.6859999999997,45.120000000000005,-15.080999999999989,53.01499999999919,53.50599999999979,-143.7890000000003,44.72300000000189,-135.58099999999982,-255.55199999999977,122.49599999999958,73.30100000000073,-222.5760000000008,183.71900000000068,21.35299999999916,-6.79800000000057,-2.666999999996733,3.661999999999921,-3.406000000001086,2.3330000000001405,88.74800000000391,82.63700000000043,105.13299999999504,-31.517000000000905,-188.76800000000003,76.55699999999968
334.2710000000011,-144.74500000000037,-176.4639999999872,320.8430000000021,-58.47200000000044,-206.824000000006,290.66199999999753,-241.5040000000033,-86.35300000000825,349.2490000000032,-88.65000000000123,-187.11000000000692,263.2200000000012,-249.24899999999752,-61.76799999998366,365.8509999999978,36.35299999999688,-255.5299999999761,30.152000000009597,27.795000000003256,-585.7539999999972,70.0680000000034,-156.41799999999932,46.54499999999189,-208.4169999999972,-24.329999999999075,157.6050000000123,-374.2430000000127,254.98799999999943,-120.641999999998,61.17299999999659,-23.156000000000176,-39.37299999998913,-3.4179999999992106,25.628000000000384,113.96499999999604,67.80200000000036,-133.10200000000236,41.051999999990585,-28.12199999999621,-90.66800000000512,-8.978000000001884,57.81900000000064,18.53100000000154,-8.575000000001864,29.428000000001475,15.14500000000112,-7.86499999999819,11.167000000000373,4.132000000004155,-0.8449999999996294,4.715000000001624,-3.390000000001692,7.506999999999664,0.7720000000006166,15.009000000000585,-4.515999999999565,27.37099999999941,42.80400000000011,120.75800000001207,67.76099999999872,41.45499999999984,92.68799999999828,33.170999999998685,-23.425999999999902,51.5139999999974,3.31600000000023,-198.63699999999935,70.85500000000025,-16.417000000000215,-188.3189999999999,27.412000000001058,31.148999999999205,-207.01399999999808,190.3439999999989,23.730999999997948,4.114000000001283,-9.488000000004604,2.819999999999822,-1.6670000000004848,4.91400000000084,89.56399999999576,74.03799999999947,95.42200000000209,4.70200000000176,-216.32800000000003,76.10400000000084
321.82599999999866,-130.13900000000262,-171.6679999999997,231.5979999999968,28.44600000000241,-200.23200000000543,285.37000000000035,-225.12499999999704,-87.34099999999216,344.6230000000014,-79.3610000000001,-183.2639999999856,260.6020000000001,-237.7470000000017,-62.023999999996704,356.58300000000054,34.80800000000954,-246.4969999999994,21.184999999991305,37.22599999999829,-562.7379999999903,63.37599999999952,-145.32899999999955,58.47200000000612,-209.84200000000328,-1.4479999999991833,170.7879999999932,-365.17299999999295,227.60200000000023,-106.8300000000022,62.576000000001386,-19.718000000000306,-34.71700000000055,-2.109000000001515,-90.97700000000016,103.75999999999976,64.99199999999803,-124.51799999999764,38.86700000000474,77.41100000000074,101.636000000002,-9.534000000007836,56.20400000000245,20.125999999999067,-8.796000000000959,58.28899999999635,74.1739999999993,20.276000000001204,14.63600000000156,3.586000000001377,2.679000000000542,51.93299999999965,-1.3520000000028176,-13.250999999999635,1.3610000000028322,14.178000000001134,-5.70200000000014,22.662000000002536,40.64099999999993,119.27499999999328,50.80300000000193,17.3569999999998,74.89000000000487,32.01699999999903,-38.697000000000514,60.63200000000393,-34.49400000000011,-257.8590000000005,82.58299999999679,100.53100000000016,-188.278,-28.70900000000063,-27.094999999999917,-202.34900000000096,171.44499999999994,74.40200000000345,-11.199999999999475,3.705000000002201,3.207999999997924,-1.1389999999977365,6.4489999999992165,103.67000000000246,72.804,93.396000000007,42.81899999999865,-227.68599999999992,64.02300000000025
293.81100000000515,-119.95900000000006,-202.18500000000856,328.37600000000293,-21.39900000000239,-196.46000000000183,276.882999999998,-215.56400000000053,-83.75300000000152,325.5529999999965,-72.50999999999976,-176.45300000001498,253.73199999999656,-234.4879999999989,-65.56400000001759,341.3810000000012,40.34399999999323,-236.20599999999288,11.87800000000152,43.84700000000521,-538.397000000009,95.81299999999828,-73.24800000000096,115.10000000000672,-207.8609999999969,-14.309000000000085,161.75600000001396,-356.3109999999938,172.0170000000003,-93.52999999999838,65.71299999999951,-14.075000000002548,-33.075000000008004,-11.09599999999773,-42.95100000000005,86.49300000000721,62.9320000000007,-121.82300000000056,35.03399999999601,33.33499999999958,23.203000000000884,-8.520999999996093,60.14999999999873,23.363999999997983,-7.243999999997186,36.96300000000292,24.06300000000101,-6.674000000003844,15.280000000001335,-1.5990000000044802,6.710999999999956,7.289000000000101,-1.803999999998496,8.870999999999896,0.7839999999987413,15.809999999999036,-4.565999999999804,23.07399999999689,40.64399999999999,101.40400000000228,31.148999999999205,-4.623999999999739,65.33799999999701,19.70100000000059,-52.48599999999968,49.35299999999643,29.708000000000112,-283.6759999999998,43.86800000000051,99.53699999999976,-273.25700000000023,13.609000000001004,-73.11399999999963,-168.96899999999846,160.70600000000113,44.42399999999793,11.97999999999979,-3.3850000000029468,4.932999999999765,1.3469999999983884,1.2020000000006803,184.6799999999973,154.22900000000013,7.717999999994163,79.18499999999966,-237.52999999999992,55.00100000000003
301.4099999999985,-105.69699999999784,-157.4579999999969,254.88800000000535,10.812000000004218,-188.7820000000147,264.4100000000037,-199.3769999999984,-80.18799999999828,304.20799999999986,-72.9159999999979,-172.87599999999657,247.61100000000056,-224.3470000000002,-62.5,327.819999999997,41.88199999999824,-230.65200000000917,3.948000000002594,10.595999999998185,-530.3959999999961,-11.041000000000167,-189.5830000000004,4.650999999989836,-202.6890000000037,-11.732000000002074,159.87499999998818,-312.7629999999954,204.7939999999997,-57.88000000000011,67.07499999999982,-13.448999999997111,-30.8659999999918,-16.217000000000326,-36.82000000000016,84.02699999999186,64.61999999999932,-113.67400000000316,31.348000000002685,97.77799999999957,-73.56599999999958,-7.879000000002634,64.51700000000073,55.72799999999916,-8.811000000002878,30.892999999997528,23.920000000001096,-3.7049999999965166,10.56199999999876,12.219000000004598,1.334999999998843,7.048000000000343,0.3120000000023992,9.40300000000036,1.0960000000011405,14.45500000000095,-5.383000000000493,17.135999999999285,41.72200000000004,96.11199999999371,8.861000000001695,-26.49100000000004,67.29199999999764,2.476000000001477,-68.44699999999975,48.380000000003065,79.30199999999985,-315.0649999999999,10.119000000003098,140.06100000000004,-323.0500000000003,9.134999999999138,-119.3799999999996,-170.22000000000048,135.5959999999989,39.50800000000072,11.015999999997916,3.2630000000040127,-0.425999999998794,6.972999999999274,6.0450000000003,19.641000000004283,-37.08600000000004,162.83300000000054,111.61100000000062,-232.7810000000001,42.87700000000001
285.3460000000041,-85.86199999999735,-156.82400000000598,184.9919999999884,50.09499999999889,-179.137999999989,257.4160000000006,-185.59300000000007,-80.13900000000831,308.6909999999989,-68.68299999999863,-174.91399999998976,232.8330000000051,-210.2170000000001,-59.60699999998269,309.8540000000014,52.02699999999823,-220.21400000000995,-0.3230000000030486,50.35400000000436,-485.766000000001,82.96199999999772,-66.20699999999857,115.91800000001058,-193.75599999999625,-25.14499999999913,157.09200000001147,-303.73500000000604,158.7690000000002,-48.32099999999855,71.05099999999993,-8.818999999999733,-23.815000000001877,-13.625999999999294,-41.69399999999968,71.66100000000597,65.87299999999914,-116.34199999999736,32.239000000004125,8.37099999999964,-82.42799999999875,25.342000000000557,56.77499999999896,25.40600000000381,-3.5799999999994725,13.568000000003622,-27.002000000001654,-31.35000000000332,13.854999999995243,3.191999999995687,11.004000000001213,3.794999999999504,2.663999999998623,11.256999999999806,1.2630000000001471,15.442999999999074,-4.187999999999903,20.288000000005013,58.05399999999992,101.43500000000358,-5.150000000000432,-53.66500000000016,50.92700000001287,-6.037000000000603,-77.12600000000052,48.486000000002605,-11.798999999999891,-361.3199999999999,41.10099999999761,170.6120000000002,-351.70699999999965,-2.612999999999488,-149.44900000000132,-182.3350000000005,102.5500000000001,1.5719999999987522,33.15900000000056,-2.851000000003978,8.280999999999494,-2.490999999997712,7.084999999999297,174.05299999999784,128.28699999999955,7.436999999998761,135.74000000000126,-263.01900000000006,52.14099999999888
283.1969999999956,-70.43400000000588,-146.54599999998936,256.70200000000705,48.63599999999906,-174.1939999999886,243.157999999994,-180.21200000000024,-72.90000000000418,274.1550000000018,-58.79500000000348,-151.6360000000077,226.35799999999904,-197.61399999999867,-59.19200000000728,286.7740000000026,55.70099999999911,-207.6419999999871,-37.096999999994296,78.31999999999653,-462.2749999999997,0.3080000000011296,-113.46300000000156,34.484999999995125,-186.52999999999903,-32.9260000000005,146.10599999998612,-286.16400000000795,186.82500000000036,-53.82100000000492,81.11000000000104,2.062999999998283,-25.062000000002627,-16.09200000000328,-35.89800000000025,68.37199999999939,69.95500000000163,-101.57900000000096,24.963000000002467,93.70700000000056,129.8189999999977,-38.90400000000227,53.97399999999948,0.3759999999999763,-5.459000000001879,38.26599999999871,32.88899999999728,-2.7739999999994325,9.183000000001584,13.141000000001668,-12.45100000000008,49.30300000000045,15.834999999998445,-3.7460000000002935,0.2110000000016043,15.289000000001352,-5.1919999999995525,1.5139999999973952,49.831,89.44000000000187,-9.277000000003,-103.92599999999987,39.318999999989046,-23.37400000000116,-91.74499999999952,40.16999999999484,49.44000000000024,-368.6029999999999,6.217000000000894,182.968,-368.7629999999999,-1.78900000000084,-151.361,-192.962,67.39400000000018,37.27100000000405,14.992000000000871,-0.0849999999957162,2.528000000000929,6.442999999998733,0.6119999999995684,28.314000000000306,-30.45099999999934,142.15399999999931,143.68299999999863,-253.10999999999984,27.311000000000263
263.8970000000086,-64.49000000000069,-145.09199999999964,254.8090000000002,26.11299999999801,-168.0180000000064,234.05100000001084,-170.9540000000004,-72.83899999999903,265.7379999999989,-47.96400000000176,-141.5770000000066,214.15799999999763,-184.57900000000225,-60.89999999999236,266.1069999999995,55.51100000000133,-190.97900000001573,-19.34199999999464,47.588999999993575,-408.4769999999935,27.59100000000103,-107.95299999999912,58.66699999999128,-177.76400000000194,-35.33999999999935,132.72699999999986,-260.86400000000367,112.5479999999996,-35.91300000000501,89.21799999999962,6.738000000001421,-22.77199999999766,-20.89300000000094,-32.53199999999978,63.57399999999416,70.9540000000004,-101.90400000000182,24.450999999999112,61.51499999999714,34.51800000000276,-13.695999999993091,59.0849999999989,23.239000000000942,-3.1769999999994525,52.846999999997024,78.90600000000347,16.87000000000012,12.634000000002745,5.44699999999807,3.8439999999994257,-37.55000000000166,-15.51200000000108,22.4730000000001,0.1669999999990068,14.84700000000032,-3.725000000000023,-3.5370000000000346,42.638,70.35599999999249,-29.97499999999889,-45.94300000000047,36.1880000000042,-30.806000000001177,-115.84800000000044,22.80900000000088,43.54699999999987,-379.50500000000034,-2.033000000000129,190.24699999999973,-369.7389999999999,-14.860000000000184,-143.99999999999977,-206.96100000000115,53.41200000000015,32.90099999999825,15.594999999999004,1.452000000000453,0.2440000000007103,2.661000000000513,3.0200000000007776,146.3029999999975,110.56099999999986,-1.7249999999989996,149.84000000000037,-119.45599999999992,-26.679999999998927
248.2789999999909,-39.69699999999534,-142.23700000000008,171.94200000000137,103.64099999999894,-155.896000000007,221.36899999999287,-157.9279999999983,-66.80899999998928,249.57899999999995,-40.88499999999726,-130.50499999999374,204.6350000000018,-158.6119999999994,-58.50900000000365,238.6570000000006,63.01300000000083,-174.90199999999732,-3.4360000000106083,11.139000000002852,-387.6960000000168,23.67500000000291,-107.64199999999988,55.88400000001457,-169.88900000000058,-53.29299999999933,119.37299999999595,-239.78899999998475,60.88400000000007,-35.32699999999522,97.01499999999896,17.757999999997764,-22.827000000006592,-21.324999999995956,-29.599999999999937,54.1560000000004,76.77899999999909,-96.64799999999616,24.29199999999128,6.900000000001683,141.31199999999922,-19.825000000003,60.74200000000474,29.869999999999663,-8.898999999996704,29.263000000003103,23.078000000001,-9.67099999999732,14.071999999998752,5.365000000000464,4.877999999999361,33.12000000000239,0.5530000000021573,1.9230000000000305,-0.3379999999992833,14.637999999999352,-4.298000000000002,-19.04299999999921,32.675000000000054,57.98300000001291,-42.72699999999929,-95.5769999999994,24.303999999995085,-22.87599999999657,-111.27899999999968,22.559000000001102,51.25099999999989,-375.2659999999999,-14.319000000000417,191.9540000000001,-379.39,-9.43799999999868,-138.3029999999991,-258.18999999999903,64.12300000000073,31.30199999999945,11.492000000001212,-2.227000000004864,3.776999999999475,0.0360000000000582,2.0340000000004466,80.09300000000223,36.742000000000274,58.7159999999983,141.26499999999993,-268.82000000000016,20.275000000000887
249.27999999999884,-46.38100000000236,-123.58400000000528,173.016999999993,77.68900000000372,-151.28199999999197,193.42599999999948,-166.70200000000364,-49.24399999999878,233.55700000000184,-39.44999999999936,-123.413000000005,192.59399999999687,-145.16300000000228,-59.04500000001463,213.8369999999952,54.57700000000614,-153.83300000000872,-50.098000000002685,79.41899999999578,-336.54699999998456,30.434999999999945,-90.9790000000001,50.59799999999086,-156.8969999999979,-37.45600000000167,112.73200000000544,-220.53200000000288,87.8540000000001,-44.6109999999976,104.30600000000254,25.71399999999926,-17.493000000001757,-26.57200000000444,-22.695999999999827,48.30400000000736,76.53600000000154,-89.41500000000246,18.26100000000679,68.8319999999976,50.79599999999687,-12.21299999999701,65.68599999999947,25.146999999998343,-2.8169999999988704,30.67699999999718,22.218999999998346,-9.46400000000267,11.28800000000183,3.849000000002434,-3.1189999999980955,-21.280000000001564,-9.442999999998849,15.77700000000064,1.1649999999974625,12.659999999999629,-5.524000000000484,-37.67700000000218,33.92099999999996,55.34099999999853,-42.508000000000834,-106.79700000000024,16.48600000000897,-24.966000000000577,-129.65099999999978,14.43100000000186,59.78700000000004,-367.2140000000002,-22.383000000002085,187.59400000000036,-366.216,-29.25900000000041,-109.12500000000024,-254.33800000000133,26.987999999998635,27.145000000001573,8.27199999999948,0.4540000000019972,4.148999999998182,-4.151999999999134,7.45900000000006,23.34899999999891,-44.80100000000036,109.01499999999942,140.5060000000006,-252.215,-0.1390000000014879
220.5690000000004,-16.888000000000147,-135.9860000000026,203.8940000000025,106.3229999999976,-145.9100000000035,206.1710000000062,-143.1949999999972,-65.93000000000302,221.82300000000623,-29.779000000002043,-114.77099999999608,182.30500000000237,-134.99499999999784,-53.53999999997541,182.26600000000417,53.88199999998733,-141.41899999999623,-58.44099999999344,29.706000000010132,-318.2190000000105,22.134999999997262,-81.05199999999968,44.3849999999884,-155.77100000000428,-62.4449999999996,87.70700000000033,-196.38700000000424,73.52500000000006,-45.91699999999719,104.5470000000023,37.25300000000402,-18.712999999991094,-26.354999999995243,-13.920000000000243,45.049999999992,82.77500000000089,-95.1309999999978,16.578000000004067,70.02300000000332,44.71200000000408,-16.112999999995736,63.31199999999626,27.70399999999995,-11.334000000005062,27.706000000000586,21.97500000000048,-8.105000000000473,13.976999999999862,3.021000000001095,4.857999999998697,6.484000000000378,-6.677000000001954,9.27599999999913,-0.0330000000019481,12.431000000000836,-3.690999999999889,-53.75399999999786,36.172,55.864999999994325,-44.57599999999786,-122.32000000000056,5.36499999999478,-24.285000000000423,-143.9530000000005,1.1229999999954998,58.84399999999985,-360.69999999999993,-33.26099999999599,171.88499999999996,-360.7770000000002,-26.718999999999937,-79.72100000000069,-260.8029999999985,20.34600000000069,20.810000000000173,4.751999999999157,0.0130000000012842,5.510000000001014,-5.764000000002056,1.474999999999227,101.28799999999956,58.05000000000007,-15.526999999997315,135.83399999999983,-257.2669999999999,-6.363000000000341
217.45600000000425,-14.163999999999533,-118.5549999999921,169.28699999999708,108.82599999999913,-132.3370000000068,182.49499999999443,-127.92699999999968,-46.98500000001786,206.881999999996,-28.92999999999688,-106.61599999998543,171.92400000000134,-122.39700000000084,-51.68499999999767,159.88099999999577,43.77500000000509,-118.6770000000024,-57.41600000000062,43.10299999999643,-279.7669999999925,20.42799999999829,-74.85500000000087,43.17600000001676,-138.30199999999877,-39.63499999999982,85.91300000000501,-171.96599999999762,96.03899999999967,-55.07200000000694,114.81999999999744,44.58900000000199,-16.74800000000687,-33.42600000000289,-17.92999999999978,32.3910000000069,81.5229999999957,-87.58400000000108,13.562000000001715,67.18699999999558,54.18700000000172,-8.301000000005843,68.05400000000077,23.336000000000467,-2.965999999997848,30.945000000002665,24.803,-5.304000000000997,12.667999999996482,0.3969999999981155,2.027000000001067,6.915000000000759,-5.791999999996733,8.107000000000397,0.1680000000021664,12.901999999999704,-3.94499999999951,-17.401000000000977,146.73300000000003,98.27900000000228,-41.77500000000123,-134.4459999999998,-6.0910000000035325,-7.794000000001233,-155.23799999999994,-10.442999999997935,64.84699999999997,-340.6549999999999,-42.575000000002206,161.99000000000012,-329.45400000000046,-52.41500000000059,-31.68900000000008,-277.1479999999997,7.095999999999947,22.46700000000033,5.13700000000199,-3.1409999999993943,1.7760000000009768,0.048000000001025,7.30700000000013,59.88900000000115,-19.25899999999956,32.168000000001484,119.79299999999996,-228.9389999999997,-23.54699999999923
201.43999999999096,-2.7519999999981337,-105.07800000000316,158.31299999999828,118.55400000000031,-123.80299999999806,191.0030000000006,-108.45899999999916,-55.50499999999374,188.98299999999608,-20.24600000000305,-98.26700000000984,163.47999999999843,-109.4510000000014,-49.57200000001194,134.35400000000186,40.8869999999979,-107.35999999999422,-67.8890000000024,27.98500000000104,-249.40800000000536,27.29500000000371,-58.31699999999955,30.43199999999615,-127.2580000000005,-63.66099999999904,58.66699999999128,-141.58899999999903,49.97100000000074,-43.62199999999348,110.68700000000148,48.92299999999637,-11.974999999995362,-34.54600000000028,-13.17500000000038,31.439000000000306,84.20400000000257,-87.8799999999984,9.98500000000604,26.01600000000417,-25.757000000004385,-12.598000000002685,64.679000000001,27.494000000001503,-7.535000000001446,29.479999999995243,19.97000000000071,-2.316999999999325,14.557000000002065,0.4789999999957217,1.0249999999999204,14.158999999997944,-2.570000000002892,13.86800000000008,0.9059999999976752,11.924999999999386,-4.140000000000299,-125.8669999999995,-116.89600000000002,-23.748999999997977,-45.09800000000155,-149.52199999999962,-16.381999999998698,3.1949999999994816,-166.5849999999999,-18.30699999999865,22.21200000000003,-337.17099999999994,-19.345999999998757,151.47399999999962,-303.8989999999991,-65.12000000000029,33.85500000000121,-269.44799999999987,2.76800000000037,24.356000000000225,4.989999999997963,1.553999999998723,1.594000000000051,-0.7939999999990732,5.24599999999964,47.32799999999884,-30.99600000000038,23.4929999999963,114.8619999999994,-163.84400000000028,-66.65800000000104
184.021000000007,2.602999999999156,-98.00999999999932,146.94800000000896,128.95200000000386,-107.36099999999168,149.10299999999097,-112.26800000000026,-34.39900000000762,172.38800000000083,-17.52899999999613,-89.59899999999834,151.3239999999996,-94.78799999999978,-43.66500000000997,107.11999999999762,34.38700000000381,-90.978999999993,-62.43299999999863,38.48799999999528,-216.64500000000544,20.92599999999152,-43.70599999999882,32.239000000004125,-109.04299999999694,-57.8550000000007,52.05100000000584,-114.94800000000396,4.388999999999754,-36.13200000000916,114.1969999999958,51.89200000000369,-10.86999999999989,-37.576000000001386,-9.581000000000016,25.51899999999705,84.07100000000014,-85.5400000000003,5.968999999981861,110.32700000000092,132.1010000000001,-14.372999999989132,66.2019999999984,13.295999999996866,-6.374999999997044,34.580000000005384,25.51599999999894,-6.860000000000355,13.671999999996842,-12.73199999999406,18.56599999999986,-35.81399999999917,-6.594000000001188,28.056000000000125,0.537000000002763,9.952999999998724,-2.253000000000327,-75.70499999999925,-16.81499999999989,23.467999999991207,-46.62600000000055,-167.7500000000002,-20.38599999999633,1.9050000000021328,-189.6879999999996,-29.85500000000343,101.71300000000016,-269.08500000000004,-71.54600000000073,142.68300000000025,-270.6950000000006,-77.24499999999921,96.83299999999946,-256.71700000000044,-8.366999999999791,25.549999999998363,-4.027999999999565,-0.80600000000004,2.732000000000312,-3.230000000002065,5.012000000000683,41.33500000000083,-49.79900000000015,13.61400000000117,126.89299999999974,-358.2790000000003,3.634000000000981
172.28400000000192,17.441000000002305,-81.51900000000296,142.8959999999961,131.36900000000082,-91.54100000000652,154.7490000000039,-88.85500000000093,-38.8189999999895,158.34300000000212,-14.319000000000417,-76.12300000000687,144.88900000000058,-87.40499999999543,-35.900999999989835,89.18100000000209,34.92499999999836,-75.01300000001265,-36.261000000001786,35.38900000000922,-154.0219999999863,19.61700000000519,-27.283000000001323,32.3359999999866,-80.98400000000083,-38.45299999999981,34.71700000000055,-84.41799999999375,71.49599999999978,-36.08399999999392,111.77600000000324,54.46799999999712,-9.485000000006494,-34.789999999998145,-11.869000000000083,19.195999999999454,78.1109999999984,-85.49500000000023,6.946000000016284,22.19899999999484,-43.01999999999566,-12.976000000014665,66.49400000000014,19.274999999998958,-2.9330000000015843,25.53699999999708,17.350999999999317,-6.820999999996502,12.726000000003523,11.748999999997524,2.931999999999846,5.246999999999957,-2.114999999997736,7.708999999999833,-3.061000000002423,11.047000000002072,-5.023999999999518,-37.31600000000413,100.03100000000006,68.67100000000619,-43.924999999998704,-185.62699999999984,-33.361999999999625,18.67599999999925,-194.07200000000023,-33.947999999998046,77.68600000000028,-272.672,-70.8280000000002,140.37799999999976,-231.44800000000032,-84.79700000000037,137.2559999999993,-234.63100000000168,-17.812000000000694,20.800000000002683,-1.4099999999984902,2.399000000002616,4.28100000000029,-1.725999999999317,1.4920000000003597,33.398000000002526,-70.3799999999994,2.501999999998361,111.49800000000027,-220.1519999999995,-55.05300000000091
152.32600000000502,30.75200000000109,-68.59099999999216,128.3200000000079,140.86999999999534,-75.7319999999936,136.18099999999913,-69.1410000000019,-33.26400000000831,149.160999999998,-6.15500000000111,-71.54599999998936,133.02600000000098,-72.57100000000491,-29.37000000001717,61.17600000000039,27.53900000000158,-56.90899999999601,-62.88499999999431,-6.110000000001037,-130.19400000000587,21.34399999999914,-22.78400000000005,26.05000000000928,-48.33100000000172,-54.58700000000079,32.7389999999923,-66.18000000000848,24.84499999999983,-42.63300000000072,106.34499999999888,45.05300000000148,-5.2309999999920365,-30.55999999999699,-12.09699999999998,12.932999999998174,78.02500000000236,-74.36399999999992,3.2469999999875654,58.45300000000293,22.60399999999549,-10.424999999997908,71.81100000000242,27.240000000000464,-12.6829999999984,31.00600000000213,19.23400000000015,-3.683000000000902,11.20899999999665,1.3579999999990378,0.8229999999997517,3.1790000000000878,-6.211000000001832,6.052999999999997,0.1040000000045893,8.427999999997837,-2.51000000000019,-113.95599999999604,-149.76600000000016,-58.0630000000042,-52.30099999999993,-206.87400000000017,-38.500999999996566,16.212999999999056,-201.05800000000008,-36.30999999999744,108.33399999999962,-183.76,-84.0469999999982,143.80799999999994,-191.2899999999993,-93.88700000000084,153.1010000000009,-189.9029999999982,-49.41600000000079,28.86999999999489,3.754999999998177,4.623000000003685,3.4049999999979264,-3.7579999999991287,8.22599999999909,22.196999999997047,-82.56200000000078,-14.537999999987504,113.86499999999984,-192.042,-55.25499999999965
141.89399999999068,35.77599999999279,-62.29200000000219,120.37899999999128,146.04800000000182,-62.69600000000537,129.93200000000795,-45.990000000000464,-40.27099999998427,138.060999999999,-1.3100000000065393,-59.72900000001573,127.95999999999594,-55.935999999996966,-24.30399999998372,43.2549999999992,22.85699999999906,-38.22000000000117,-26.7879999999991,13.292999999998756,-78.21599999999762,-12.268000000000256,3.088999999999942,33.11799999999039,-18.596999999999756,-41.17199999999883,14.832000000023982,-34.73500000000058,-22.552999999999912,-32.483000000001994,102.31899999999996,45.5600000000004,-8.978000000001884,-34.22899999999913,-12.471000000000032,9.302000000002408,74.75900000000024,-75.67500000000109,3.710999999998421,114.74299999999856,137.5850000000014,-25.426999999990585,73.12000000000012,19.986000000000104,-5.04099999999994,36.86799999999835,16.319000000001438,-10.39700000000039,12.265000000002146,-9.15499999999838,0.6320000000002324,-7.9849999999993315,-6.310999999999467,7.840999999999809,-1.6630000000020573,8.384000000000924,-0.350999999999857,-64.29500000000417,-46.57099999999996,-11.38300000000072,-48.86699999999848,-230.75599999999983,-52.929000000006,61.70600000000093,-105.7850000000002,-7.34600000000114,112.63199999999998,-157.381,-88.06000000000154,149.80600000000024,-156.64000000000016,-89.84299999999905,142.75299999999902,-152.63300000000015,-80.37299999999874,36.07200000000148,1.5379999999993288,-1.8860000000074704,3.4829999999999472,-1.680000000001769,4.055999999999926,15.03800000000126,-102.15199999999952,-25.266000000010536,121.087,-142.45400000000004,-74.33099999999939
124.0660000000048,52.30700000000184,-47.81500000001415,111.40799999999444,151.83400000000233,-48.39999999999236,107.73900000000368,-35.208000000000084,-20.7890000000134,131.70499999999947,7.316000000002987,-55.114999999977954,128.83300000000304,-47.503000000000384,-37.023999999996704,38.67500000000064,19.159000000001924,-24.85399999998208,-25.50700000000461,0.9890000000041256,-58.28300000000581,26.483000000001766,-5.803999999999121,12.939000000005764,9.045000000003256,-33.54200000000134,5.944999999974243,0.6160000000022592,6.542000000000314,-37.17100000000073,101.94400000000314,38.96799999999985,-5.439000000001215,-29.78200000000584,-15.106999999999717,1.4949999999998909,69.36199999999815,-68.24800000000266,-1.0499999999865397,64.23700000000281,31.263000000001284,-11.59700000000612,78.48299999999995,20.95400000000041,-5.45099999999934,33.40400000000159,13.346999999998843,-13.958999999999833,11.995999999999183,11.98400000000106,0.3489999999999327,4.079999999999018,-7.846000000000686,4.855000000000587,-0.3660000000024865,5.983000000000516,-4.164000000000101,-18.92100000000028,61.379999999999946,30.469000000005053,-52.12800000000186,-247.18899999999985,-62.03699999999799,13.58099999999922,-209.98199999999972,-39.987000000002126,110.43200000000012,-134.268,-94.61700000000236,153.6529999999999,-121.41699999999958,-89.62899999999934,124.20800000000014,-106.8489999999997,-109.18400000000048,41.910000000001446,-3.540999999998462,-0.1309999999989486,4.111000000000331,-1.0769999999979518,7.072999999999752,2.782999999999447,-264.21100000000024,-26.80700000000229,115.85600000000083,-115.83400000000026,-77.80699999999996
124.60999999999558,59.50600000000463,-31.73899999999321,105.54200000000264,151.72099999999773,-36.474999999995816,96.91799999999375,-21.951000000001383,-24.377000000004045,112.38400000000296,10.141000000004396,-39.50200000001587,96.2099999999964,-34.075999999998885,-3.2470000000103028,18.009000000000697,9.522000000004027,-12.85400000001573,-18.54200000000219,3.143999999986136,-33.92900000000054,21.28600000000347,-104.97699999999952,-33.86199999999917,38.9919999999961,-24.411999999999523,-7.238999999981388,19.75100000000793,10.879999999999512,-48.55299999999261,93.70799999999804,36.83100000000081,-4.92500000000291,-28.359999999997854,-17.517000000000138,-5.480999999997493,63.24999999999932,-66.72599999999704,-1.7450000000053478,17.098999999996067,-113.26000000000248,-1.4710000000036416,79.52799999999911,18.086999999997037,-3.62800000000334,14.843999999993684,-37.02899999999829,-33.35299999999961,7.773000000003094,5.518000000000711,-13.183000000000789,26.723000000001207,5.727999999999156,3.038999999999703,0.3320000000030632,6.611999999998375,-1.7960000000002196,-55.37099999999669,-67.72399999999993,-34.40600000000131,-51.21599999999944,-262.3190000000001,-64.3980000000056,12.227000000001452,-215.40800000000004,-36.14200000000096,106.6049999999997,-108.465,-97.17199999999764,157.83500000000004,-93.69300000000038,-94.13700000000205,102.5810000000007,-72.7460000000022,-110.88200000000016,53.14899999999625,5.276000000000636,-2.618000000001075,8.823000000001002,-3.658000000001493,2.969000000000221,-8.754999999999313,-238.98200000000077,-37.0049999999992,120.8519999999993,-83.20000000000007,-88.76800000000031
59.32599999999866,79.20899999999733,-62.21899999998186,93.5420000000022,161.57499999999914,-26.86800000001313,86.48699999999963,8.740000000000236,-24.41399999997884,112.56399999999758,16.47299999999632,-41.19799999998577,100.97000000000094,-24.848000000002912,-14.050999999994929,17.682000000002063,5.010999999990418,2.8940000000147847,-13.470999999992728,2.807000000007065,-15.301999999996951,46.42299999999864,57.44399999999956,18.566999999984542,64.4139999999993,-16.47699999999901,-18.37199999999939,28.35099999999784,-25.15399999999985,-67.19400000000633,90.01400000000217,28.78799999999728,-6.488000000001648,-29.751999999996315,-17.631000000000085,-16.485999999997603,60.83200000000204,-54.66600000000028,-6.042999999999665,114.80099999999992,138.79999999999768,-23.101999999994405,76.5139999999974,23.117000000002008,-7.778999999999314,68.44800000000646,65.74099999999987,14.037999999999329,10.147000000000617,3.1369999999981246,1.3400000000004295,4.026999999999248,-0.0209999999981391,3.768999999999778,1.0559999999998126,6.157000000001744,-0.1349999999995077,-53.98500000000013,-98.67799999999995,-52.05099999999448,-51.67399999999986,-282.70300000000003,-74.94500000000244,-15.4420000000016,-310.80299999999994,-67.54099999999994,160.05800000000008,-90.22799999999997,-117.8609999999992,160.91300000000004,-102.15500000000048,-31.801999999999,56.156000000000006,-47.59299999999769,-101.90100000000017,53.629000000000815,4.255999999998039,7.812000000001262,5.049000000002479,0.7100000000008322,4.2870000000007735,-11.719000000002213,-253.3609999999996,-37.04199999999673,117.34600000000056,-82.12600000000023,-74.88200000000091
105.44400000001131,106.89100000000168,4.943999999977677,83.69200000000774,168.4880000000021,-17.259999999987485,84.4850000000065,28.72300000000223,-29.504000000019914,97.42100000000278,26.93199999999933,-19.64100000000144,87.6070000000027,-10.28999999999769,-11.41299999999319,14.678999999995312,0.1770000000078653,13.646999999991747,-16.369000000008782,4.809999999997672,0.225999999997839,36.76199999999881,14.615999999999474,-12.609999999972388,82.49500000000012,-11.286000000001197,-34.53300000001036,32.43400000000065,-24.35699999999983,-95.91000000000348,81.57399999999484,26.177999999998747,-5.254999999999654,-27.014000000002625,-16.583999999999577,-19.62800000000016,54.27399999999807,-49.231000000000336,-7.141000000001441,10.58900000000449,-120.47099999999772,4.065000000002783,76.37600000000475,21.66199999999776,-4.804000000001452,42.28200000000015,8.97499999999809,-6.65899999999624,8.205999999995583,-15.969999999998665,15.001000000000886,4.562000000001376,4.379000000000133,3.034000000000248,0.3539999999986776,0.9399999999999408,-1.4629999999996812,-39.55700000000206,-125.305,-72.86900000000287,-43.90799999999899,-288.55899999999986,-73.99299999999585,11.809999999999832,-218.76200000000023,-42.54500000000121,94.89700000000028,-108.89900000000009,-101.18999999999971,136.18200000000016,-91.92899999999896,-87.13499999999925,70.69599999999951,-155.61600000000055,-174.10699999999937,80.95700000000079,-5.711999999999762,3.8239999999973406,5.345999999997275,0.2700000000004365,4.106999999999061,-16.512999999997646,-272.4119999999985,-52.042000000000144,112.55400000000007,-86.01499999999973,-86.90799999999967
68.9089999999851,107.69300000000044,-14.098999999987427,78.24099999999135,172.07899999999654,-9.88800000000083,53.75899999999092,21.88400000000001,-18.89699999999266,91.47100000000135,30.62400000000025,-20.776999999998225,82.46499999999628,3.161999999997533,-9.522000000015396,13.864000000000942,-2.033000000005813,23.461999999994987,3.015000000004875,3.8020000000074106,16.45499999999629,16.494999999997617,32.1479999999994,-15.967000000000551,109.62800000000357,-4.735999999999763,-53.06399999999485,42.99899999999752,-66.51600000000002,-113.50099999999657,74.46900000000483,23.114000000003895,-4.717999999991207,-24.90500000000111,-18.869000000000117,-29.17500000000928,49.288000000001375,-48.48999999999819,-9.436000000005151,121.27999999999588,160.5130000000031,-21.20400000000018,75.82099999999627,15.489999999999782,-7.213999999999032,41.73900000000117,14.892000000000394,-4.278000000005022,8.36500000000342,18.738000000001875,-11.791000000000906,-26.050999999998226,-10.872999999998,9.78899999999996,-0.0699999999994815,4.642999999998665,-0.7680000000007681,-78.45799999999485,-244.26900000000023,-125.77600000000756,-25.59800000000223,-355.701,-87.80499999999165,5.104000000002884,-232.93400000000003,-51.110999999997375,53.522999999999854,-127.203,-65.5210000000011,135.05399999999952,-94.69200000000058,-80.34000000000106,142.0429999999996,-106.00000000000024,-187.9870000000011,37.22500000000082,17.5910000000016,4.425000000003365,8.572999999998387,4.096999999998729,5.940999999999974,-16.59700000000157,-281.4750000000004,-47.23799999999869,114.00799999999975,-91.5459999999996,-100.96599999999968
60.48600000001443,123.3000000000004,-14.038000000005011,66.58300000000281,181.0580000000016,-9.192000000007283,55.03600000000688,52.017000000000735,-19.78800000001684,80.4839999999956,43.59800000000291,-6.286000000000058,68.85600000000522,14.758000000000491,-4.283999999984189,17.178000000001248,-9.062999999991916,31.384000000002743,6.188999999994849,-3.949000000011438,27.30700000001889,40.28900000000135,29.78200000000157,-39.44100000001072,119.29900000000087,-5.271999999999366,-66.80900000001202,46.60099999999829,-59.2019999999998,-140.8329999999978,71.85599999999681,20.202000000000453,-7.324000000005526,-19.55600000000004,-19.31900000000013,-38.82499999999709,49.33499999999924,-44.06100000000208,-13.940000000002328,80.58800000000019,107.80299999999556,58.960000000001855,72.08000000000538,6.7780000000027485,-5.365000000000464,20.89899999999716,-39.17700000000082,-32.51699999999573,8.670000000000755,2.32799999999429,-1.6610000000000014,0.945999999996161,-2.02300000000264,5.359999999999587,-0.0400000000013278,5.530000000001678,-1.8039999999999168,8.1579999999974,-58.79599999999972,-37.57899999999381,-38.05099999999868,-291.02200000000005,-87.60400000001027,16.021999999998116,-228.8199999999998,-45.497999999997774,157.6360000000001,-108.756,-123.81000000000029,138.30000000000027,-82.26499999999959,-106.98500000000024,97.83700000000124,-72.16700000000031,-105.2279999999989,50.82100000000196,2.201999999999771,-2.8570000000001983,3.317000000001258,0.4450000000019827,2.5210000000001287,-21.948000000000437,-293.3250000000001,-57.99600000000282,115.6639999999996,-86.88600000000051,-113.23600000000056
51.72699999998258,135.83999999999605,-8.349999999995816,58.70400000000018,186.28199999999995,-4.041000000006534,56.50599999999031,64.9879999999996,-27.41699999999128,66.40900000000443,45.21100000000047,4.052000000001499,59.9459999999965,23.50099999999884,-0.684000000001106,17.85300000000234,-11.334999999996851,43.12800000000152,15.344000000004598,-9.191999999995916,42.04699999999093,34.854000000001406,42.49999999999972,-47.42400000000089,133.47499999999854,17.284000000000788,-87.40299999999479,49.84699999999975,-62.81400000000019,-164.47799999999688,64.30700000000229,11.41099999999824,-3.0579999999986285,-14.794999999998026,-12.71599999999964,-46.45399999999427,49.24400000000162,-39.35500000000047,-16.528999999991356,72.99800000000118,32.94700000000148,1.599999999996271,69.57999999999629,9.719999999998665,-4.24199999999928,33.38899999999967,5.904999999998495,-15.588000000002468,4.711999999994987,11.456000000003996,0.2549999999999386,3.305000000000291,-2.1029999999996107,5.374000000000478,0.3730000000018663,2.031999999999812,-0.0489999999999213,-71.28000000000156,-269.2740000000004,-130.81700000000183,-40.80900000000156,-300.8,-87.97599999999193,-0.7910000000009632,-228.2160000000001,-45.581000000004224,101.01999999999975,-113.70000000000005,-94.27600000000211,175.0,-62.70200000000017,-126.45199999999905,-11.575000000000555,5.299000000000831,-41.87399999999997,50.14600000000087,-3.2810000000012,4.526000000009844,-35.42500000000075,6.136999999998238,15.234000000000949,-20.486999999999966,-295.35099999999943,-56.39899999999898,130.53600000000074,-73.04099999999991,-102.6379999999989
47.4920000000111,153.89999999999873,-8.069000000000415,50.29299999999921,188.0859999999984,-1.0249999999814463,42.49300000000176,80.00499999999988,-12.376999999992222,61.08099999999581,53.8880000000006,17.870999999991,50.27200000000107,33.57300000000123,1.012999999989006,18.689000000000533,-16.705000000001746,50.060999999982414,28.363000000001648,-2.8500000000008185,56.42699999998513,34.591999999997824,54.52899999999943,-54.23599999999169,154.97799999999984,-19.115000000000748,-97.97300000000178,49.56700000000183,-52.54899999999978,-186.0960000000091,62.68599999999651,10.89799999999741,-0.1769999999964966,-9.050999999999476,-15.035999999999916,-50.15799999999899,41.14599999999768,-28.79799999999761,-17.94400000001133,65.09100000000103,4.113999999998441,2.6240000000029795,65.96400000000244,-3.868999999997413,-7.290999999997894,40.9150000000011,1.4110000000016498,-7.760999999999285,9.455000000002656,-1.231999999998834,-1.3159999999999172,2.27000000000146,-5.504999999999427,2.5159999999999627,-0.1440000000002328,2.4920000000008717,-1.2779999999999347,4.205000000001746,-97.44999999999956,-50.823000000002594,-54.44699999999898,-297.668,-84.32599999999866,-22.995999999997707,-228.168,-46.86599999999999,44.91900000000015,-111.71099999999984,-79.10499999999843,184.4949999999997,-38.20400000000035,-128.05099999999996,-56.23099999999965,50.95099999999917,-40.01400000000004,46.22499999999832,-8.374000000000592,3.997999999990043,44.32199999999966,-12.917999999999097,-5.107000000000994,-25.79199999999844,-293.23300000000074,-67.614999999995,134.8309999999998,-18.85900000000049,-111.05600000000068
40.08099999999786,163.575000000003,-1.1349999999993088,43.59699999999975,191.55299999999897,2.0999999999958163,24.77400000000216,94.90900000000124,4.7240000000101645,60.65100000000143,60.26599999999576,17.736999999988257,46.01399999999671,41.745000000003074,9.510000000000218,19.80299999999602,-20.929000000001,59.07000000001972,21.929999999997563,-18.353000000001884,63.14100000001872,55.8710000000076,51.670000000000016,-71.93600000000515,147.67699999999877,-18.601000000001022,-126.0379999999941,50.07900000000518,-50.54000000000016,-207.7389999999923,54.322000000001935,-0.4369999999994434,1.7999999999915417,-0.8460000000013679,-19.406000000000034,-57.0069999999987,38.93199999999979,-27.561000000000035,-18.23699999999917,64.67000000000098,-10.686999999995804,-3.308000000004085,69.0939999999955,-29.572000000001708,-4.471000000000913,38.5310000000004,-0.2549999999985175,-9.86300000000142,12.438000000003058,-14.637000000004718,-2.994999999999948,2.3839999999978545,-0.6779999999992015,1.606999999999914,-1.751000000001568,1.9499999999993636,-0.7620000000002847,-34.79000000000383,-188.617,-96.17399999999634,-74.89699999999857,-315.375,-86.09000000000151,0.6270000000000664,-121.26099999999988,-5.703999999997222,150.6210000000003,-66.76700000000011,-136.2729999999999,167.92599999999993,-20.77600000000075,-114.95899999999963,-23.528000000000304,57.80600000000078,-40.85099999999997,48.88300000000072,-12.203999999999835,-1.9040000000018156,-33.77799999999809,2.8400000000004866,17.042000000000712,-33.88999999999953,-285.29800000000023,-73.14800000000332,122.86100000000032,-13.407999999999731,-101.55599999999936
35.077000000001135,175.71399999999926,-0.5250000000160071,35.19300000000385,195.0870000000009,0.4149999999981446,43.82900000000518,109.46999999999888,-11.023000000000138,45.87399999999775,59.67099999999164,31.348000000002685,38.19900000000303,51.29699999999957,12.352999999984604,21.951000000001383,-14.18500000000904,66.12499999998818,33.52700000000368,-5.004999999994197,75.06099999999378,28.15899999999374,77.07599999999957,-60.38800000001174,162.11000000000126,-23.092999999998653,-135.1069999999936,56.1649999999986,-40.57299999999984,-224.40199999999777,54.57400000000234,-3.701999999998407,3.5100000000056752,2.314000000001215,-19.375000000000853,-62.53100000000131,37.07899999999995,-23.651000000000977,-19.07999999998537,60.32999999999902,8.272999999996955,1.166000000000622,58.06600000000231,32.532000000003336,-12.691999999998416,34.21999999999912,-6.989999999998986,-9.140000000002146,8.35599999999772,-27.67299999999864,14.57199999999972,4.135000000002265,-5.222000000003391,1.0930000000001885,-0.4250000000013187,2.2919999999999163,0.2890000000000725,-39.62699999999586,-199.15600000000032,-108.5260000000062,-86.10000000000184,-319.589,-85.05300000000489,-52.09600000000307,-209.123,-35.079999999999245,14.251999999999754,-83.0119999999999,-62.030999999998926,147.4330000000002,-4.0389999999987936,-110.67500000000052,-7.488000000000738,64.12499999999994,-34.88100000000003,47.3419999999976,-17.39199999999812,0.7540000000005875,43.92699999999934,-16.591999999999985,-4.131000000000995,-44.74300000000255,-280.0979999999996,-71.03500000000054,105.57699999999954,-1.8200000000000216,-101.14700000000028
22.051999999996497,186.0230000000001,3.919000000018968,27.399000000002616,200.821000000002,2.867999999989479,20.8439999999996,117.97799999999938,-0.818000000003849,34.283000000004904,90.67400000001273,37.25600000000213,34.0849999999989,58.30699999999638,16.113000000018474,17.459000000002334,-15.832000000000336,79.05299999999897,35.82699999999477,-29.99300000000176,99.50000000000044,16.751000000010663,75.68200000000047,-69.3119999999908,160.25000000000205,-37.142000000001474,-143.8720000000103,57.0920000000001,-2.219000000000193,-233.09900000000425,47.512999999997874,-9.402000000000044,6.05399999999463,7.875999999998839,-29.833999999999605,-68.81700000000137,33.55600000000152,-19.546000000005392,-18.48099999999704,51.5139999999974,-7.074000000000069,4.882999999995263,59.06400000000076,-8.301000000000158,-3.216000000003305,57.766000000003714,44.34199999999748,24.19399999999996,7.202000000000908,-3.487999999998692,-2.82799999999952,1.6709999999989122,-4.909999999995307,3.9879999999996585,-1.4679999999998472,0.1499999999992951,-0.7750000000001478,-42.446999999998525,-169.4659999999999,-104.76099999999632,-99.27199999999914,-308.1670000000001,-87.08500000000186,-52.966999999998166,-189.938,-24.67900000000327,104.61600000000004,-57.07599999999999,-111.03700000000032,127.8019999999998,-3.172999999999604,-102.30400000000016,-12.051999999999907,115.90699999999998,-36.27099999999999,50.74200000000246,-27.396000000001663,0.9610000000009222,-33.81599999999878,2.260999999998603,16.540000000000532,-48.82299999999873,-281.22900000000044,-75.95900000000029,89.18299999999988,-3.4099999999995134,-91.9319999999999
23.07799999999816,197.2530000000006,4.137999999989006,17.87699999999859,198.669000000001,6.617000000005646,27.764999999999414,152.9200000000003,-1.1719999999968422,43.92100000000028,51.35199999999713,54.68700000001263,7.770000000004984,50.52500000000464,28.34499999999025,19.87599999999929,-11.284999999998035,89.41600000000562,34.35699999999997,-14.458999999999378,99.85900000000356,18.963999999988346,88.20499999999925,-64.64799999998831,165.58899999999994,-43.659999999999854,-157.5080000000071,68.69500000000244,-74.91699999999994,-243.2990000000018,47.01799999999707,-15.982000000002472,6.000000000005912,8.88100000000236,-31.38000000000005,-69.4880000000012,33.426000000000045,-16.000999999994292,-19.153000000005704,57.748000000003685,-14.348999999998568,0.8420000000114669,58.44099999999912,-9.155000000004064,-7.049999999998136,29.62099999999737,-9.841999999997595,-6.069999999999709,4.2059999999992215,-6.4790000000016335,-1.7250000000004206,4.998000000000502,-8.584000000001879,3.281000000000489,0.5380000000002383,1.480000000000814,-0.3059999999997842,-44.763000000000375,-172.76699999999997,-104.90099999999528,-86.11099999999965,-293.59599999999995,-80.9319999999957,-57.20000000000027,-182.131,-26.346000000000917,5.845999999999663,-73.062,-60.568000000000666,109.94600000000004,-11.621000000000947,-95.78399999999974,-27.543000000000006,55.20800000000037,-29.791000000000167,32.83999999999878,-23.51500000000044,10.80000000000041,41.707999999999856,-18.99699999999882,-3.685000000000116,-50.11599999999703,-278.5179999999997,-75.80800000000067,63.24500000000057,-14.63200000000029,-76.50799999999975
13.69600000000446,211.1879999999985,10.77900000000227,22.942999999997937,206.5979999999968,10.986000000002605,18.99999999999409,140.616,-6.165000000009968,33.59699999999748,75.94000000000278,59.15599999998449,21.23399999999833,69.80899999999792,21.7160000000149,13.898000000000366,-7.696999999996024,103.64999999999328,29.53499999999849,-33.56899999999996,133.0510000000004,12.022999999999229,94.25999999999988,-64.57500000001346,176.29699999999957,-57.10299999999933,-166.90699999999197,72.30799999999817,-100.46000000000036,-255.0529999999981,45.77700000000391,-22.118999999997868,8.46599999999853,-3.6589999999989686,-80.08999999999915,-93.8539999999989,30.657999999999674,-17.25100000000168,-19.27499999999327,85.06199999999922,96.79199999999923,13.555999999994128,52.823000000000775,-20.983999999992875,-0.1530000000002473,30.14200000000073,-11.499000000000592,-2.306999999996151,10.707999999999627,-2.7189999999961856,0.6960000000006517,0.6169999999997344,-2.316999999999325,0.7689999999996644,-2.4329999999963547,1.421999999999457,-0.0779999999998892,-40.97600000000057,-155.89899999999977,-112.6039999999989,-82.64000000000067,-283.39000000000016,-87.36599999999726,-80.89300000000037,-219.924,-48.211999999995214,31.927000000000305,-64.99199999999998,-76.41100000000023,81.96500000000029,-11.623999999999056,-85.88199999999944,-49.80499999999921,-1.8790000000009852,-22.06600000000023,20.849999999995816,-34.623999999999455,8.45600000000104,3.4739999999999327,-4.238000000000852,8.450000000000557,-46.73800000000199,-245.5399999999997,-80.54900000000202,50.73000000000008,-15.98899999999972,-78.79100000000108
11.138999999991483,215.9940000000006,13.976999999999862,13.873000000000957,209.34700000000248,16.295999999988453,-3.618999999991957,161.8319999999983,20.22699999999986,40.76499999999896,86.02599999999825,72.3259999999982,21.8469999999968,78.38399999999979,25.52499999999327,1.3059999999995853,2.666999999996733,117.01700000000984,26.93500000000313,-19.53800000000001,151.1169999999879,8.597000000003163,91.14100000000036,-69.42200000000867,178.6649999999952,-84.14099999999962,-177.9170000000022,84.03399999998555,-35.76799999999949,-259.20999999999594,41.946000000001504,-19.62599999999952,3.252999999995154,13.280999999994949,17.044999999999533,-62.9030000000057,28.38999999999885,-20.05199999999832,-20.899000000008527,54.41599999999767,-33.79199999999969,4.167999999992844,51.37300000000096,-35.38800000000606,1.6419999999982338,21.721999999999756,-16.706000000002064,-6.427000000002181,5.139000000002625,-7.367000000004964,-3.855000000000075,50.71199999999863,-2.630000000004884,-24.139999999999876,-1.1930000000006658,-1.0680000000007794,-0.8209999999998274,-46.77400000000489,-165.65100000000007,-113.48200000001044,-116.48899999999855,-317.9109999999996,-49.572999999998046,-32.63299999999845,-120.726,-4.986999999999853,15.26099999999957,-61.66100000000014,-68.44699999999904,53.35999999999999,-14.262000000000796,-76.9750000000002,-62.69500000000079,64.17300000000097,-20.497999999999195,13.38100000000395,-49.97199999999964,7.815999999996848,3.5339999999990823,-7.7110000000004675,4.859000000000435,-49.76699999999994,-257.808,-72.95500000000175,24.57899999999995,-27.87000000000006,-69.76999999999975
5.701000000010481,223.59900000000152,15.832000000000336,11.755999999991218,209.7939999999994,17.749000000003434,12.23099999999704,171.4870000000019,-4.417999999986932,42.21499999999878,84.06999999999698,73.5110000000077,31.998000000004367,81.15199999999732,14.075000000002548,-14.499000000000706,6.25,126.31799999999204,23.27199999999721,-10.991999999998823,162.34100000000353,2.300999999999931,93.04600000000109,-70.3119999999899,187.56700000000137,-52.96000000000021,-165.68600000000515,91.0340000000133,56.28299999999982,-254.43200000000843,39.7489999999948,-21.52100000000132,6.03000000000975,1.328000000000884,30.35599999999974,-61.49899999999207,25.2410000000026,-22.67500000000382,-19.775000000004184,51.08900000000176,-23.84000000000128,2.6000000000067303,49.56399999999803,-20.145000000002256,-4.415999999997666,-0.9459999999990032,-66.2210000000016,-30.380000000002383,6.124999999997272,-9.826999999995678,-2.4109999999993192,-45.60999999999922,-10.485999999997375,25.34299999999945,-3.741000000002259,-4.565999999999804,1.5160000000001617,-42.159999999995534,-135.40300000000016,-91.7549999999892,-55.7140000000004,-244.528,-99.4959999999992,-58.02900000000193,-147.283,-22.79900000000339,3.625000000000256,-49.16799999999988,-57.10099999999869,27.505000000000024,-14.38399999999973,-71.3320000000003,-36.88199999999995,16.03799999999893,-10.900000000000176,7.296999999999798,-48.90900000000045,9.985000000000356,3.254999999998631,-8.374000000000592,2.5079999999988445,-49.57200000000057,-245.02800000000065,-80.96299999999701,6.30299999999977,-39.63900000000038,-56.92700000000031
-0.6229999999959546,233.88700000000424,22.339000000010856,6.225000000006276,210.01799999999665,23.26700000000983,9.838999999999489,197.65600000000063,8.312000000000808,41.36100000000056,92.16600000000312,81.31100000000515,18.478999999996404,80.146000000002,40.41799999999967,-36.50200000000154,14.142000000003918,135.23000000000138,20.83200000000716,-13.129000000003543,185.07100000001628,2.545000000009168,99.99499999999983,-72.1559999999954,197.62299999999868,-76.86999999999955,-176.0859999999866,92.48599999998532,-61.00100000000026,-259.2339999999922,40.56100000000242,-24.20699999999556,5.254999999999654,-4.034999999998945,-42.01100000000011,-76.67200000000776,25.665999999998235,-30.91999999999757,-22.301999999990585,46.978999999998905,-30.816999999996145,1.728000000002794,47.36899999999764,76.53200000000311,-35.38199999999847,26.29999999999768,-14.583999999996422,-0.4669999999975971,4.3400000000019645,-4.547000000002299,-3.625999999999863,0.3190000000017789,-6.009000000000242,1.640000000000441,-4.42899999999895,-7.697999999999183,-1.4090000000003045,-43.75,-155.8299999999999,-100.43299999999816,-55.54800000000171,-225.92300000000023,-90.7500000000084,-17.740000000000578,-284.08400000000006,-56.11599999999726,31.77500000000037,-35.48999999999989,-71.74200000000184,3.247999999999962,-7.165999999999428,-67.03299999999999,-13.468999999999198,0.2070000000003347,-13.898999999999972,85.37600000000225,5.198000000001457,6.366000000002714,-30.52500000000009,-1.3569999999987203,15.84100000000035,-52.68100000000118,-246.21700000000004,-70.75500000000261,-10.253000000000156,-33.870999999999896,-63.44299999999947
0.940000000002783,240.86899999999787,26.64800000000014,9.67399999999543,211.80200000000585,26.95300000000316,-8.629999999993743,182.16600000000085,15.722999999979947,49.21199999999999,102.731,66.3090000000011,30.51100000000133,81.04200000000219,27.01400000000831,-62.85999999998921,11.139000000002852,142.65100000000075,25.353999999992997,-9.587999999996557,211.50499999999963,-1.0590000000092914,99.60299999999904,-76.02500000000418,201.4310000000023,-72.0010000000002,-179.17500000000928,110.17500000000382,-53.21399999999983,-280.64600000000155,40.618999999998096,-25.421000000005733,7.049999999992451,-6.637000000000626,-113.51200000000006,-95.7339999999931,21.34200000000135,-38.89199999999846,-19.78800000001684,43.903000000011616,-35.60200000000577,-0.714000000004944,37.372000000004846,-21.920999999997548,-4.153000000002294,36.669999999998026,27.895999999998367,23.984000000001515,4.140999999998485,16.680999999999813,-20.043000000001143,1.768999999998755,-3.5829999999975826,-4.413999999999874,-5.968999999998914,-7.257000000001312,-2.81400000000005,-72.30299999999943,-227.8649999999999,-135.0279999999998,-45.03799999999956,-212.89499999999995,-81.81500000000028,-56.29399999999691,-263.53799999999995,-65.39300000000026,-9.452000000000282,-32.67500000000023,-42.52599999999944,-14.144999999999897,-9.482000000001278,-55.35800000000037,-8.122000000000185,-0.458999999999321,-10.042000000001394,25.57999999999652,-39.8619999999994,9.809000000001332,38.32100000000196,-14.48699999999974,-5.4149999999992815,-47.776999999996406,-235.033,-71.27999999999588,-19.626000000000943,-49.10899999999998,-53.30500000000029
-4.81000000000904,245.97199999999475,29.12599999999657,5.682999999999083,216.2779999999941,31.664999999998145,-13.849000000004708,206.6159999999968,23.68200000000797,54.849999999999,76.75499999999715,74.74299999998948,36.196999999998525,77.39599999999882,33.06899999997768,-88.27200000001199,2.721999999994296,151.233000000002,32.11600000000772,42.79699999999593,246.95399999998244,-8.581000000003769,104.78900000000095,-83.39900000000853,212.473,-53.63300000000066,-182.42199999999684,106.21900000001006,-97.7960000000003,-252.11199999999965,42.49599999999987,-23.32699999999477,9.16700000000219,-13.336999999995667,-44.836999999999705,-73.5110000000077,24.63199999999972,-42.10199999999986,-19.103999999992997,6.639999999987367,-141.76899999999364,-32.971999999995205,17.626999999998816,-115.07799999999976,15.149000000002388,6.095000000004802,-23.310999999998216,1.2049999999987904,3.946000000001959,-8.181999999999334,-3.3569999999997435,0.7440000000030977,-1.3980000000003656,-1.2260000000004825,-6.105999999999767,-6.658999999999082,-1.4780000000001792,-0.760000000002492,-38.71800000000008,-45.6480000000056,-62.297000000000935,-203.6050000000003,-66.66199999999662,-40.32600000000173,-147.67399999999995,-25.784000000004426,-47.7330000000002,-33.64099999999972,-21.287000000000944,-18.698000000000548,-4.995999999999867,-50.93400000000017,-1.5370000000004325,2.171999999998775,-9.681999999999393,35.165000000000646,-46.77700000000016,13.269000000002508,-33.64600000000166,-0.0940000000014151,11.74999999999926,-49.03600000000381,-230.42700000000025,-67.36400000000344,-26.13399999999899,-39.542000000000144,-44.49299999999994
-4.583000000002357,257.91300000000206,31.78699999998571,9.45400000000518,217.4250000000029,33.898999999996704,-5.585000000007767,214.93199999999888,14.038000000005011,61.95000000000164,92.12400000000116,66.48000000000138,42.9930000000013,75.78399999999874,34.15500000000975,-114.7519999999986,4.480000000000928,153.69900000000598,40.00899999999774,37.85399999999299,297.7240000000052,-10.442999999997935,104.50499999999892,-81.34799999997995,229.03099999999768,-68.4599999999989,-166.858000000002,108.67899999999509,-68.5379999999995,-252.21500000000103,39.16300000000206,-25.342000000000557,6.574000000000524,-21.161000000006425,14.61400000000026,-57.787999999993644,23.95400000000052,-48.27799999999911,-16.74800000000687,41.40000000000441,-2.996999999999161,14.386000000001786,18.761999999998125,-50.28700000000299,7.552999999995791,9.215999999997848,-25.328000000001797,0.7850000000019008,-1.8430000000023483,-6.369000000000824,-3.8160000000004857,45.849999999995816,-1.8210000000010496,-26.87499999999972,12.99399999999764,13.412999999999895,9.114999999999895,-29.10699999999906,-129.90100000000027,-80.96300000000838,-52.96500000000037,-191.94099999999955,-65.61599999999999,-31.158000000002065,-94.67200000000008,-7.253999999994676,17.657000000000522,-12.68400000000014,-52.452000000000965,-22.70499999999984,-0.2830000000002997,-49.67900000000043,-8.344999999999914,-4.40799999999939,-5.478000000000094,6.089000000002898,-44.42000000000235,11.327999999997472,0.2350000000006957,-8.433999999999742,2.779999999999916,-48.876999999998816,-200.02599999999973,-61.45999999999958,-26.666000000000167,-33.41599999999971,-42.787000000001285
-9.850999999991927,258.47499999999854,32.05599999998867,10.302999999998974,223.354999999998,34.9369999999908,-4.394999999999527,215.58600000000183,14.098999999987427,61.77999999999884,89.32100000000105,63.81800000001476,41.78499999999872,72.61399999999867,34.74100000000817,-132.038,4.436999999995805,161.63299999998344,57.9529999999977,50.666000000012446,342.303000000004,-13.052999999996471,107.10600000000028,-81.46900000001551,246.3470000000029,-72.12800000000072,-175.658999999996,111.45099999999957,-130.4860000000005,-249.77499999999964,46.85699999999997,-24.432999999999083,8.092999999996664,-22.78699999999958,-59.6970000000006,-71.521000000007,22.221999999999294,-57.73100000000113,-14.148000000000138,40.94000000000051,-9.473000000002685,12.518999999997504,9.737999999998692,-57.47400000000198,6.024000000002161,-28.3299999999997,-86.89699999999903,-26.282000000003336,-2.1119999999996253,4.93200000000229,0.1030000000000086,-0.484000000000151,-3.684000000004062,-3.195000000000192,-2.663999999998623,-2.92699999999968,1.5000000000000568,-25.8700000000033,-116.78700000000006,-65.69299999999885,-49.1109999999992,-167.07199999999992,-60.55000000000064,-30.560999999997307,-48.52100000000004,4.518999999999096,-53.97600000000011,-26.97700000000012,-11.069999999998004,-26.94100000000006,-3.5799999999994725,-42.61099999999942,-7.038000000000011,-1.0180000000005407,-5.45100000000005,-9.342000000003736,-53.82699999999829,7.125999999999522,-1.439999999999486,-7.701000000000135,2.188999999999908,-49.45500000000038,-185.25499999999937,-65.97600000000057,-29.04800000000023,-23.21800000000067,-45.63899999999848
-8.576000000005024,266.3970000000006,32.34800000002451,10.28400000000147,228.27200000000403,34.643000000005486,-6.334999999990032,213.83000000000152,12.390000000004877,68.54200000000219,83.8290000000029,69.93399999998928,48.63300000000095,71.54500000000326,34.6559999999954,-129.1780000000017,-3.325999999992746,178.16200000002027,77.45899999999892,69.78699999999662,394.5010000000025,-5.810000000002447,97.62700000000136,-82.97099999999773,249.75299999999837,-50.29200000000032,-159.88800000000083,110.55900000000064,-86.22299999999967,-256.9209999999998,45.29400000000123,-24.96000000000436,9.302000000002408,-29.699999999996862,-120.43699999999971,-78.30799999999272,23.16299999999956,-59.16700000000219,-14.720999999985906,30.61199999999644,-18.993999999997868,1.5499999999974534,4.712000000000671,-23.35199999999986,-10.99500000000262,-2.510999999998376,-29.323999999999728,8.25800000000072,-4.446000000001504,-8.609000000001288,-5.07300000000015,22.133000000002312,-0.1489999999989777,-4.631999999999437,-1.6540000000020427,-4.670999999999026,0.7310000000003924,-32.07400000000007,-124.0559999999995,-77.94799999999213,-58.60900000000129,-155.48600000000013,-57.65400000000227,-43.67300000000114,-96.63299999999992,-17.3150000000021,-23.928000000000083,-16.565999999999903,-28.112000000000137,-28.50999999999999,0.6960000000006517,-41.20300000000015,-3.426000000000329,-4.607000000000028,-2.855999999999881,-46.578999999997,-48.1110000000001,9.700999999995474,2.379999999999427,-6.515000000004534,1.933999999999969,-46.93900000000042,-163.14900000000137,-54.60799999999608,-28.15599999999989,-26.892999999999034,-36.4050000000006
-6.133999999997286,271.9660000000033,32.99600000000282,12.011999999992897,240.03299999999967,36.93900000000667,-2.9660000000035325,215.7080000000008,8.777000000009139,64.28599999999847,92.10799999999608,72.86400000000413,53.14599999999814,76.0189999999966,30.95699999998942,-160.13099999999554,-14.702999999997246,195.1289999999972,100.287000000003,95.71600000000444,440.253000000007,-6.475999999997839,96.97999999999922,-82.03200000000379,260.5770000000007,-67.0509999999993,-156.89700000000357,98.108000000002,-125.63200000000025,-293.59100000000353,43.07499999999891,-22.66199999999685,6.830000000002201,-34.579000000002225,0.2690000000008297,-52.98400000000356,21.9869999999986,-58.12999999999988,-12.146000000007009,0.0360000000000582,-89.9690000000021,3.7349999999946704,11.923999999999069,55.60300000000211,-29.104999999998427,-11.136000000004742,-32.5950000000006,1.059000000003607,-0.3029999999967003,-5.94199999999887,-4.670999999999026,-46.077999999999975,-1.130000000000564,18.442999999999188,-2.5509999999997035,-2.9000000000024784,0.8690000000001419,-51.442999999994754,-174.6780000000001,-91.24100000000226,-53.64599999999768,-138.08900000000042,-52.01999999998748,-45.131000000000654,-92.30699999999992,-8.517999999997983,-21.282000000000068,-16.628000000000043,-29.379000000000133,-22.061000000000064,-2.0749999999992497,-38.96399999999929,-6.433999999998719,-5.707999999999913,1.0609999999999786,-0.8360000000038781,-31.40700000000152,10.040000000003602,-5.525000000000091,-6.600999999994883,3.862000000000876,-46.82200000000023,-138.80899999999912,-55.1270000000045,-29.137000000000057,-18.914000000000183,-32.32699999999937
-0.4999999999995452,271.06999999999744,25.06099999998241,12.903000000005704,237.5789999999995,31.62800000000061,10.125000000005002,211.72799999999935,-4.102000000011685,66.79399999999873,55.93600000000265,95.69099999998798,52.35000000000127,75.54000000000087,33.53300000001127,-133.50000000000364,-35.40100000001303,209.7530000000006,117.92000000000372,136.02899999999636,487.70699999998897,4.473999999999023,96.68300000000016,-84.8510000000033,254.60800000000177,-50.8340000000004,-149.8049999999921,123.36999999999988,-66.63999999999959,-233.47199999999475,41.19000000000028,-20.46799999999962,8.099000000004253,-42.78600000000097,-60.47500000000099,-61.51800000000094,19.61200000000076,-63.00600000000145,-14.44099999998798,22.77599999999893,-25.31399999999735,0.1840000000129293,-7.360999999997375,-132.70600000000172,19.049000000001115,-6.731999999999516,50.925000000000864,43.5359999999946,-0.9970000000009804,-4.831000000001495,-2.218000000000586,38.75499999999761,-3.8879999999949177,-23.399999999999466,-2.493999999995822,-0.3509999999977253,1.2449999999994077,-8.698000000003958,-11.995000000000289,-27.368000000001302,-46.97500000000048,-122.82299999999964,-52.86300000000779,-54.122999999998456,-76.96300000000011,-31.5400000000011,-17.269999999999897,-20.083999999999943,-29.00500000000079,-21.24199999999945,-3.731000000001927,-33.98700000000048,-20.96500000000105,0.8980000000008204,-2.8040000000004284,-54.01899999999955,-100.8829999999989,6.610999999998057,-2.209999999999468,-10.311999999998989,1.8599999999992176,-44.13399999999967,-126.67799999999971,-44.850999999999885,-22.96000000000049,-25.934000000000168,-25.84800000000058
-3.803000000004886,273.8800000000026,21.875,12.390000000004877,240.96999999999863,26.025000000004184,-0.6399999999985084,209.60400000000163,4.9080000000003565,61.615000000000464,67.54500000000121,93.24900000001436,50.79900000000066,78.49500000000376,32.567999999992026,-145.5159999999978,-53.17399999998997,229.2359999999917,171.8939999999975,199.6330000000057,569.8790000000031,-18.56099999999969,18.168000000000006,-115.80799999999272,260.0590000000011,-77.24199999999968,-152.55099999999402,90.44200000000728,-84.98700000000028,-271.80799999999863,38.98899999999799,-18.13099999999963,8.971999999994296,-44.63199999999574,-117.1289999999999,-71.42299999999295,19.62699999999984,-68.54599999999778,-8.081000000015592,18.578999999999724,-9.579000000002225,-3.833000000008724,16.14399999999705,65.70800000000077,-24.74700000000212,11.435000000000173,-50.91800000000149,-5.239999999997735,-0.6320000000016535,-6.069999999999709,-1.180999999999699,-47.41199999999992,-2.2820000000024265,18.645999999999677,-1.8979999999999109,-3.1090000000006057,2.74700000000081,-44.439999999997326,-96.21299999999948,-58.11199999999417,-53.84799999999928,-112.98999999999992,-41.87000000000012,-33.84900000000073,-89.12700000000004,-0.9310000000027684,-22.131999999999863,-15.67299999999996,-24.92699999999957,-12.939999999999683,1.2020000000006803,-33.65399999999994,-19.49599999999947,-2.931999999999846,1.603000000000776,-29.160000000001677,-63.10200000000066,11.540999999999713,0.6470000000007303,-9.360000000000923,2.3910000000000764,-40.16599999999926,-94.5450000000008,-42.7189999999996,-19.592999999998995,-4.959999999999809,-28.29799999999949
3.490999999996802,274.5110000000011,22.02100000001792,13.08599999999842,242.17500000000317,24.731999999994517,-2.2590000000036525,223.7210000000005,15.318999999999503,52.523000000002185,63.68399999999497,99.68300000000454,58.071999999998525,78.34099999999466,37.52400000000762,-132.1450000000027,-110.6139999999982,248.74300000001315,200.12799999999515,232.56299999999328,612.2439999999983,7.013000000000602,81.12299999999877,-88.35399999998117,244.2259999999976,-34.56500000000062,-133.33700000002864,85.9679999999912,-92.67599999999943,-265.2340000000095,39.26400000000285,-13.876000000004751,6.695999999999458,-50.77800000000252,-59.50700000000069,-54.32700000000068,15.842000000000668,-63.174000000003616,-11.743999999998778,14.840000000003783,-16.687000000001717,4.03400000000147,0.0180000000000291,-118.7720000000013,20.694000000003143,-0.625999999999749,-19.549999999998136,4.144999999999754,-1.5839999999968768,-7.312000000001717,-4.331000000000529,0.0930000000010977,-6.097999999997228,-0.8400000000001739,-2.481000000000222,-1.5320000000002665,0.5439999999993006,-40.50900000000297,-82.16800000000006,-43.61499999999978,-42.20300000000066,-100.54999999999978,-44.38499999999976,-37.17800000000011,-184.2460000000001,-60.94599999999559,-12.00900000000047,-15.41300000000021,-24.130999999999855,-5.825000000000102,-0.5570000000005848,-27.34999999999985,-16.49500000000046,4.8549999999991655,-2.191999999999439,-34.37799999999811,-53.26000000000022,7.314999999999827,-1.7960000000016407,-9.065000000001078,3.0420000000006557,-36.10400000000027,-85.30499999999961,-36.78899999999885,-10.878000000001007,-6.466000000000349,-27.253999999999223
1.624000000003889,266.90099999999575,16.57799999998133,14.54400000000078,243.8049999999976,18.871999999987565,-2.380000000005112,191.1799999999971,1.832000000013068,57.18100000000277,64.36400000000049,93.57899999999972,47.171000000003005,74.20400000000313,38.11099999998078,-115.10000000000105,-113.77500000000964,264.8919999999862,317.76700000000346,219.5069999999987,709.9910000000023,7.1810000000027685,73.57100000000045,-85.87700000002769,250.70799999999736,-51.90000000000055,-133.48399999997582,79.2479999999955,-88.8300000000001,-253.14999999999367,30.703999999997222,-15.167999999999893,3.899999999998727,-50.6559999999979,4.402000000001038,-39.93000000000393,14.68500000000006,-65.70499999999697,-7.372999999984131,16.491999999999507,-20.798000000002048,2.631000000008044,10.97700000000259,-35.082999999997355,1.2969999999995707,-29.75099999999884,-77.17300000000193,-22.39099999999894,1.5809999999987667,-6.612999999998692,-4.194999999999993,-2.255999999999858,-6.201000000004342,-3.637999999999408,-2.300999999999931,-3.076999999998975,1.0530000000002817,-49.413999999995895,-57.87000000000049,-27.851000000009662,-40.78499999999963,-96.46299999999997,-37.97300000000519,-35.21599999999978,136.26400000000007,27.751999999998134,29.17899999999989,-4.410999999999987,-37.60499999999922,1.56599999999969,0.5160000000017817,-24.451000000000533,-13.459999999999184,10.300000000000864,-5.737000000000592,-20.506999999997788,-59.56799999999873,9.671000000003003,-1.4510000000001355,-7.034999999999059,3.4579999999991173,-24.36999999999898,-60.72099999999949,-34.33499999999867,-5.519999999999925,-3.266999999999598,-19.707000000001077
5.96299999999701,264.6119999999996,11.096000000020467,16.15000000000464,245.0700000000012,14.734000000021297,15.12400000000298,211.39200000000076,-2.112000000010994,47.40300000000275,67.19700000000444,98.87699999999312,45.61799999999607,73.13199999999824,41.29600000003393,-82.79699999999934,-149.712999999997,280.78700000000936,256.3600000000065,324.0350000000035,697.2719999999867,11.031999999994468,70.76600000000042,-85.96199999999499,263.5350000000017,-82.67199999999946,-132.8130000000101,76.85500000000047,-92.10800000000036,-249.63900000000197,28.09400000000437,-14.41599999999994,1.5560000000050422,-53.65900000000465,-109.00600000000011,-58.07499999999664,10.730000000000928,-65.53000000000111,-6.689000000005763,6.96100000000115,-5.53899999999885,5.0039999999853535,14.058999999997468,-53.57000000000198,6.693000000001348,-0.7270000000005439,-27.938999999997804,4.421999999999571,5.989999999997053,-16.376000000002477,1.462000000000785,-1.4710000000007994,-6.514999999996007,-2.960000000000207,-0.6709999999998217,-3.0120000000010805,1.4339999999997133,-51.06799999999794,-73.32499999999982,-28.69200000000092,-37.068000000002144,-86.63600000000073,-33.583999999996195,-27.72899999999936,-60.88899999999988,-9.053999999997586,-2.5959999999997763,-6.917999999999935,-19.041,7.395000000000351,4.502999999998281,-20.765999999999707,-7.613000000000625,10.04299999999887,-2.768999999999977,50.09099999999762,39.43399999999997,10.241999999999509,-0.2379999999988058,-15.082999999998492,2.615000000000123,-20.29500000000155,-55.30300000000068,-24.227999999999383,1.1690000000001532,-0.6440000000004886,-17.50899999999973
5.029000000001815,266.1330000000021,6.9579999999859865,14.813999999989846,241.5060000000011,7.262999999989006,11.5729999999985,180.81599999999867,-11.230999999997948,39.193999999992,67.81599999999912,99.5969999999943,63.37300000000141,84.95200000000409,30.44399999996585,-34.96999999999844,-177.35000000000127,290.2949999999919,344.2139999999881,439.104999999995,771.9120000000089,3.223000000002685,62.89999999999978,-88.86700000000474,273.3940000000018,-32.72099999999938,-113.39100000000144,72.83400000001166,-94.30499999999996,-250.00700000000504,23.90499999999633,-15.423999999995884,3.205000000002656,-50.29299999999921,-48.72500000000031,-43.554000000006,8.391999999997779,-65.01199999999585,-6.164999999987231,12.075999999996156,-12.746999999995978,6.415000000004056,9.122000000002116,-40.17699999999991,-0.6870000000049004,-6.814000000002807,-31.01000000000056,-3.262000000000853,2.179000000000997,-5.342999999999165,-2.19900000000024,0.418000000001939,-5.304000000000997,0.1539999999998542,-2.762000000001308,-2.108000000001198,0.4400000000003956,-57.83400000000256,-63.66299999999967,-20.19699999998465,-32.657999999997855,-76.31099999999975,-25.2900000000011,-24.47400000000073,-35.014000000000145,-5.529999999998836,3.4849999999998715,-7.184999999999775,-17.77100000000047,11.125999999999436,3.885000000001071,-20.24600000000021,-2.1079999999997767,12.056000000001177,-4.827999999999832,-5.53600000000074,-44.92800000000159,9.046000000000731,-0.603000000000975,-9.31500000000085,7.33200000000096,-15.744000000000824,-49.12199999999984,-28.92800000000193,4.198999999999842,-0.3479999999996153,-16.648999999999603
67.62099999999691,307.30000000000075,100.62199999999848,13.634999999999309,243.8619999999986,8.716000000003987,9.77100000000064,191.7420000000021,-5.431999999996151,29.37600000001339,86.02899999999636,104.663000000005,35.701999999997724,65.62799999999811,45.16600000001745,22.1589999999992,-233.40499999999335,299.7920000000022,361.2060000000042,497.3389999999995,780.980999999997,8.205999999995583,63.6020000000002,-83.06900000000041,264.1849999999977,-71.87700000000063,-113.207999999986,70.37899999999127,-95.16400000000012,-235.41199999999665,17.700000000002092,-14.959000000004608,2.336999999999989,-54.03499999999895,-88.04799999999986,-46.17299999999887,10.045000000002346,-61.44400000000019,-3.869000000008782,6.594999999998663,-14.667000000002872,6.861000000003514,14.111000000002605,-19.362999999998465,-1.802999999995336,21.963000000005195,29.7300000000007,27.755000000001928,-1.272000000000162,-3.5859999999956926,-5.046000000000106,-16.356000000001814,-8.566999999999325,0.9619999999998186,-0.9160000000008496,-4.663999999999646,1.717000000000013,-50.625000000002274,-43.31200000000024,-10.638000000005832,-30.025000000000546,-69.53099999999992,-21.52100000000132,-17.258999999998537,-36.9019999999999,-7.071000000001959,5.409999999999826,-7.230000000000203,-13.576000000000477,14.57499999999996,1.7219999999994684,-18.94399999999976,0.2039999999993824,6.411999999998841,-4.232000000000369,-6.328999999999496,-39.497999999997546,5.55699999999888,1.6099999999994452,-9.859000000002991,4.087999999998715,21.63400000000024,49.8580000000004,-63.37599999999952,6.875000000000853,9.846000000000288,-20.332000000000505
-55.05399999999554,203.54899999999816,-96.27599999998893,8.232999999995627,237.55800000000136,-1.9170000000031,-7.4759999999969295,181.6219999999987,6.078999999999724,26.60799999998744,63.21100000000115,125.19600000000536,28.205000000002656,60.56499999999687,49.69499999999698,81.40200000000277,-210.3390000000104,298.07200000000194,362.0300000000043,578.4430000000043,761.6759999999999,11.865000000000236,57.39799999999988,-79.23599999999169,239.6060000000034,-84.21699999999959,-114.55100000000584,58.23400000000447,-81.8439999999999,-237.6039999999989,14.470999999997504,-18.520999999998367,3.9799999999900137,-43.49300000000085,42.28900000000024,-8.600000000001273,7.148999999998296,-56.49099999999976,-0.5370000000084474,7.6420000000041455,-8.359000000001515,6.926999999996042,14.654999999999063,-23.226999999997133,3.4019999999998163,7.619999999997162,-18.939000000000306,8.028999999999087,0.5310000000008586,-18.54600000000346,-3.794999999999504,20.541000000000054,1.1599999999987176,1.1270000000003222,-1.91300000000183,-2.400000000000091,-0.3579999999999472,-54.67599999999493,-51.89799999999991,-8.636999999998807,-26.72599999999932,-67.4900000000001,-21.98799999999892,-16.310000000001423,-31.570999999999927,-5.865000000000009,7.299000000000433,-9.047999999999943,-16.230999999999085,14.7030000000008,1.1089999999995823,-18.70699999999985,-0.6439999999997781,3.7270000000006576,-1.0339999999992244,11.639000000002396,-32.843000000002576,8.77699999999777,3.38000000000136,-6.277999999997519,6.28200000000021,-41.00999999999999,-125.27600000000092,26.99000000000069,6.349999999999056,-4.205000000001036,-13.474999999999682
53.02199999999857,297.3070000000007,80.8469999999943,58.70400000001155,286.20599999999854,3.613999999993212,7.97699999999395,178.66800000000185,-7.701999999994769,26.50199999999927,83.31900000000019,123.3639999999923,27.83799999999701,56.41200000000026,44.715000000019245,174.67100000000073,-246.43599999999424,290.55100000000493,393.48699999999326,632.3789999999917,758.9600000000019,5.203000000000202,58.12299999999979,-80.85899999998674,260.8000000000004,-48.77099999999928,-102.5630000000092,48.30299999999852,-68.919,-236.5599999999972,-10.527999999999338,-29.190999999997302,-9.533999999996468,-41.5649999999971,-48.7169999999999,-29.41299999999956,0.9870000000006484,-54.87100000000282,-1.1110000000144282,1.3730000000009568,-14.974999999998316,5.762000000004264,12.536999999997532,-12.91800000000194,-0.415000000003829,-2.5080000000002656,-18.007000000000062,0.7699999999999818,1.4889999999979864,-3.683000000000902,1.6260000000002606,-1.6840000000001965,-0.3870000000006257,0.5359999999996035,1.7609999999990578,-2.7619999999984657,3.1169999999995923,-53.56100000000197,-52.15700000000041,-2.52699999999777,-28.529000000000337,-53.39699999999965,-17.11700000000178,-13.268999999999664,-17.550999999999917,-3.0830000000037217,3.244000000000113,-13.773000000000124,-15.32100000000014,13.981999999999315,-1.7719999999997071,-19.65199999999996,-1.2040000000013151,5.652000000000612,-2.766000000000446,-0.699000000003025,-27.065999999999235,7.96799999999962,0.8330000000000837,-4.78599999999858,2.687000000000239,-6.739999999999213,-29.988999999999063,-16.35699999999929,9.257000000000914,-6.465999999999639,-13.99899999999974
6.054000000005999,246.49300000000096,-1.1230000000068685,-2.300999999999931,230.1780000000008,-7.372999999984131,11.510999999995876,166.95899999999995,-17.945000000008804,21.17900000000077,90.76000000000022,140.44199999998455,19.03700000000299,56.77200000000085,41.44199999998364,243.8629999999989,-268.0970000000002,275.4889999999932,397.3520000000008,738.0580000000009,740.1550000000043,6.65300000000002,52.32900000000029,-77.30700000001889,234.61899999999787,-69.07300000000092,-105.13899999998556,33.01999999999907,-48.54100000000017,-232.6779999999985,20.105000000000928,-22.241000000002487,9.88200000000461,-36.24599999999987,-94.44000000000088,-36.114999999995234,2.085999999999899,-58.39500000000157,-2.514999999993961,14.864999999997508,23.322000000001708,0.5979999999908614,9.811000000001968,-14.172999999999549,-2.117999999995845,3.368999999997868,-13.571000000001732,4.054999999999609,-2.279999999996108,-4.116999999996551,-0.3980000000012751,42.373000000000616,-3.350999999997839,-18.030999999999864,0.0850000000127693,-2.5530000000003383,-0.2819999999999822,-45.85900000000152,-47.39900000000006,-11.0779999999977,-18.196000000000367,-53.02399999999992,-19.787999999999784,-15.006999999999948,-26.185000000000255,-7.530999999994492,5.187999999999704,-10.668000000000076,-15.308000000000275,14.099000000000215,-2.0269999999996458,-24.257000000000065,0.4120000000014556,-1.1420000000001096,3.1869999999997844,2.5790000000029067,-29.51799999999878,5.55699999999888,3.198000000000434,-2.980000000002292,3.418000000000632,-6.143000000000143,-32.12800000000016,-8.908000000002403,9.11299999999926,0.7200000000004536,-17.586000000000013
-4.967999999996664,238.07999999999936,-11.365000000000691,-62.88500000000568,172.5290000000001,-20.20300000001498,-13.195999999993546,173.20399999999552,9.032999999999449,18.63400000000865,96.15400000000136,155.87100000002465,19.54900000000066,57.41600000000062,48.32800000001498,330.61500000000024,-252.3559999999975,238.42799999999897,386.8100000000027,813.2970000000057,687.6039999999989,8.46300000000042,48.17999999999998,-74.03600000000097,216.1800000000028,-67.51700000000014,-105.27400000000851,19.34200000000601,-29.013000000000133,-232.6970000000074,5.858999999998105,-29.00399999999763,1.8979999999942263,-31.11900000000105,-46.0889999999992,-28.546000000005733,-3.4909999999996444,-49.6309999999994,-3.5159999999905267,-2.1579999999971733,-26.53200000000311,3.3020000000078653,3.7170000000003256,-18.841000000003305,-2.429000000000769,-17.000999999999067,-65.22999999999968,-20.85500000000025,-2.4010000000032505,14.773999999994205,0.2330000000000609,-0.2759999999994988,1.2689999999963677,-0.5620000000000402,-1.544000000012602,-2.3960000000016635,2.080000000000126,-36.90799999999968,-25.478999999999985,-4.7240000000101645,-20.69399999999746,-47.52200000000073,-10.860999999999876,-9.832000000000107,-15.399999999999991,-8.777000000003454,-34.23099999999977,-23.577999999999832,2.557000000000187,6.795999999999935,-6.529000000000451,-18.144000000000204,-1.384000000000185,-3.508000000000777,0.5060000000000286,8.208999999999378,-17.15499999999963,7.889000000000124,-1.2940000000014606,-0.3969999999981155,1.151000000000124,-145.28499999999838,-325.17,50.96399999999903,5.124000000000706,-12.414000000000414,-12.53900000000101
-10.632000000009612,231.25300000000092,-14.550999999983103,30.92100000000073,265.1309999999995,-5.102999999985514,-10.766000000000986,157.4810000000042,-2.9539999999997235,20.38599999999633,104.6449999999993,161.69499999998607,3.310999999996511,56.76799999999957,42.66399999996793,410.44299999999794,-240.8930000000055,217.0280000000048,371.0629999999924,868.732,639.4040000000018,8.419000000003507,47.73799999999966,-81.73799999999574,196.0239999999999,-70.78999999999951,-108.04399999999532,7.714999999996053,-16.78099999999958,-224.57899999999427,5.459999999999354,-32.00300000000311,2.0200000000045293,-26.44300000000044,-48.100000000000165,-23.113999999998214,-5.7089999999988095,-43.46299999999701,-6.26199999999244,-2.0810000000039963,-30.044999999995525,2.6240000000029795,-3.0880000000024665,-28.19499999999948,-2.795000000003256,13.818000000003394,35.259999999999536,25.774999999998727,-0.180000000000291,-15.466999999995323,-1.7199999999988336,-1.439999999999486,3.106999999999971,-1.0349999999995418,-0.0639999999975771,-0.4409999999978709,0.8189999999999031,-27.562999999997828,-29.31600000000003,-10.919000000001231,-9.851000000003296,-39.17199999999923,-18.36299999998801,6.059999999999377,-236.40100000000004,-72.92499999999791,2.62299999999982,-10.717,-13.58200000000096,9.919000000000011,-3.7930000000002906,-19.55400000000012,-6.146999999999991,-2.738999999999692,3.193000000000268,-3.514999999998736,-24.41400000000158,3.866000000004988,33.67800000000045,-7.331999999999539,-9.998000000000218,179.45299999999804,374.5179999999991,-129.13499999999658,6.009999999999138,-13.527999999999452,-11.048999999999864
-16.65699999999788,218.31999999999996,-7.458000000019638,-29.595999999992276,206.74600000000112,-9.96099999999842,-1.7889999999965769,158.1940000000003,-12.474999999994909,19.171000000005733,129.95599999999854,161.87700000000405,5.759000000000469,50.72099999999864,40.893000000005486,478.0849999999987,-257.27600000000166,198.84099999999307,350.4700000000071,919.3780000000004,562.9699999999957,7.028999999999996,48.602000000000345,-77.63700000000426,178.73499999999467,-78.87699999999995,-110.16899999999625,0.9950000000003456,-6.011000000000166,-218.76800000000003,-0.240999999999758,-38.195999999993546,2.0999999999958163,-23.306000000002317,4.504000000000019,-18.74400000000378,-8.883000000000152,-45.456000000001495,-9.936000000016064,-1.6970000000014809,-26.20200000000068,2.3500000000012733,-1.8619999999998529,-4.928999999998496,-1.5169999999955053,0.0579999999956726,-15.07699999999943,2.276000000000522,-0.6079999999997199,-0.6340000000022883,-2.0770000000013056,-0.1710000000002765,0.3170000000011441,-1.811000000000007,-0.180000000000291,-1.1290000000002465,0.3360000000000696,-21.34399999999914,-32.70699999999991,-15.008000000000266,-19.86599999999896,-40.00699999999995,-11.981000000008637,-0.8809999999982665,76.6770000000001,27.12399999999775,32.9340000000002,-0.7829999999998449,-30.988999999999574,4.038999999999504,-2.90199999999885,-14.318000000000096,-4.699999999999704,-2.4879999999996016,5.607999999999436,0.2349999999978536,-21.60099999999829,3.3299999999997,-33.11099999999669,8.027999999995927,13.756999999999664,-39.15599999999984,-113.91199999999913,30.309999999997217,3.090000000000259,6.933000000000078,-17.400999999999556
-40.72200000000521,201.80199999999783,-38.84299999997438,-35.30900000000656,193.535,-17.981000000008862,-33.70899999999892,152.28099999999927,15.893000000005486,28.087999999991094,114.5780000000002,171.74099999999726,2.060000000000173,47.677000000004455,42.11400000001504,576.4319999999998,-139.67199999999593,128.00300000001243,333.46599999999853,984.3479999999944,494.75700000000415,-0.1010000000007949,49.47999999999979,-79.32099999998172,165.50300000000107,-79.19600000000031,-106.18799999999736,-6.983000000002448,-0.7089999999998042,-203.75999999999976,-3.949000000000069,-38.59000000000492,4.266000000006898,-15.905999999995402,-40.916,-27.12999999999965,-10.543000000001255,-40.08499999999913,-10.583999999994376,-2.1789999999953125,-38.38200000000143,1.0620000000017171,-6.592000000000553,-32.12300000000141,-5.631000000005315,-9.591999999997824,-18.40699999999913,4.53200000000038,-0.8240000000000691,-4.672999999996819,-1.9789999999986208,-0.7920000000012806,1.9470000000012533,2.653999999999712,0.3229999999973643,0.1739999999983865,0.5429999999996937,-12.546000000003232,-21.87199999999976,-11.273999999991702,-0.8370000000013533,-25.89800000000011,-18.295000000000528,-9.152000000000273,-9.570000000000078,-10.192999999998165,-35.851000000000255,-17.437000000000324,4.174000000000433,2.8590000000001226,-1.039000000000101,-16.178000000000026,-4.256999999999778,-0.6570000000010623,-1.6429999999992615,-12.493999999998096,-26.0469999999998,5.083999999999378,-2.204000000003248,-4.824999999996749,-1.1820000000000164,0.1310000000017908,-19.900999999998703,-13.195999999987862,1.8860000000017865,-12.08000000000098,-9.547000000000594
-31.97699999999486,204.51400000000035,-1.7950000000155342,-31.84200000000601,193.05399999999796,-6.700999999998203,-18.50600000000213,144.45100000000082,-6.433000000015454,77.81400000000076,159.53400000000215,200.4270000000133,-2.035999999998239,43.21899999999914,41.37000000000626,656.5430000000049,-165.89999999999918,101.70899999998257,305.52300000000514,1012.677000000008,416.14999999999327,-1.7179999999996198,43.945999999999685,-75.35400000001573,143.3930000000032,-83.93299999999968,-103.98000000000138,-5.272999999999684,4.147999999999996,-197.21600000000308,-7.952999999997701,-44.11000000000058,4.797999999993863,-7.830999999998767,-91.62500000000053,-33.52599999999484,-12.672000000000594,-32.4670000000026,-8.312999999998283,-3.823999999991656,-36.40199999999823,4.803999999990083,-5.563000000000784,-52.53599999999778,15.567000000004327,-6.799000000000888,-22.30199999999911,4.984000000001743,0.6350000000054479,-1.616999999998825,-2.488999999999919,-2.159000000000333,-1.9069999999999252,-0.6610000000002003,0.6380000000035579,-1.175999999998112,-0.4459999999994579,-2.92999999999779,-23.26499999999996,-14.629999999999654,-0.866999999999507,-24.202000000000368,-16.049000000003844,-3.209000000001083,-21.729999999999805,-11.763999999999442,33.44200000000015,4.532000000000025,-27.311000000000263,-3.2869999999995514,-2.0790000000005198,-13.481999999999772,-0.7919999999998595,-5.19999999999925,4.836999999999847,-9.201000000001612,-30.631999999999948,5.761999999998579,2.8520000000014534,-2.805000000003588,0.0349999999997407,-1.237000000000421,-15.904000000001872,-17.975000000012642,-3.290000000001214,-0.7889999999996178,-14.076999999998918
-40.93000000000302,197.56299999999956,2.7350000000069485,-55.82899999999427,182.54400000000143,2.6360000000067885,-37.38999999999351,140.47199999999975,8.52100000001883,34.5519999999965,137.18599999999697,165.74699999998757,-4.660000000001219,42.94800000000123,43.82299999999759,698.793999999998,-82.15299999999388,67.08900000000995,274.89699999999857,1045.5619999999954,336.676,-14.2120000000034,44.06100000000066,-72.99799999998413,125.8420000000001,-88.51399999999998,-100.84200000001148,-13.30600000000004,9.50199999999981,-169.75800000000163,-12.90000000000191,-46.05700000000184,9.307000000001151,-2.902000000005956,-43.38499999999925,-25.054999999997563,-16.4670000000001,-28.454999999996744,-9.97299999999086,-3.7960000000111904,-45.87400000000344,6.146000000012464,-14.83199999999556,-25.569999999999027,-6.967000000003054,-5.565999999998894,-24.581000000000586,4.686999999995578,-0.940000000002783,-8.374000000003434,-0.4620000000016944,0.5340000000018108,1.2299999999981992,-1.449999999999818,0.121999999998934,-1.449999999999818,1.448999999999501,0.8239999999943848,-24.56800000000001,-20.95300000000861,0.5280000000027485,-20.056000000000296,-17.9079999999999,-1.2730000000004793,-9.338000000000337,-9.744999999998072,0.1249999999998863,-6.596000000000046,-13.760999999999513,-3.617000000000559,-4.4719999999998095,-16.40999999999977,-1.0330000000010386,2.115999999999474,4.286999999999352,-12.292999999999664,-23.535000000001105,13.29600000000255,2.5029999999986785,-4.3129999999962365,3.6150000000006335,1.5929999999997335,-10.358999999999696,-17.806999999987738,-1.784000000000674,-1.068000000000069,-16.798000000000002
-50.165000000004056,190.1009999999985,7.238999999981388,-49.27999999999884,184.1119999999961,12.988999999993212,-56.62300000001324,135.66699999999798,26.903999999990447,35.02200000000357,147.25900000000252,163.9280000000099,-8.749000000000251,38.5069999999871,46.53399999999692,785.7579999999984,-19.26300000000083,16.675000000009277,242.15000000000373,1068.592000000001,264.9970000000053,-18.430000000000742,43.2859999999998,-68.61600000002,104.40399999999954,-84.89300000000028,-98.413000000005,-19.38400000000229,19.039000000000076,-188.09800000000223,-16.951999999997724,-49.9719999999968,10.40699999999788,1.5750000000025466,-36.339000000000965,-24.97600000000375,-21.4100000000002,-22.46099999999842,-8.972000000017033,-6.279999999998154,-49.223999999998114,4.755000000000109,-15.448000000003503,-39.03500000000122,11.722000000003163,-9.818000000001348,-25.964000000001874,3.977000000003272,-4.370000000000118,-6.112999999999147,0.5740000000002965,0.3020000000020673,-2.6549999999986085,-1.5349999999997976,0.968000000000302,-4.358000000001994,3.097000000000349,10.565000000002556,-9.055000000000035,-10.564999999996871,10.576999999997838,-9.372999999999363,-21.06599999999617,4.258000000001516,-14.90199999999966,-17.53500000000372,-1.7559999999996023,-4.604999999999748,-10.108000000001027,-2.0429999999997506,-4.764000000000124,-16.033000000000186,2.050000000001262,-7.26099999999974,9.789999999999566,-8.212000000003172,-36.70600000000093,-0.1430000000027576,-1.910999999998353,-3.206000000000131,4.080999999999335,-0.0720000000001164,-21.201000000000647,-15.643000000000027,-2.5199999999998117,-17.668999999999357,-9.80300000000085
-59.22799999999597,182.740000000004,16.357000000016342,-60.6010000000083,167.17400000000282,12.29200000000219,-58.19099999999935,126.212000000001,14.22099999999773,-12.121999999999389,164.87500000000068,146.6069999999945,-16.77299999999491,36.53200000001107,47.082000000000335,820.107999999999,79.66899999998986,-21.532999999999447,216.3699999999949,1087.8199999999993,176.0249999999928,-27.00499999999693,40.87199999999953,-68.29799999998158,84.94299999999839,-84.85700000000023,-97.09499999999024,-22.50399999999217,17.325999999999908,-152.3619999999937,-23.633000000000948,-51.06200000000172,11.444000000005872,7.3599999999999,14.470000000000027,-15.539000000001124,-20.114999999998417,-23.8770000000045,-9.801999999990583,-25.091999999995096,-99.39600000000156,12.761999999986529,-20.25099999999611,-48.67900000000418,1.20900000000006,-8.449999999999136,-26.072999999999524,3.9029999999968368,-2.9999999999972715,-4.6320000000037,-4.8749999999998295,0.4169999999959373,-0.4549999999994725,-2.125999999999806,-1.368000000002212,-3.2159999999976208,-0.4289999999997462,29.840999999998985,-30.84300000000013,-39.14800000000014,8.263999999999783,-8.033000000000357,-16.59900000000789,3.7979999999976144,-13.877000000000097,-14.150999999998248,-0.3610000000001889,-5.127000000000237,-9.46299999999951,-4.504999999999626,0.6730000000004566,-17.443000000000097,-0.6350000000011846,-3.020999999999674,3.4170000000010248,-7.488999999998214,-32.777999999999,10.390999999998485,0.8499999999997954,-7.204000000001543,-0.7049999999992451,4.087999999998715,-11.623999999999056,-19.64700000000903,-4.829999999999757,2.0859999999991885,-14.027999999998997
-69.36099999999215,174.9449999999996,21.60599999999704,-98.97499999999582,130.4949999999991,25.81800000000385,-49.93200000000115,120.5459999999988,6.432999999992717,32.781999999997424,151.79699999999912,166.46699999998873,-10.48200000000179,38.202000000001135,29.55299999998715,875.3379999999993,150.61000000000604,-59.7780000000057,184.1859999999997,1094.962000000004,78.0210000000011,-37.96100000000138,47.35200000000077,-59.36300000000756,60.903999999999314,-69.33900000000008,-89.92900000000645,-31.0980000000086,13.796999999999926,-136.82200000000648,-25.263000000001057,-63.71199999999817,7.531999999991967,7.952999999997701,-35.97299999999848,-23.529999999993837,-23.97799999999961,-21.55700000000138,-8.837999999991553,-12.857000000008156,-50.48800000000142,6.403000000011616,-21.35600000000295,-34.57299999999464,2.397999999999456,-17.898999999999887,-30.017999999998324,7.123000000001412,-2.502000000004045,-3.12799999999811,2.473000000000525,-0.7999999999981355,-1.6230000000007294,0.7970000000000255,-0.0759999999957017,-2.780000000001337,0.1840000000001396,25.71399999999926,-20.13999999999996,-10.424999999997908,12.552000000002296,0.8609999999997342,-20.05899999999201,9.507000000002108,0.4239999999999355,-11.328000000003158,-0.4590000000000316,1.6210000000000946,-12.521999999999878,-6.776999999999589,-2.1120000000010464,-12.641999999999598,3.3270000000001687,-2.6370000000000005,-0.3340000000001453,-13.531000000000404,-33.21300000000065,6.936999999999216,34.754999999998404,-11.881999999999948,-9.114999999999895,1.7070000000018126,-15.6320000000008,-15.71999999999889,-0.1289999999997348,-17.470999999999748,-9.11000000000115
-78.97299999999632,169.5459999999997,33.423000000016145,-79.65699999999742,163.11800000000005,39.04999999999745,-84.14299999999457,114.79900000000214,33.338000000003376,28.02199999999857,166.7730000000006,157.26300000001174,-33.86600000000044,30.93900000000076,55.75000000001182,919.8950000000082,225.7269999999949,-99.19400000001131,154.7239999999988,1134.0269999999975,-21.96599999999762,-42.18700000000126,41.53199999999941,-60.42500000000928,41.946000000001504,-70.7659999999997,-89.70999999999094,-21.67899999999463,3.3100000000001017,-111.15099999999528,-29.980000000000476,-59.02399999999943,11.17500000000291,8.960000000001855,-37.668000000000745,-24.52299999999923,-27.28000000000179,-19.24199999999701,-8.825999999999112,-15.74399999999514,-65.55500000000052,8.28799999999319,-25.24099999999976,-31.76900000000273,0.8579999999994925,-31.7169999999976,-72.59800000000212,-16.65999999999599,-0.6689999999991869,-2.3410000000012587,-0.3509999999991464,-0.1920000000012578,-0.7330000000024484,0.7550000000001944,0.5589999999983775,-0.1869999999996707,2.179999999999893,36.81900000000269,-37.64699999999976,-28.9670000000001,27.520999999998708,2.5230000000007635,-20.68500000000313,13.4539999999987,-3.49800000000009,-13.089000000002216,1.4510000000001355,1.7130000000001644,-8.19800000000015,-6.6770000000005325,1.3770000000008054,-13.277000000000072,1.3410000000007471,2.620999999999185,-1.5689999999999316,-16.000999999999976,-39.35400000000016,5.560000000002674,-35.68699999999865,4.115000000001601,15.31699999999887,2.240000000000464,-19.853999999999417,-17.090000000001737,-4.322000000000514,-6.516999999999484,-11.584999999999468
-86.01700000000392,164.33299999999917,37.75699999998778,-58.90500000000429,158.73700000000213,47.253999999998086,-84.32099999999991,108.77399999999966,23.32699999999477,27.746000000001917,174.02000000000157,151.17199999999684,-26.400000000001,30.98399999999515,39.19700000001285,950.6469999999922,304.75400000000263,-133.5689999999886,154.3639999999982,1081.520999999998,-105.08399999999938,-49.30999999999699,44.42800000000062,-57.54399999998441,19.85800000000495,-41.34899999999959,-78.35700000000543,42.69999999999072,-6.873000000000218,-64.41099999999551,-33.346999999997706,-59.67400000000112,12.171000000000731,12.76900000000296,-90.2950000000004,-32.59900000000471,-25.87699999999984,-18.907999999998992,-10.400000000004184,2.398999999996932,-5.694999999997208,-0.5670000000009168,-13.736000000000104,76.39100000000099,-31.186000000002423,12.216000000000804,24.206000000000927,28.585999999995693,-2.9080000000021755,-5.932999999998856,0.0099999999989108,0.0900000000001455,1.1410000000012133,-0.0460000000003901,0.5269999999995889,-3.555000000000064,0.7139999999999702,16.93700000000149,19.49199999999962,15.521000000001097,24.091999999998848,10.541999999999518,-18.93299999999272,14.002999999999588,1.0090000000001709,-17.046999999996615,0.7289999999997576,5.838999999999928,-7.658000000000698,-10.702999999999465,-1.566000000001111,-12.938000000000471,9.601999999999578,-0.3819999999990386,-3.35500000000053,-11.708999999996196,-31.960000000000832,7.337000000001126,-3.132999999999697,-4.721000000000686,1.6960000000011632,6.429999999997449,-4.63100000000054,-25.44799999999441,-2.7379999999993743,0.2859999999998308,-16.822000000000514
-98.46800000000258,152.3300000000006,43.968999999992775,-32.696999999996024,187.224999999998,50.6099999999833,-74.43200000000161,98.89199999999788,5.201000000010936,27.61299999999665,178.4969999999987,144.73900000000413,-26.562999999998738,27.359000000001288,33.348999999975604,975.0030000000038,380.25599999999713,-165.23500000000695,141.48600000000897,1094.3849999999998,-207.2940000000017,-56.89399999999978,46.28099999999975,-51.56200000001263,9.862999999995736,-47.273000000000565,-72.85100000001421,-73.71200000000044,-12.27400000000003,-104.60199999999986,-36.32499999999936,-63.1779999999992,10.424000000000431,5.843999999996186,-78.00599999999918,-37.74399999999787,-26.63699999999949,-16.80600000000254,-10.022000000003572,-34.375,-71.45699999999806,2.5200000000040745,-23.62099999999714,-35.964000000001306,1.1959999999987758,-28.85699999999929,-77.2199999999998,-13.381999999995742,-2.767999999997528,-1.9279999999980648,-4.196000000000311,-42.70799999999895,1.487000000003036,19.22399999999982,-0.0299999999981537,-1.7609999999990578,0.4949999999993792,41.50699999999574,-21.43299999999968,-16.174000000000888,30.7690000000008,14.057999999999993,-18.4970000000078,22.174000000001115,1.5440000000001677,-17.09900000000175,3.8640000000000896,8.819000000000088,-8.439999999998804,-13.47600000000142,2.769000000000688,-12.473999999999563,12.32700000000051,-1.3040000000003715,-1.2309999999999377,-8.487000000002354,-22.626999999999956,8.778999999998405,1.8009999999975437,-3.5470000000003665,2.355000000000018,6.2180000000012114,-15.588999999999942,-22.39700000000653,-7.475000000000875,-12.29099999999974,-12.344999999999118
-108.15999999999804,148.84899999999843,53.234999999995125,-118.11500000000024,122.42900000000247,61.37700000001587,-99.18199999999617,89.73600000000204,23.16800000000967,28.65600000000086,182.6480000000004,141.52799999999388,-30.324999999999136,27.48399999999833,35.55900000001202,976.3640000000008,493.15800000000536,-184.04500000001465,157.98299999999017,1052.4659999999926,-273.2059999999933,-57.154000000002725,37.26899999999986,-39.66099999997823,-1.8460000000004584,-42.6089999999995,-63.54999999998654,-13.952999999992244,-15.83499999999951,-58.50799999999481,-33.39200000000346,-64.87099999999941,9.028000000000702,13.03100000000086,-35.169000000000494,-27.259000000003653,-30.190999999999235,-16.92499999999768,-12.927000000013322,-24.014999999997144,-63.68100000000254,6.24400000000378,-30.362000000002357,-141.17499999999836,33.148000000005595,9.384000000000016,24.897999999998888,26.0249999999985,-0.7290000000011787,-7.319000000001097,0.0970000000009463,43.34999999999809,-3.1010000000037508,-23.41799999999949,-0.9460000000046876,-0.8650000000017144,0.617000000000445,67.59400000000255,-96.03600000000014,-52.95500000000857,32.583999999999946,17.278000000000304,-21.727999999995973,18.737999999999037,2.3819999999997066,-17.94800000000123,2.215999999999952,6.167999999999907,-10.237000000000762,-13.304999999999012,3.381000000000256,-15.135000000000076,10.504000000000246,0.0079999999996971,-3.953999999999525,-8.634000000000697,-35.627999999999815,4.374000000001388,-0.4579999999975825,-4.058000000000561,-0.849000000000899,2.3760000000009995,-18.394999999999584,-19.916000000000626,-4.066999999999155,-10.680999999999583,-12.38000000000028
-111.8530000000078,145.13600000000224,58.32500000001346,-78.03900000000112,159.7629999999981,71.20399999998881,-127.97199999999977,49.7019999999992,53.08899999999994,28.973000000007687,187.1309999999994,143.25000000001182,-30.81099999999992,15.958000000000538,32.81299999998737,974.9509999999988,569.1710000000057,-209.57099999998263,180.03499999999804,1046.9850000000122,-324.8590000000036,-68.33799999999997,31.363999999999947,-32.629000000019914,-8.782999999999674,-40.9399999999998,-48.66899999999532,-11.542000000008557,-9.504000000000444,-45.96600000002127,-36.7369999999994,-66.25400000000354,9.19099999999844,15.625,31.84200000000033,-10.668999999995776,-32.2180000000003,-17.205999999998767,-13.098999999988337,-25.38400000000252,-52.1569999999997,7.800999999994929,-9.762000000000626,62.28999999999587,-30.22100000000023,-31.808000000000906,-73.85099999999909,-18.869000000000824,-4.018999999999551,-4.4519999999977244,-3.262000000000853,0.4820000000023583,-0.8510000000001128,-1.9160000000006503,0.0240000000019335,-0.838999999999146,0.2949999999998454,40.523999999999205,-44.38600000000008,-21.043999999983495,36.17900000000134,23.64899999999963,-21.57900000000268,21.55100000000232,1.473999999999975,-19.399999999996,-2.3020000000002483,9.891000000000004,-9.759999999999993,-14.98200000000054,2.199999999999136,-13.59600000000043,9.366999999998882,-1.9779999999997244,-6.940000000000168,-18.95099999999843,-31.734999999997623,5.874000000000024,-0.0550000000004047,-5.23900000000026,-1.7139999999997713,2.326999999999657,-15.52599999999842,-28.768999999999775,-8.115000000000805,-3.993000000000535,-17.267999999999972
-138.8249999999971,119.91599999999778,22.46099999999842,-44.01900000000296,186.37200000000007,68.88400000000274,-107.4220000000082,74.98699999999872,23.241999999982,43.77999999999247,195.38200000000077,131.49399999997513,-23.745999999999867,5.9720000000027085,23.04699999999684,965.2989999999988,663.7629999999945,-205.18799999999828,183.362000000011,1042.3709999999971,-384.7539999999981,-75.88799999999765,25.20900000000026,-23.53499999999258,-16.85200000000009,-40.46900000000022,-40.85700000000543,-21.96599999998625,-0.1099999999997436,-37.52399999998488,-32.65999999999849,-49.69099999999571,15.064000000006672,18.915000000004056,-72.00600000000037,-26.526000000001204,-33.51700000000051,-21.593999999998918,-15.72200000000521,-37.10699999999747,-115.360000000004,14.29400000000669,-30.2250000000015,-127.98499999999537,24.993999999998096,-7.172000000002754,-23.38900000000024,1.163000000002512,-1.6329999999982192,0.702000000001135,-3.1489999999990914,0.9460000000018454,0.8970000000033451,-3.5039999999995075,0.1990000000034797,-1.6970000000014809,-1.2230000000002406,4.599000000001752,55.201999999999884,31.462999999996555,37.3519999999985,24.56900000000033,-16.15600000000086,17.852999999996655,2.505999999999986,-23.59000000000151,2.6290000000003038,4.601999999999862,-9.732999999999947,-16.59299999999959,3.821000000000652,-15.91499999999968,11.558000000000844,-1.2789999999995416,-3.8539999999997576,-9.139999999996462,-32.82000000000096,1.6269999999963147,-1.5440000000012333,-2.2399999999976217,5.034999999999457,1.6009999999994309,-24.720000000002077,-27.45299999999702,-8.176999999999168,-10.30800000000056,-15.800000000000123
-98.70600000000422,155.76300000000174,99.6099999999842,-126.77599999999528,137.69300000000158,79.11400000000413,-111.35299999999688,63.21200000000147,27.67300000000432,50.689999999997326,202.3619999999994,126.37900000001991,-24.16600000000244,-9.964000000002216,21.777000000020053,945.947000000001,746.6859999999997,-195.3359999999975,221.16700000000264,1029.079999999999,-416.217000000006,-78.38999999999032,13.692999999999955,-14.4170000000031,-26.07700000000364,-35.69300000000055,-28.809000000001102,-24.835000000007312,9.594999999999844,-28.98600000000897,-49.587999999999965,-52.09700000000339,11.248999999997976,12.18499999999949,10.594000000000392,-16.925000000003365,-32.615999999998735,-17.7340000000072,-17.49299999999039,-24.691000000001395,-51.72099999999773,1.7329999999901702,-16.83400000000006,-49.78000000000407,4.910000000000991,17.85600000000045,33.03500000000099,26.778999999999087,-1.1960000000044602,-6.467000000003509,-0.4990000000006489,-2.8240000000039345,0.1859999999965111,1.3669999999997628,0.7659999999987122,-0.9749999999996816,2.546000000000248,83.95699999999806,-156.90499999999972,-81.59799999999677,38.42999999999961,22.0089999999999,-20.43799999999578,15.99400000000344,7.342000000000226,-17.126000000001795,-4.012999999999778,8.905999999999992,-6.887000000000398,-14.305000000000945,1.18399999999923,-9.881000000000029,11.266999999999427,-0.169999999999959,-10.079999999999956,14.693999999997231,-42.65900000000045,14.856000000003178,-1.302999999998633,-3.664000000000556,0.0790000000009172,2.087000000003058,-16.843000000000075,-31.098000000002912,-6.83700000000016,-1.6629999999999256,-14.419999999999789
-109.36900000000378,150.08200000000045,93.10300000001916,-56.25,201.78499999999812,86.95000000000164,-80.65799999999399,75.11499999999955,-2.4290000000064538,60.52300000000059,218.97299999999973,98.58400000000528,-22.721000000001368,-17.146999999999935,17.125999999984742,916.7539999999974,787.5299999999925,-184.7050000000081,180.6339999999864,967.3859999999992,-500.927999999999,-78.41500000001247,9.10999999999973,-6.46999999999025,-30.355999999994765,-38.63799999999955,-20.6670000000031,-29.9199999999928,14.004999999999868,-16.936999999995805,-43.856999999997015,-99.87199999999916,-10.572000000001935,13.375999999993835,-35.925000000000296,-22.100000000000364,-32.72200000000112,-21.73199999999724,-17.63900000000831,-21.710999999999103,-60.69999999999709,11.402000000009592,-13.551999999998545,-42.31599999999389,5.233999999995831,-6.389999999998963,-18.874999999999886,3.7049999999965166,0.2319999999997435,-21.258000000000266,13.269999999999982,-40.64300000000003,0.7260000000030686,18.2859999999998,-1.7519999999990432,-0.7399999999989859,-0.6920000000000925,48.16299999999956,-60.80600000000018,-27.52700000000914,30.895000000001005,19.662999999999897,-15.628000000003794,9.957999999997469,-132.7670000000001,-64.96299999999451,-5.3770000000000095,6.684000000000268,-8.699999999998909,-14.97799999999927,4.597000000001117,-7.330999999999932,3.6940000000001305,5.1209999999997535,-7.018999999999664,-5.200000000002092,-27.18500000000006,5.434999999999945,-0.3209999999995716,-17.27600000000109,2.4119999999996367,1.173999999997477,-21.642999999998835,-23.05900000000065,-10.890000000000557,-0.1749999999994145,-12.603000000000009
-134.06899999998814,135.5169999999987,71.28900000000158,-93.63400000000864,174.40300000000093,76.45299999999224,-145.78800000000456,16.060999999999126,66.0280000000057,69.53700000000254,238.77600000000143,72.59500000000116,4.285000000004402,-26.467999999999847,0.8790000000090004,882.2230000000047,822.1740000000068,-175.92799999999897,141.5770000000066,927.5329999999996,-550.8719999999926,-91.05500000000006,5.725999999999942,9.264999999982138,-33.2240000000013,-42.86200000000022,-7.921999999985019,-29.93700000000672,14.44800000000015,-7.544000000007145,-31.18000000000052,-59.46299999999951,6.46399999999403,9.1920000000016,-95.54700000000054,-26.68499999999767,-31.16200000000049,-24.4199999999978,-14.588000000003376,-5.651000000000295,-3.005999999999176,-1.2150000000019645,-8.193999999997459,-27.853000000004613,-0.7199999999954798,-27.866000000000213,-73.41399999999965,-22.26599999999621,0.8200000000044838,-3.347999999999729,-2.130999999999972,43.12900000000184,-3.4539999999992688,-21.07299999999981,-0.0550000000032468,-1.5060000000005402,-0.7460000000001799,-29.73700000000008,128.47700000000015,68.62200000000485,20.536999999998784,19.70799999999997,-11.235999999996691,13.932000000002631,145.6199999999999,34.30799999999863,-5.696999999999974,3.3229999999996096,-6.056999999999846,-13.46500000000006,2.805000000000746,-7.173000000000229,-6.27099999999956,4.130999999999574,-5.4620000000007,-30.26100000000156,-9.74599999999839,-1.3730000000009568,-2.286000000000854,9.183000000001584,-1.3859999999993988,-3.58500000000106,-19.3160000000006,-20.947000000001022,-8.266999999999314,4.311999999999472,-8.315000000000339
-134.34499999999616,129.65499999999963,74.49899999999161,-99.7859999999946,191.26599999999883,92.4560000000156,-89.31299999999283,55.10400000000004,2.90500000000975,83.09299999999666,244.86399999999549,57.995999999980086,-7.04300000000444,-47.01599999999644,0.684000000001106,844.7509999999966,848.0050000000006,-168.5549999999921,200.68299999999223,869.8509999999999,-563.6780000000044,-101.95699999999874,4.172000000000509,10.131999999998698,-34.93700000000217,-42.61199999999974,-0.476000000003296,-27.894000000003416,13.84699999999981,1.4340000000061082,-31.10900000000356,-54.43700000000149,5.658000000005359,1.4409999999998035,-38.95999999999873,-14.81300000000374,-32.37499999999898,-26.99000000000069,-14.037999999982276,-3.702000000004091,-32.968000000005304,7.238999999992757,-7.34300000000303,-22.201999999998637,-0.482999999991307,-1.102000000003045,-15.726000000000797,1.8469999999979336,0.3729999999961819,-4.311999999998761,-1.8599999999992176,-2.951000000001613,-0.6320000000016535,-3.33699999999979,-0.7319999999992888,0.2700000000004365,0.8200000000002206,25.421999999997524,-21.411000000000517,-8.386000000007243,20.088000000001216,15.744000000000112,-10.459000000003016,5.722000000000094,2.842000000000056,-11.993000000001077,-8.586999999999989,6.677000000000177,-6.48000000000053,-11.133999999999844,6.775999999999272,-5.301999999999651,0.5189999999998918,2.801000000000897,-3.637999999999408,-6.909999999999172,-28.29800000000091,-6.229000000001861,3.4629999999992838,-2.930000000000632,0.9899999999987584,-3.275999999999613,-6.131000000000597,-17.141999999995505,-8.758000000000266,8.20099999999968,-7.093000000000416
-138.70800000000827,131.52200000000107,81.75100000000839,-76.56299999999874,240.28800000000103,92.3949999999877,-133.52100000000746,-7.424999999997794,52.3680000000013,97.19900000001188,250.99200000000224,43.04200000001401,14.366999999998598,-52.911000000000286,2.0019999999931315,796.2470000000053,869.2619999999977,-160.0210000000061,104.487000000006,804.4310000000053,-662.7569999999992,-102.78000000000134,1.174999999999926,16.980000000012296,-48.22399999999902,-37.28900000000053,1.502000000004955,-30.595999999991363,16.557000000000244,8.393000000012307,-26.972000000000666,-49.28600000000074,6.804999999997108,-1.3399999999990089,-40.09400000000056,-8.429000000000997,-29.29900000000032,-30.835000000001852,-13.025000000016009,-7.36699999999928,-38.02499999999896,8.929000000000542,0.5560000000002674,-29.49800000000096,0.9889999999870724,3.6560000000008586,-8.67200000000139,1.8190000000004147,-1.0159999999984848,18.106000000000225,-15.2930000000012,1.601999999999748,-3.4580000000005384,4.708999999999719,0.0909999999976207,0.4879999999985784,-1.6239999999996255,103.74100000000226,-246.6409999999996,-110.15599999999496,14.751999999998588,14.560000000000173,-7.506999999998243,0.4300000000000636,11.911000000000271,-6.348000000002685,-5.584000000000344,5.264999999999986,-4.326000000000363,-13.544000000000269,2.483999999999753,-3.4640000000003117,-1.444999999999652,4.14299999999912,-4.209000000000884,2.485000000001492,-22.93200000000013,6.168000000008078,-1.1390000000005784,-4.926000000000386,0.7600000000010709,-3.818000000001121,-14.376000000000031,-9.134000000000242,-7.7770000000001,-7.138999999998674,-1.7839999999992529
-156.75099999999702,119.76300000000036,65.57599999998729,-107.9340000000002,224.7620000000012,120.60599999999796,-119.54299999999876,7.742999999999256,35.68199999999706,100.96999999999524,245.8309999999983,26.04999999998654,30.4079999999999,-63.092000000000326,-4.577999999992244,739.6359999999959,875.8240000000001,-153.8090000000011,128.5090000000082,725.385,-644.2380000000071,-119.82099999999603,9.411999999999663,19.7879999999941,-55.560000000002674,-48.053999999999775,2.354999999988649,-37.51300000000128,19.815000000000182,13.34199999998873,-20.29099999999744,-40.307999999998856,8.283000000005813,-17.449999999996635,-38.559000000000765,-3.345000000001619,-29.14000000000101,-39.05899999999747,-8.482999999978347,-14.178999999995767,-53.53699999999435,-2.1719999999959327,0.5890000000022155,-22.384999999997035,3.342000000003509,4.315000000002556,-13.72700000000009,1.2479999999982283,1.292999999998301,-4.520000000002256,0.4059999999995511,0.5290000000002237,1.3489999999990232,-0.8279999999999177,0.2320000000054278,-0.2709999999979118,1.2219999999999231,23.336999999997943,-39.26499999999962,-8.063000000004195,11.842000000001462,13.794999999999646,-3.1740000000013424,2.207999999998833,9.382999999999695,-7.675000000000409,-5.893999999999977,4.161000000000215,-3.896999999999196,-6.986999999999455,4.756999999999323,-1.9259999999995612,-1.4250000000004093,2.336999999999989,-5.65599999999904,7.976999999999634,-14.372000000000185,8.525999999994838,2.818999999999505,1.3460000000009131,5.198000000000036,-4.349999999999454,-0.5389999999991346,-6.15799999999922,-7.9139999999995325,5.274999999998897,-10.623999999999969
-151.44599999999855,128.52299999999843,101.08600000000934,-115.33299999999826,244.3889999999982,119.15200000000824,-126.04999999999792,-0.0040000000012696,34.11799999998948,103.72899999999844,221.7340000000036,15.453999999999724,29.14700000000039,-84.5670000000041,0.793999999996231,680.2189999999996,862.262000000004,-149.36499999998887,104.88299999999526,679.2779999999937,-648.4859999999912,-124.68900000000076,-1.9689999999997096,16.687000000001717,-67.21199999999499,-35.83599999999976,5.799000000001797,-45.861999999999625,32.677999999999585,16.693000000009306,-16.034000000001924,-35.41900000000169,7.587000000000899,-29.08300000000281,10.744000000001108,10.84000000000742,-26.203999999998477,-49.06599999999912,-9.72900000001573,-1.0250000000041837,-29.50100000000475,7.024999999998727,5.6609999999977845,-4.452000000003409,-7.569000000000869,3.811999999999216,-6.6599999999994,3.2500000000027285,2.4420000000020536,1.1260000000049786,-1.3300000000000978,-40.98799999999869,0.5980000000022301,21.89399999999964,2.9419999999959145,0.332000000000221,-0.3090000000000259,4.638000000005604,-26.52900000000073,2.721999999994296,1.5090000000014925,15.274000000000145,0.9889999999984412,0.2809999999982437,6.446000000000041,-7.015999999998712,-4.415000000000191,6.290999999999869,-7.382000000001199,-6.867000000000445,4.013000000000488,-3.732000000000113,2.2570000000001755,3.172000000000708,-0.9530000000005144,1.7029999999977008,-15.318999999999503,3.7570000000016535,1.9850000000019463,-2.3760000000009995,0.7289999999997576,-6.037999999998078,-1.6959999999997422,-6.34200000000078,-6.2030000000007135,-2.884999999999849,1.2100000000003774
-144.89200000000437,137.7520000000004,129.13900000000922,-132.99499999999398,251.41299999999944,126.7949999999928,-70.31200000000126,-4.233999999999583,-12.096999999994296,112.85400000000436,221.28999999999905,-16.112999999995736,64.09300000000258,-53.75699999999597,-12.70799999999781,620.281,838.8129999999876,-144.10400000001573,97.96700000000556,631.3150000000007,-616.3030000000049,-127.97500000000356,7.043999999999784,20.801000000005843,-75.35400000000436,-35.04800000000046,9.032999999999449,-33.142000000009375,13.194000000000017,24.950999999998658,-10.91599999999744,-18.233999999995376,5.480000000000018,-45.03199999999765,-93.45500000000015,-7.506999999998243,-24.411000000000627,-50.15300000000593,-9.302000000002408,0.909000000007154,-14.4929999999988,3.912000000002536,8.663000000001375,-11.689000000001217,1.7519999999990432,7.421999999996842,-4.766999999998234,-1.386000000002241,1.9839999999987867,-20.48300000000154,14.94300000000095,43.61299999999915,-0.4450000000019827,-16.411999999999694,-0.268999999997277,0.6909999999976435,-1.2109999999999843,1.6819999999995616,-15.647999999998774,12.525000000005091,7.090999999996939,7.733000000000345,-2.114999999997736,2.395000000001346,6.403000000000247,-5.370999999996684,-5.051999999999879,6.598999999999933,-4.947999999998842,-6.730999999999909,1.6100000000008663,-2.232999999999663,0.0050000000001659,-0.0090000000000145,-2.5840000000002306,4.72400000000448,-10.882000000000858,6.612999999998692,1.523000000000252,-1.796999999999116,2.84899999999908,-10.454000000001429,4.109000000001117,-4.906999999991513,-1.0549999999994952,1.376000000000488,-4.446000000000083
-162.1340000000032,127.79800000000137,121.15399999997862,-86.73700000000508,305.29200000000003,166.3569999999936,-117.96899999999368,-34.27299999999889,25.695999999993543,135.16899999999623,177.78299999999945,-36.92700000001423,72.15600000000109,-72.68700000000194,-24.914000000012493,556.2869999999975,803.9610000000096,-132.32499999999163,107.57499999999708,582.5070000000039,-558.8319999999953,-124.22199999999748,15.84800000000044,26.733000000012908,-86.01999999999634,-19.906999999999897,15.185999999994236,-41.5520000000015,20.135000000000502,31.07299999998077,-4.739000000000715,-8.700000000004593,3.918999999996231,-56.71399999999949,-29.063000000000727,8.244999999999436,-19.78599999999915,-59.94899999999461,-13.025000000016009,4.183999999992238,-9.98499999999467,3.3939999999915926,13.184000000001106,-8.424999999999727,-0.6280000000003838,5.684999999999718,-3.334000000000969,1.2420000000020082,4.196000000001732,-0.0700000000051659,-1.8609999999995352,-40.47999999999945,-0.6930000000011205,22.70600000000016,0.1039999999989049,3.688999999999965,-0.2580000000001803,-6.064000000003489,-18.762000000000967,1.4949999999998909,-8.618999999998778,5.317999999999756,-0.1129999999989195,-5.7140000000003965,5.258999999999858,-1.6180000000019843,-36.82599999999994,-11.261999999999972,14.099999999999111,-4.36600000000027,1.3159999999999172,-4.653000000000418,0.3859999999988872,6.477999999999895,-4.317999999999245,6.45399999999654,-12.51100000000065,1.9069999999999252,1.662999999999215,-3.883000000001857,-0.0379999999992719,-7.450000000000045,-7.490000000001373,2.5149999999882766,-3.206000000000131,3.049999999999642,-6.255000000000166
-165.18499999999676,125.39199999999936,123.57200000001284,-130.13899999999694,329.6260000000018,169.2510000000084,-118.7560000000076,-59.98800000000131,20.849999999995816,114.6419999999921,196.7559999999992,-37.05999999999676,85.61700000000201,-72.7109999999982,-32.73999999998978,488.87999999999465,751.9769999999994,-128.08800000000247,89.11699999998746,519.3449999999984,-519.7200000000066,-140.01799999999776,7.296999999999798,26.513999999974654,-81.76900000000273,-31.032999999999333,18.237000000021908,-40.57599999999866,15.13499999999972,35.126000000025215,0.6160000000022592,5.511000000001332,5.1389999999969405,-73.76400000000558,-29.26300000000026,6.054999999992106,-16.86600000000169,-63.46399999999903,-8.178999999972802,8.14600000000496,4.162999999994099,3.1920000000013715,9.647000000001071,-0.1869999999996707,-5.874999999997499,24.50900000000047,47.80599999999709,20.06900000000087,-0.9369999999989886,19.555000000002565,-11.201000000001216,45.18699999999853,-0.3659999999968022,-15.146000000000017,2.0449999999982538,1.3190000000008697,-0.8250000000003865,-24.4199999999978,-7.668999999999926,18.43300000000454,-7.125999999999522,7.630999999999943,-1.8280000000004293,-5.6889999999981455,-1.345999999999847,-6.189000000000533,-4.702999999999946,-0.6900000000001683,-8.396999999999366,1.282000000000494,0.4859999999993647,-8.718000000000359,-2.69699999999915,-1.1390000000005784,-2.3060000000008074,4.270000000002483,-10.83799999999826,6.295999999997548,3.8409999999998954,-0.3969999999981155,4.582999999999515,-10.247000000001094,8.812000000000353,-0.6809999999973115,-1.2650000000007822,-7.614000000000232,-3.0550000000005184
-185.755000000006,114.9249999999995,115.93000000000302,-105.5180000000064,364.04799999999966,185.7539999999972,-108.57599999999366,-81.66699999999878,17.370000000005348,127.93600000001106,182.5739999999996,-44.05500000000302,85.45499999999606,-85.82499999999982,-36.98699999999917,420.68400000000565,689.3500000000017,-126.78200000000288,122.04600000001165,468.5639999999978,-450.5919999999946,-124.09000000000106,28.260999999999825,30.603000000019165,-97.47600000000034,-29.675000000000296,18.309999999974025,-43.12799999999015,10.37399999999984,40.58199999998351,5.044999999995525,17.74599999999964,3.388000000006741,-92.01999999999656,25.779000000001417,18.012000000010175,-15.20399999999995,-75.4760000000033,-13.659000000006928,9.75599999999872,12.801999999999223,2.502000000004045,12.712999999996557,0.9010000000046148,-3.4150000000011005,11.2920000000031,-0.00299999999811,1.8340000000023335,7.354999999995471,0.7110000000011496,-0.9249999999994428,3.294000000002484,-3.4179999999992106,3.764000000000322,0.927999999998974,3.2830000000018345,-1.9599999999996955,-28.47899999999868,-14.168000000000092,1.4710000000036416,-19.17800000000227,-2.719000000000449,-1.1599999999987176,-12.898000000001277,10.216999999999745,-4.931000000004815,-3.1790000000000878,0.9610000000002116,-6.193000000001803,2.409999999999002,0.3190000000003579,-5.89999999999975,-2.837999999999852,5.115999999999588,-4.799999999999471,15.35599999999704,-11.311000000000604,1.728000000002794,2.4360000000029918,-0.3890000000012605,4.079000000000121,-6.381999999999266,21.070999999999174,-1.3640000000009422,-0.2819999999999822,9.173000000000542,-9.662000000000148
-178.89999999999873,122.5920000000002,144.32400000000598,-168.71300000000247,400.372999999999,195.5690000000004,-106.8360000000098,-103.88399999999932,14.490000000000691,80.85300000000188,190.1610000000005,-83.47199999998338,115.97899999999868,-66.44600000000196,-41.980000000012296,359.7720000000095,628.3259999999984,-128.06399999999485,55.492999999989934,394.9370000000045,-464.3920000000094,-143.81700000000137,5.295999999999879,29.381999999986878,-97.9829999999879,-24.418000000000006,22.852000000011685,-41.620000000000346,7.501000000000246,48.6150000000066,10.948999999999389,32.468000000000075,2.3489999999924294,-90.85699999999974,-78.44700000000131,-6.177000000002408,-11.842999999998938,-72.67499999999814,-9.0460000000121,18.9329999999984,41.079000000002,6.3049999999975626,22.525000000001683,-1.844000000005508,2.0390000000020336,-10.392000000001644,-38.82899999999836,-18.25300000000425,3.051000000004933,-0.6680000000017117,1.984000000000208,0.6919999999979609,-3.1490000000019336,1.439999999999486,-1.6179999999963002,3.73599999999783,-2.1290000000000475,-45.69700000000125,-0.0399999999999067,13.677999999993062,-28.839999999999577,1.8410000000002924,-0.418000000001939,-17.701999999999884,2.786000000000044,1.00100000000225,37.94600000000017,4.861999999999966,-31.127999999998224,2.555000000000973,-1.3769999999993845,-8.838999999999686,-3.4410000000008267,1.024000000001024,-2.433000000000618,-0.1010000000007949,-1.049000000000433,-1.8100000000004,0.3729999999961819,-4.966999999999189,3.242000000000189,-12.85299999999836,12.28800000000092,2.1299999999996544,3.831000000000984,-4.000000000000625,-2.3150000000001114
-186.69999999999615,125.27800000000012,131.23799999998482,-165.2219999999943,412.89700000000096,213.4280000000217,-92.36399999999776,-111.4370000000008,8.679000000006454,138.18999999999733,167.39800000000287,-60.27800000001662,108.42600000000289,-80.24199999999837,-37.95199999999568,303.3749999999941,570.7820000000027,-118.4690000000046,88.77600000000712,332.9619999999977,-406.4269999999851,-137.885,-0.1730000000002007,34.0460000000121,-108.66100000001212,-20.57100000000034,24.40200000000914,-41.86400000000958,2.675999999999945,54.9129999999991,13.367000000005191,47.89100000000417,2.643000000000484,-115.7010000000014,-13.984000000000664,3.674000000000888,-2.053000000000793,-80.46199999999999,-10.814999999979593,7.666000000006079,30.639999999999645,1.0559999999941283,20.206000000001723,13.71800000000576,-6.733000000002676,5.124000000000706,3.77900000000011,-3.9550000000019736,3.6229999999989104,-3.6289999999951306,1.672999999999547,1.284000000001129,-5.576000000002068,1.7659999999999343,-0.8360000000038781,2.254000000002065,-0.7649999999998158,-58.41399999999908,-4.32700000000068,10.692999999992026,-32.16399999999737,-8.558000000000021,-4.135000000002265,-17.977999999999383,-0.5359999999999587,-1.7399999999952342,-37.63199999999998,-14.015999999999806,9.510000000000218,5.621000000000009,-2.88500000000056,-8.259999999999934,-4.865999999999815,5.980999999999881,-1.6320000000000334,1.4260000000035689,-7.579999999998677,-5.222000000003391,2.3449999999996862,-4.322999999999411,0.4350000000002296,-14.737999999999827,22.265999999999053,3.924999999998136,-0.7789999999999964,3.333000000000652,-9.723999999999933
-182.4100000000044,126.83099999999854,146.78899999998976,-151.49000000000115,462.61799999999766,216.9799999999896,-88.66600000000062,-125.43599999999913,3.9669999999887295,138.5919999999942,148.757999999998,-96.11799999997857,140.20699999999806,-79.15100000000166,-55.30999999998585,258.0569999999966,509.1709999999978,-115.978999999993,75.56799999999839,273.71800000000235,-353.4850000000006,-142.28200000000015,0.3450000000000841,34.75300000000061,-122.44200000000092,-21.23599999999968,35.21699999998873,-52.29499999999234,1.306999999999903,64.52699999999822,19.503999999994903,56.47599999999784,-0.6889999999998508,-106.259,-8.090999999998871,8.562999999992371,-1.8419999999991887,-81.10400000000482,-9.229000000004817,9.06999999999698,44.37300000000164,0.2560000000130458,29.720999999995,18.926999999996497,-3.1519999999943598,9.365999999999984,13.429999999999607,-1.9279999999980648,5.486999999999398,-22.66800000000444,11.35799999999989,1.676000000000499,-1.827999999994745,0.4950000000000898,-1.0709999999960471,2.732999999997787,0.1409999999999911,-78.94900000000007,13.869000000001108,19.42700000000741,-44.85500000000116,-13.286999999999694,2.4570000000039727,-26.24500000000012,3.949000000000069,-1.831000000004224,0.9619999999998186,-10.543000000000193,-9.215000000000371,6.452000000000169,-3.271000000000868,-10.243000000000537,-8.77399999999966,2.9839999999992983,-1.285999999999632,2.0870000000002165,-0.40300000000002,1.5600000000006276,-0.4109999999997171,-3.918000000001598,-0.0029999999995311,-15.928000000002385,26.758000000000948,5.395000000004302,7.5969999999998095,3.07199999999952,-8.487999999999829
-179.7179999999912,128.19800000000043,146.3019999999915,-179.11300000000665,472.2300000000018,227.90500000000972,-74.79899999999589,-126.62800000000232,-0.9519999999838548,130.21300000000338,147.31199999999944,-48.19400000001224,84.03999999999883,-98.43999999999936,-21.568999999999505,221.24600000000785,452.61500000000296,-98.25499999999464,-4.6820000000025175,223.2089999999971,-405.0540000000069,-148.54100000000017,-10.29799999999952,38.86700000000474,-146.16699999999128,45.98599999999991,34.52199999999266,-48.68700000000672,-6.792999999999694,78.25299999999515,19.470000000001164,63.695999999998776,-2.9549999999971988,-130.9849999999983,-43.80000000000024,-1.8059999999991303,3.1819999999981974,-83.99899999999434,-8.703000000014072,-7.009999999996808,37.76499999999601,-7.940000000007785,30.783000000002403,27.88100000000213,-11.364999999995009,35.95300000000066,65.26499999999942,13.934000000000424,6.911999999999807,21.978999999998905,-12.06899999999962,-39.579999999998,-0.4030000000057043,18.9700000000002,-2.206999999998516,4.07600000000059,-2.638000000000318,-81.24400000000378,2.005999999999375,7.074000000000069,-50.5030000000005,-19.33000000000007,-4.064999999991414,-26.62600000000168,-5.883000000000038,-1.3669999999990523,-5.037000000000091,-8.076999999999757,-8.862000000000592,7.464999999999833,-3.3639999999991232,-8.828999999999354,-7.313000000000613,-4.379999999999029,-0.070999999999799,-7.445999999998776,1.9909999999981665,1.4130000000022849,3.837000000001467,-1.953000000000316,0.95799999999997,-17.772999999999683,30.67399999999907,8.034999999995307,3.1189999999995166,1.5579999999999927,-2.6579999999995607
-183.1480000000056,132.6040000000006,149.69500000001972,-185.2669999999989,488.52899999999977,239.28199999998012,-70.01299999999446,-132.81399999999906,-4.52900000000227,113.78200000000334,129.41599999999767,-48.71800000000803,116.4670000000001,-73.66999999999848,-38.73300000002473,194.01299999999537,398.91700000000014,-86.25500000000557,42.2239999999988,198.53500000000395,-294.93400000000065,-146.99699999999893,-7.688999999999879,44.15299999998297,-127.30999999999996,-21.11200000000011,45.45900000000529,-53.83299999999736,-9.251000000000433,84.25900000000865,25.33300000000054,71.85999999999808,-2.9409999999984398,-112.71899999999846,28.454999999999583,25.409000000001924,10.67300000000273,-88.2910000000038,-10.572000000001935,8.248999999995021,62.372000000004846,-1.855999999997948,38.06500000000028,27.4599999999964,-3.6310000000128175,-8.88699999999858,-33.03899999999942,-27.663999999998623,6.194999999996753,-20.18199999999979,14.788000000000068,0.9899999999959164,-7.021999999994932,1.9219999999997128,0.3029999999967003,5.337000000000103,-1.7519999999997538,-102.0689999999945,41.01700000000008,29.15100000000166,-49.09600000000012,-17.22600000000014,0.1459999999894989,-32.48800000000074,-1.782000000000039,4.416000000003351,-1.7429999999997392,-8.498000000000516,-5.886999999999887,4.778000000000304,-3.5920000000004397,-5.261000000000138,-9.81999999999914,-0.7939999999990732,-2.043000000000461,5.6179999999983465,2.547000000001276,-10.898000000003094,-2.871999999999275,-0.8839999999992187,-0.2859999999998308,-23.88599999999883,28.22399999999874,13.572000000004891,-0.7769999999993615,-12.746999999999533,0.630999999999915
-171.875,145.2210000000008,161.18099999998776,-203.49699999999305,502.15100000000064,244.48300000001385,-54.87100000001419,-124.09600000000012,-9.057000000007063,106.6159999999968,123.42500000000314,-65.31999999997424,134.86900000000333,-66.54000000000337,-52.28299999998853,170.67200000000184,344.46699999999737,-75.03600000000006,33.82600000001048,165.86299999999596,-250.55599999999455,-152.72199999999998,3.478999999999388,49.55999999999676,-133.6430000000064,-34.07800000000023,48.66899999999532,-51.43500000000358,-19.12599999999962,96.40499999999292,29.37299999999823,74.25499999999943,-4.73700000000008,-125.7630000000006,-6.372999999999252,16.8329999999969,10.32199999999932,-84.46299999999951,-9.203999999999724,-1.958999999999378,30.68499999999972,3.2839999999964675,40.66399999999817,17.20500000000129,22.68600000000447,35.15300000000252,72.22299999999962,13.675000000000637,4.956000000004224,21.912000000003214,-13.03400000000039,-16.937999999998965,-5.6150000000002365,0.3590000000002646,-3.091999999998052,5.815000000001191,-1.1299999999998531,-104.74500000000262,34.069000000000926,34.34999999999491,-58.01700000000096,-26.697999999999663,3.3360000000016043,-36.30199999999775,0.4249999999998977,9.947999999997135,31.50100000000009,1.9100000000001671,-20.01899999999921,5.20699999999934,-0.696999999999548,0.4239999999995802,-13.307000000000356,6.040999999999031,-2.2680000000001144,0.6039999999984502,15.073999999998478,-4.412999999999556,1.0649999999998272,1.5870000000006712,-1.5370000000004325,-28.174000000001342,24.309000000000932,15.767999999997071,3.515999999999053,16.90399999999954,-2.2339999999999804
-190.02099999999015,142.87999999999954,131.6289999999981,-215.37499999999451,505.0739999999991,254.22299999997904,-50.71399999998789,-123.02699999999902,-11.2920000000031,89.79499999999234,115.65200000000004,-66.56500000001415,99.1299999999967,-64.54200000000014,-30.297999999993408,147.00399999999263,291.4519999999982,-67.09000000000742,39.45899999998801,136.71600000000126,-197.7600000000052,-156.67799999999943,-4.484000000000066,53.61400000001595,-156.05800000000158,8.355000000000246,52.27099999999609,-57.16499999999769,-19.29200000000044,105.99300000000083,31.476000000003523,78.13700000000381,-5.414000000007491,-124.74700000000212,-12.296000000000618,16.339000000004944,14.5639999999986,-83.61799999999562,-3.5149999999930515,10.5829999999969,79.61199999999735,-1.7029999999977008,43.9549999999997,48.578000000003385,-28.29600000000028,16.50699999999574,27.27099999999893,-6.556000000000495,7.009999999996808,-17.00400000000286,14.17200000000065,4.795000000001437,-3.078999999996768,2.1349999999998204,-0.9369999999989886,3.919999999999391,0.0390000000002999,-113.50400000000036,28.8259999999994,28.90700000000379,-70.80499999999859,-33.0210000000001,3.368999999997868,-40.77000000000055,-11.215999999999935,12.67700000000218,-5.98500000000044,-4.114999999999824,2.142999999999517,8.719000000000676,0.1429999999984943,5.7279999999998665,-12.017000000000166,5.908999999999764,0.232000000000454,8.526999999997997,14.839000000000624,0.864000000001397,-1.1219999999980246,-0.4899999999992133,2.174999999999727,-26.23999999999853,31.318000000000268,14.278999999999089,1.2330000000005723,-1.963999999999544,14.809999999999944
-187.92100000000573,141.5680000000009,132.48200000000452,-227.4780000000078,507.1439999999996,250.56200000001357,-42.38900000000285,-106.9330000000008,-9.851000000003296,90.29500000000326,100.31199999999671,-63.62299999998413,98.5870000000034,-53.02099999999541,-25.549000000000888,117.17499999999744,231.6410000000019,-57.72699999999986,39.03200000000879,100.59200000000033,-142.7909999999997,-155.23000000000025,7.972000000000179,48.80299999999807,-155.1240000000007,13.76199999999983,53.02700000002005,-52.97899999999345,-26.70199999999987,131.70200000000705,37.27700000000027,80.28899999999908,-7.469999999989341,-128.57999999999947,-10.909999999999798,26.40999999999849,16.591999999999985,-96.05200000000308,-4.9080000000003565,16.71200000000681,117.74599999999964,-9.197999999992136,48.8770000000045,41.52300000000082,-3.653000000002749,21.131000000002587,28.33400000000097,-5.783000000002403,7.803000000001248,1.8640000000004875,1.5929999999997335,1.824999999999477,-0.6840000000067903,1.4290000000002578,-1.7820000000028813,7.166999999998325,-0.6700000000002149,-111.56599999999912,21.724999999999994,36.51700000000346,-73.49499999999978,-37.05199999999991,9.476000000000797,-43.20800000000133,-7.233000000000089,21.109000000001288,-43.46299999999985,-13.730999999999938,22.643000000000768,7.232999999999379,-1.3159999999984962,10.56999999999988,-13.045999999999935,7.0929999999989946,-1.3060000000002958,10.434000000003609,22.835000000000605,-11.78600000000074,1.7889999999965769,0.681999999997629,-0.947999999999638,-125.0550000000004,-146.3639999999998,40.13100000000236,-2.7109999999993306,4.318999999999562,14.791999999999916
-170.55700000000795,182.0999999999998,166.9070000000147,-241.72300000000175,502.32500000000186,256.68900000000576,-40.228000000001884,-93.7989999999985,-11.218000000008033,90.74699999999892,100.69500000000176,-47.62000000000626,87.5159999999994,-51.97800000000257,-28.76000000001113,90.8200000000079,181.6340000000025,-55.27399999998579,30.94499999999698,86.46400000000085,-177.0270000000096,-149.9459999999999,17.7349999999997,49.31699999999637,-167.14099999999803,19.345000000000567,56.32299999999759,-64.85600000000886,-15.981999999999983,82.03699999999117,40.346999999997024,80.81700000000183,-5.573000000003958,-123.53200000000017,-11.587999999999,29.76099999999633,15.87600000000009,-78.44200000000114,-3.4049999999979264,13.360000000000127,91.39399999999682,-1.758000000006632,52.61199999999917,43.33799999999428,-1.470000000000482,19.118999999994912,34.34899999999459,-9.67099999999732,7.730000000003656,24.585000000001852,-14.611000000000727,16.65399999999977,-4.207999999999856,9.44199999999995,-1.9959999999969116,6.249000000002525,-1.5740000000000975,-156.10100000000102,81.0779999999994,72.97999999999547,-72.87100000000066,-36.01799999999997,14.093000000002576,-41.29199999999855,-9.119999999999706,20.05999999999517,-11.477000000000004,-4.617999999999967,6.68099999999896,5.566000000000315,1.847000000000776,13.255000000000194,-10.323999999999955,2.7910000000005653,-2.345999999999293,12.994000000003323,23.3319999999992,0.0390000000038526,1.6350000000016962,0.631000000001336,0.3459999999989804,50.1339999999999,177.90800000000075,7.482999999996309,-2.802000000001214,8.581999999999823,18.183000000000504
-178.92399999999498,166.3109999999989,138.96499999998468,-255.6699999999978,495.35199999999975,248.5599999999749,-36.69100000000185,-74.42500000000223,-12.95199999997294,90.6979999999976,86.87500000000341,-52.85599999999704,97.41199999999708,-31.00600000000213,-23.8039999999728,54.60199999999986,129.15099999999595,-53.68600000001607,65.48500000000104,34.01000000000067,-111.333999999988,-158.15699999999993,12.658000000000412,44.983000000002,-163.09499999999844,24.803,49.27999999999884,-66.86399999998685,-25.10399999999997,121.94900000000644,39.74300000000426,79.58599999999478,-4.912999999999101,-128.63700000000335,-8.445000000000391,36.12699999999904,16.04300000000194,-83.01999999999907,0.0610000000051513,19.119999999992388,91.24400000000604,0.0490000000013424,58.50800000000049,63.18300000000363,-2.6549999999986085,21.85400000000186,39.49100000000669,-3.241000000002714,9.591999999997824,6.784000000004653,3.0930000000012114,2.474999999998317,-2.3840000000006967,1.5929999999997335,-0.3230000000030486,8.414999999999395,0.3540000000000987,-107.80899999999748,3.3039999999999736,32.08600000000388,-71.3790000000003,-33.960000000000434,15.950999999995474,-46.08599999999967,-6.856000000000151,22.860000000002856,-15.91499999999968,-4.276000000000124,8.968000000000131,-0.327000000000055,0.1359999999991146,13.494000000000028,-19.2939999999993,3.8390000000006808,1.0359999999991487,23.919999999998254,26.942999999999984,-11.743000000001302,1.5319999999974243,-0.4220000000003665,2.82100000000014,-97.58899999999926,-93.81000000000056,41.54900000000339,-11.29799999999932,10.062000000000635,17.40300000000019
-187.054999999998,166.17300000000057,123.71800000000805,-259.2109999999934,484.751,250.1220000000103,-24.835000000001628,-56.650999999999385,-29.79700000000776,90.96700000001192,79.47999999999524,-46.48400000000947,86.87700000000405,-38.713999999998805,-20.69100000003345,16.901000000007116,92.75499999999964,-51.46499999998469,80.18799999999828,2.379999999999427,-107.0190000000025,-147.20800000000054,16.246000000000294,44.37199999999848,-160.68500000000083,22.629999999999484,47.49699999997574,-67.37000000000535,-20.05599999999994,102.63599999999542,42.50199999999609,85.05300000000489,-6.391000000007807,-128.96799999999757,-13.01300000000083,37.96300000000201,14.850999999998749,-85.11000000000308,0.7079999999859865,26.0340000000042,97.79099999999517,-6.702000000007047,57.30899999999792,46.72600000000102,-8.364999999997735,25.62199999999848,33.01099999999906,-11.354999999997515,7.589999999999009,19.570999999996275,3.094000000000108,44.17900000000259,-7.729999999997972,-12.295999999999909,1.0280000000022935,5.911000000000399,-0.5570000000005848,-110.64200000000142,10.66200000000137,37.56700000000137,-79.13099999999957,-36.92399999999978,19.695999999999003,-74.72099999999955,104.54000000000008,48.45899999999688,-20.110000000000383,-3.8869999999999294,5.344000000000904,-0.6149999999998101,1.8889999999998963,16.355000000000075,-19.022999999999968,2.62299999999982,3.405000000000058,13.576999999997952,20.446000000001163,-1.8280000000004293,6.977000000000544,3.443999999998937,1.4840000000006626,-24.96100000000183,37.66700000000043,28.359999999997854,-11.145000000000492,8.177999999999486,21.60899999999941
-183.0379999999991,188.47800000000063,144.49500000000626,-253.8940000000025,507.1039999999982,234.5209999999952,-31.08199999999215,-44.208000000000425,-12.073000000009417,88.17799999999352,71.75600000000486,-36.87800000000152,89.67299999999909,-22.336000000001377,-19.75099999997383,4.814999999996417,56.22500000000059,-56.726000000003296,95.01900000000204,-33.58300000000156,-88.59200000000556,-142.44899999999916,21.16100000000003,38.28200000000379,-165.4260000000022,59.971000000000174,48.03500000002714,-70.3860000000077,3.740999999999772,112.93400000000702,43.30800000000181,83.63899999999944,-4.741999999998825,-128.64099999999894,20.5040000000011,44.79400000000169,16.238999999998782,-78.89399999999682,4.651000000012573,31.0579999999959,101.1410000000012,-0.4089999999905558,59.94299999999839,57.27799999999661,-1.4650000000017371,24.41100000000347,30.349999999998545,-7.418999999998732,13.168000000001712,-22.0579999999984,19.28699999999992,-37.8040000000027,-0.076000000001386,26.46000000000015,-2.4230000000045493,7.114999999998872,-3.5739999999997,-115.67400000000134,-12.454000000001033,36.90199999999777,-77.05199999999905,-31.803000000000026,19.834000000003016,-49.3360000000024,-10.601000000000129,21.85400000000186,-25.94999999999956,-0.6940000000000168,11.34399999999971,-7.744000000000994,5.865000000000009,18.666000000000334,-21.740000000001203,1.8919999999980064,0.5200000000002092,17.910999999998012,30.87199999999939,-9.432999999989988,1.9930000000016437,0.6439999999997781,2.7230000000002974,-29.191000000000145,24.590999999999497,33.49000000001183,-16.788999999999987,6.705000000000183,24.913999999999703
-188.76900000000205,183.7919999999997,125.82999999999628,-279.03400000000147,449.2470000000012,235.4620000000068,-35.294000000004644,-30.947999999997933,-8.678999999983716,74.6150000000057,94.65599999999768,-39.91699999999128,89.74900000000048,-17.177999999995563,-18.17600000001676,-27.435000000002677,32.60500000000093,-50.86700000001656,104.73700000000008,-66.9319999999999,-88.445999999999,-144.037000000003,19.08999999999992,31.84799999999086,-143.24100000000044,-2.955999999999648,42.21199999999499,-68.05399999999509,-9.26399999999994,81.78699999999708,41.68099999999981,85.09599999999864,-3.356999999994059,-129.75099999999884,-15.824000000000638,40.53400000000238,11.271000000002118,-82.34600000000114,3.735000000006039,16.592000000002827,84.81700000000387,1.5750000000025466,62.506000000001904,62.01500000000237,-3.708000000000311,3.4179999999992106,-16.2889999999976,-35.45800000000554,5.527000000000726,25.747999999993,-13.890999999999565,3.926000000001295,-3.307999999998401,5.456999999999823,1.5470000000050277,6.222999999999956,1.641000000000048,-119.16499999999814,-5.210999999999899,29.645000000004984,-79.037000000001,-32.71299999999968,25.98899999999844,-39.68099999999879,-123.32199999999992,2.6949999999999363,-26.22100000000032,2.838999999999814,9.514000000000069,-6.93899999999914,3.981999999999175,20.476000000000028,-19.978999999999303,5.242000000001212,2.716000000000207,30.46899999999937,25.80700000000036,0.1189999999894553,6.195999999999913,0.7950000000022328,2.3179999999996426,-36.585999999999785,39.413999999999305,28.439999999994825,-21.99099999999987,20.18899999999988,16.62900000000036
-197.0950000000016,177.16299999999876,109.74099999998543,-287.63400000000274,436.27799999999866,227.0379999999932,4.1409999999928,-40.82500000000096,-35.071000000016284,93.3719999999994,45.26700000000119,-19.86100000001443,79.33400000000006,-11.747000000002572,-15.075999999999112,-49.49900000000298,16.491999999999507,-51.854999999977736,112.88399999999685,-69.15599999999813,-74.81699999999591,-137.27399999999648,22.82999999999973,27.721999999994296,-121.45399999999997,59.84999999999943,43.13999999999396,-62.40900000000238,5.196000000000467,79.66900000000123,40.01700000000028,83.30699999999638,-2.179000000000997,-128.83600000000115,-47.30400000000117,32.00600000000122,11.955000000000382,-81.39299999999707,1.464999999984684,30.05099999999743,97.2659999999962,0.9579999999914436,73.23299999999904,177.68199999999865,-40.08200000000102,55.02299999999991,80.39799999999957,16.680999999999813,15.267999999997528,-13.979999999997972,5.377999999998906,47.69599999999912,-8.395999999999049,-10.95499999999987,-1.358000000004722,5.44399999999996,-1.693999999999818,-115.4230000000041,9.232000000000085,43.78599999998869,-75.68600000000032,-28.243000000000507,22.18000000000302,-47.029000000000565,1.5670000000000073,23.117000000002008,-24.454000000000065,1.2869999999999493,8.23999999999927,-9.29000000000002,6.759000000000981,13.589999999999948,-15.934000000000026,1.7880000000005225,1.9790000000000416,25.784000000004426,33.626999999998475,-4.824999999999591,4.151000000001659,1.492999999996414,4.303000000000168,-36.429999999998586,29.12200000000098,23.628999999993997,-17.40599999999972,8.429000000000286,23.224000000000444
-187.5549999999976,198.58499999999992,124.7930000000224,-291.91900000000714,423.29400000000135,215.18600000001695,-17.870999999991,28.02599999999984,-20.665999999982887,71.75899999999729,59.44199999999569,-19.53100000000632,78.18599999999947,-2.499000000000251,-12.487000000010084,-68.23200000000043,-6.844999999998436,-51.51400000002013,122.21700000000055,-62.94600000000514,-53.39400000000296,-139.3130000000042,25.621000000000294,18.004999999993743,-111.4129999999875,21.923000000000314,29.77300000000014,-47.16799999999921,-0.9650000000000604,71.00199999999859,34.51900000000023,68.35900000000379,-1.0620000000017171,-135.88300000000118,23.946000000002243,42.1389999999974,55.81399999999803,-65.40600000000154,-23.53499999999258,32.44600000000446,87.87900000000377,-1.384999999993397,56.24099999999999,53.11300000000188,-5.666999999999689,4.590000000001737,-16.084000000000742,-33.08799999999792,7.095000000003893,19.805999999999813,0.3830000000007771,-38.16199999999981,-2.456000000000813,24.241999999999564,1.1720000000025266,3.8970000000006166,-2.0340000000004466,-110.8000000000004,14.57499999999996,30.609000000004016,-66.33199999999988,-27.415999999999485,13.903999999996586,-60.27299999999798,92.75599999999996,34.892999999999574,-22.9140000000001,3.807000000000116,4.5180000000002,-12.886999999999915,7.573999999999614,9.646000000000043,-20.889999999999983,2.9920000000004165,2.8759999999998342,29.47099999999523,25.249000000002297,-11.221000000000458,3.03899999999544,0.7790000000028385,0.1409999999992806,-37.44700000000023,30.61000000000007,23.59700000000089,-21.19900000000001,7.370999999999839,17.143999999998982
-193.09099999999265,186.73,112.01099999998404,-293.2189999999878,396.52400000000085,202.75899999999183,-56.21300000000247,-22.329999999999472,7.628999999997177,66.53400000000147,84.57300000000032,-14.24499999998261,68.73800000000188,-3.064000000000533,-13.574999999991633,-78.42399999999543,-6.389999999998963,-44.750999999996566,175.67699999999604,-128.36299999999596,-81.82999999999083,-129.47999999999524,23.9849999999997,16.333000000008724,-110.55300000001012,32.04899999999995,24.951000000010023,-42.65100000000075,18.99499999999996,59.44799999999759,41.35699999999929,101.3059999999996,-3.3749999999940883,-122.59799999999927,-25.94800000000106,26.73399999999901,15.31800000000203,-74.59400000000187,-3.161999999997533,29.168999999996004,81.08499999999594,-4.107999999996537,43.52700000000027,-98.98700000000532,44.672000000002754,48.52599999999825,81.23500000000092,18.12500000000341,13.277999999996837,3.378000000003567,5.661999999999523,43.22600000000136,-6.65599999999813,-12.394999999999357,-2.194000000002916,8.641000000000076,1.0120000000000573,-107.82800000000066,14.560000000000173,26.33100000000468,-71.9079999999991,-21.915000000000617,11.544000000003509,-48.6440000000016,-6.529000000000096,9.528000000000247,11.162000000000203,8.558999999999983,-14.897999999999456,-15.09100000000032,1.001000000000829,11.048999999999864,-40.2789999999996,-8.93000000000086,-32.7770000000001,20.4620000000034,30.088999999998123,-7.44900000000257,5.121000000002596,-0.0519999999994524,3.1310000000004834,-36.27600000000086,20.762999999999465,17.192999999997483,-21.98300000000017,6.550000000000011,14.527999999999963
-195.23300000000745,189.68200000000195,108.94799999998668,-288.5440000000017,369.5599999999999,191.67500000000928,-45.62399999999798,24.484999999998536,0.5979999999908614,64.2029999999977,72.04300000000217,-19.434000000001102,61.94999999999595,-0.3109999999992396,-10.80299999998715,-83.55699999999615,-5.33500000000231,-36.08400000000529,101.667000000009,-76.72100000000341,-12.689000000011674,-137.885,28.33400000000026,6.2869999999975335,-97.05500000000028,34.39399999999964,14.330999999992857,-39.79500000000371,16.545999999999594,44.348999999999705,5.022999999999911,90.09100000000105,-9.13700000000972,-127.29800000000182,-13.984000000000664,21.008000000006177,15.52599999999984,-74.55999999999676,-7.166000000006534,37.1340000000032,78.53400000000192,-5.481000000008862,52.48100000000022,51.10500000000116,-8.844000000004826,28.293000000002166,31.47999999999911,-5.918000000002621,6.662000000000035,-12.448000000000548,-1.2460000000004356,5.828999999999951,-7.331000000004906,5.354999999999421,-0.2079999999978099,5.065999999999349,0.2460000000006346,-103.68399999999838,16.376999999999242,33.069000000000415,-63.954999999999984,-22.91799999999995,11.056999999999562,-44.675000000000864,-4.200999999999766,11.016999999998234,-28.78200000000035,2.149000000000001,-1.2489999999999668,-16.774999999999807,4.751999999999157,5.3439999999994825,4.744999999999777,11.901000000000296,39.56799999999987,21.76200000000108,27.950000000001296,-6.411999999994578,2.985000000001037,1.8849999999986269,0.7189999999994257,-35.12499999999932,21.04900000000072,18.4690000000046,-22.5679999999997,4.265999999999792,11.467000000000382
-197.0760000000041,192.1289999999999,111.67000000002643,-286.5109999999959,351.7309999999995,181.16399999998976,-53.70200000000409,34.080000000000155,4.102000000011685,50.989000000004125,77.47200000000021,-9.276999999997315,56.345000000004575,1.391000000000986,-10.949000000005071,-90.10000000000672,0.567999999998392,-32.31199999997898,128.86899999998604,-97.02499999999644,-37.01799999998912,-122.0980000000054,27.586000000000155,8.32500000001346,-82.8739999999982,33.16500000000033,6.177000000002408,-34.30799999999863,15.39900000000003,32.93999999999642,57.82800000000066,75.22899999999595,2.667000000008102,-123.42199999999934,-17.01799999999878,18.98799999999028,9.666999999998891,-67.12400000000116,-9.411000000000058,20.407000000000156,75.89399999999955,-3.350999999997839,46.06099999999742,38.02800000000275,-12.7049999999997,20.69399999999746,28.19700000000012,-12.008000000002994,9.597999999999727,2.675999999996748,-0.6729999999990355,0.3529999999983602,-0.6399999999985084,-0.7819999999995275,-0.5060000000014497,4.69099999999969,0.900999999999641,-93.51499999999646,14.816000000000429,19.200999999998203,-60.2249999999998,-19.174999999999898,8.870999999999185,-44.695999999999,-5.742000000000047,1.883000000003676,-61.08499999999992,-13.75799999999998,12.946999999999775,-13.898999999999972,3.42899999999986,-1.4999999999993463,-16.10900000000015,0.5840000000006285,3.282000000000096,24.07199999999534,17.403999999999087,-10.976999999996906,2.0289999999988595,0.3129999999998745,-1.213999999998805,-38.402999999999565,24.73499999999973,13.638999999994894,-22.366999999999848,4.283000000000925,6.158999999999537
-198.32799999999224,185.55800000000036,99.65799999999945,-275.09200000000646,332.96299999999945,172.3510000000033,-55.34999999999855,71.28199999999936,-0.5249999999932697,41.66900000000169,76.27899999999954,-2.881000000002132,43.26499999999669,6.058000000001584,-8.996999999999389,-89.0260000000012,11.630000000002385,-29.01600000000144,156.48200000000543,-135.16200000000254,-92.19300000000884,-129.49199999999905,35.00799999999984,-3.870000000006257,-66.81200000000445,22.995000000000232,-3.088999999999942,-31.023999999990792,19.194000000000244,20.71600000000444,24.538999999998623,72.84500000000094,-3.143000000000029,-117.51999999999896,-13.23500000000024,12.109000000009472,9.624999999999773,-66.176999999999,-12.279999999987012,24.07199999999534,72.9060000000004,-2.30700000000752,49.35600000000022,46.85400000000186,-7.723999999996067,20.02600000000143,21.16100000000074,-8.67299999999318,9.447999999997592,14.157000000000153,5.477999999999383,2.478000000002112,-5.45399999999745,1.4779999999994686,-2.445000000000164,2.377000000001317,-0.55499999999995,-87.24300000000085,13.180000000000549,9.136999999998352,-57.931000000000665,-21.282999999999674,0.7689999999968222,-40.67200000000071,3.1749999999998835,5.785999999994829,-27.306000000000097,-4.875999999999792,-8.20500000000095,-12.192999999999898,3.968000000000416,-2.580000000000382,-15.013000000000432,-0.1820000000009258,5.0449999999997885,21.52100000000132,21.217000000001462,-3.992000000005192,2.9749999999978627,-0.2459999999985029,1.83799999999934,-32.74499999999989,26.36099999999999,10.016000000013037,-18.12600000000089,-0.773000000000934,8.689999999999998
-198.95600000000968,176.4809999999983,86.0969999999952,-272.80900000000656,305.97900000000067,157.4100000000044,-83.90199999998913,29.422000000002413,13.41499999998632,31.902999999999796,87.3109999999997,2.4660000000039872,34.359000000000606,12.978999999995722,-9.423999999989974,-88.5189999999966,16.485999999997603,-22.838999999999032,155.1270000000045,-102.4409999999989,-31.329999999991287,-117.1169999999961,42.41699999999966,-7.24999999999909,-73.1839999999977,-7.592999999999961,-14.20900000000529,-22.308000000009542,30.22799999999997,7.257000000004155,16.36100000000056,73.93200000000206,-6.488000000001648,-116.85500000000104,-18.268000000000484,7.06199999999626,2.8549999999995634,-64.50199999999882,-14.747000000011212,-1.4099999999984902,58.70400000000018,0.0130000000012842,60.54300000000126,189.68799999999533,-56.1740000000043,20.13799999999719,25.12999999999579,-9.339000000005626,3.235000000000809,-13.320999999996276,-3.629000000000815,1.7699999999990723,-1.7150000000015098,1.0130000000003747,0.1040000000045893,3.3599999999978536,-0.2060000000000172,-76.62400000000389,26.21899999999968,21.24099999999771,-50.18299999999982,-15.437000000000012,-4.094999999995252,-37.96199999999885,51.15799999999986,4.150000000004184,-23.56499999999997,-4.788000000000281,-11.341999999999077,-13.55700000000013,0.8250000000003865,-11.618999999999602,-18.746999999999048,3.069000000000699,0.1080000000001746,26.33100000000468,22.480999999999085,-9.185999999999694,0.925000000000864,3.508999999999673,-1.703000000000543,-29.19899999999984,24.43799999999925,6.5239999999903375,-16.231999999999402,18.712000000000018,-8.344999999999914
-202.8139999999894,184.20399999999967,99.62100000000191,-261.0529999999926,295.9999999999994,152.7219999999943,-83.29100000000835,62.317999999999074,9.900000000016009,19.29899999998952,82.65299999999911,-4.444000000012238,22.58999999999673,20.57200000000421,-6.164000000012493,-76.7879999999991,25.650000000001683,-15.747000000010305,157.49499999999443,-102.7680000000032,-33.74000000000024,-114.90500000000452,48.94400000000019,-14.002000000004957,-46.34399999999914,20.298999999999975,-17.883000000006177,-20.09299999999712,38.12899999999999,-4.309000000000651,13.18899999999985,61.261000000001786,-1.4769999999998618,-107.11100000000044,-17.618000000000222,1.0250000000041837,1.1259999999992942,-58.045000000004165,-16.637999999989006,13.90400000000227,50.571000000002186,-1.9659999999930733,43.319999999999936,30.160000000000764,-6.575999999995474,18.594000000001643,20.85400000000277,-7.707999999996673,7.5990000000047075,4.7860000000014224,0.3550000000004161,1.0750000000001592,-2.4779999999964275,-1.3869999999997162,-1.7550000000028376,2.9440000000022337,-0.5960000000001742,-75.77299999999809,24.6299999999998,16.734999999994216,-51.5270000000001,-17.14500000000001,-7.184000000000879,-41.92500000000052,-11.60599999999974,-7.335999999997966,-24.70999999999961,-6.33499999999998,-14.58200000000005,-6.851999999999947,1.2939999999986185,-14.836999999999987,-13.323000000001173,1.2879999999995562,2.734999999999843,22.264999999998736,14.119999999999775,-14.70899999999915,5.405000000001792,-0.3000000000014324,-2.033000000000129,-22.683000000000675,25.162000000000265,1.3460000000009131,-13.546999999999798,0.8310000000008699,-5.844999999999345
-201.68499999999767,175.25400000000104,88.29399999999623,-257.15300000000525,270.92500000000115,143.38399999999183,-86.86500000000024,66.89299999999889,6.530999999972664,8.984000000009473,90.26200000000132,3.197999999997592,16.41800000000444,32.134999999999536,-3.077000000007501,-66.11400000000458,35.93400000000315,-17.578000000003158,75.2140000000054,-128.5069999999962,-118.07900000001156,-107.845999999995,45.55999999999969,-20.386000000007694,-22.980000000001155,23.06600000000003,-15.796000000000276,-13.0429999999933,37.76200000000003,-13.067999999998392,-28.61899999999764,61.52699999999527,-13.953000000003613,-98.7119999999976,-16.81999999999988,-7.23800000000665,-4.868999999999346,-50.23099999999658,-19.11600000000817,22.36599999999953,43.73399999999492,-4.425000000003365,43.10300000000211,34.90600000000086,-5.994000000004007,20.34299999999689,18.76499999999908,-13.672000000002528,3.445999999996729,11.195999999995363,-0.9839999999996962,1.9810000000006769,-0.4390000000000782,-1.973000000000269,0.5859999999984211,-0.8170000000006894,1.0480000000001155,-70.99499999999921,3.999000000000308,3.6630000000172913,-53.13199999999938,-17.486999999999853,-7.641999999998461,-37.748999999999455,-1.6980000000000215,-13.727000000005772,-17.39299999999986,-6.349999999999767,-20.485000000000756,-5.007000000000517,-2.3819999999986408,-21.109000000000577,-10.146999999999196,4.001999999999839,2.3760000000009995,32.72999999999797,16.181000000000267,-4.053000000004658,2.377000000001317,3.0150000000020327,-2.032999999998708,-20.749000000000706,33.42700000000036,-6.37499999999136,-12.556999999999618,7.88999999999902,-12.73300000000006
-204.60800000000745,162.23899999999958,80.57799999999133,-246.63699999999835,254.57699999999903,133.4100000000035,-99.79299999999968,75.4729999999995,10.26600000000144,12.76900000000296,79.33699999999817,-10.350999999991473,1.2819999999976517,25.50400000000081,-6.25,-53.22200000000521,43.0909999999983,-18.06699999999637,196.55099999999948,-49.10600000000045,30.06000000000313,-103.81800000000112,57.09100000000049,-24.27900000000136,-17.734000000001515,-16.141999999999967,-27.42899999998372,-9.925000000009732,45.16999999999989,-26.355000000000928,42.50499999999988,33.56300000000374,10.48000000000684,-94.53600000000222,-14.3029999999996,-9.710999999992964,-8.691999999999211,-45.15400000000227,-18.73800000000756,3.350999999997839,41.550000000000864,2.648999999996704,43.70399999999677,21.85400000000186,-7.274999999998499,19.459000000000515,9.24800000000232,-9.368999999998096,-1.6239999999982049,2.6250000000004547,-6.432999999999822,-0.9170000000011668,-0.6140000000073087,-5.922000000000338,-3.612999999995736,-1.563999999999055,1.7139999999997713,-67.61300000000006,9.107999999999803,8.092999999996664,-43.444000000000926,-13.110999999999962,-14.041000000003123,-34.48600000000113,-6.8899999999999295,-16.199000000000296,20.754999999999768,0.4389999999997229,-40.43299999999874,-2.4500000000003297,-0.8310000000008699,-24.078000000000088,-14.350000000000309,1.0959999999997194,0.9269999999993672,20.48399999999901,7.684000000000424,-6.127999999995382,29.85799999999585,-6.288000000006377,-8.913000000001148,-19.79599999999948,16.20800000000031,-8.43800000001238,-3.5800000000008936,-2.024999999999011,-16.78500000000014
-206.7199999999957,172.5859999999983,79.67499999999745,-242.58499999999685,238.94499999999965,127.62500000001182,-103.46100000000432,75.16300000000058,7.459000000017113,-2.069000000005872,87.5910000000033,-2.4290000000064538,-2.042000000000144,36.75799999999754,-4.906999999980144,-44.81200000000172,50.81200000000194,-20.874000000003434,37.01200000000426,-139.11400000000071,-149.90799999999354,-91.88800000000016,49.74699999999928,-33.508999999980915,-32.38499999999931,12.65599999999978,-40.63700000001518,-5.3769999999985885,42.78000000000013,-34.96700000000601,-42.60900000000447,43.99999999999977,-13.769999999999529,-77.45599999999797,-16.514000000000806,-17.658000000005813,-13.17200000000014,-35.12299999999868,-19.530999999983575,3.131000000007589,30.71600000000103,2.7410000000031687,34.92500000000405,22.014999999998963,-9.109999999998308,14.485999999999422,6.349999999997635,-12.988999999998896,4.519999999996571,-15.179000000000542,-2.844000000000335,-1.3630000000006248,-4.470999999995229,-4.170999999999481,-1.746000000002823,-0.8220000000022765,1.8090000000000828,-63.49199999999939,3.5299999999999443,-8.374000000003434,-32.97599999999932,-19.00300000000001,-19.067000000001144,-25.453999999999155,-2.294000000000196,-20.95600000000104,-8.050999999999675,-11.913999999999804,-25.705000000000663,3.1750000000009493,-3.0649999999994293,-24.915999999999627,-27.30499999999978,-6.587999999997862,-32.940999999999576,32.76700000000119,8.68199999999888,-2.5270000000034543,-30.30299999999784,6.407000000004359,4.615000000001146,-16.68899999999951,17.054000000000258,-10.635999999999513,-3.570999999999458,13.58099999999922,-27.679000000000546
-208.3430000000021,157.1910000000031,80.5670000000191,-232.287000000008,227.3210000000006,119.73900000000413,-105.69699999999784,80.01599999999769,6.102999999984604,4.773000000000138,82.22700000000032,-12.049000000001795,-10.773000000000366,41.92499999999768,-6.078999999999724,-39.38599999999042,65.16699999999673,-16.19900000000598,103.91200000000254,-72.17999999999734,-53.91300000000001,-96.27700000000344,58.7920000000004,-37.2190000000046,-24.99699999999621,-4.581999999999908,-49.499999999989086,-3.905999999994947,42.86599999999972,-37.54900000000134,30.31900000000292,19.2450000000008,10.656999999991967,-72.41399999999771,-18.281999999999243,-22.154999999997926,-20.762999999999465,-29.559000000000424,-23.68200000000797,8.78299999999399,22.692999999998165,-0.6229999999959546,31.36599999999703,18.52400000000216,-5.542000000002645,18.826000000001383,9.22300000000007,-8.203000000003158,2.3860000000013315,-3.433999999998605,-1.479999999999393,0.1640000000008967,-1.7119999999977151,-7.579000000000491,-0.6439999999997781,-3.020999999998253,0.6959999999999411,-51.07399999999984,1.3670000000004734,-7.880000000000109,-34.86600000000095,-19.98400000000018,-27.344000000005053,-25.673000000000457,-4.303999999999775,-18.703999999996768,-4.540000000000077,-6.286000000000058,-29.22200000000004,5.551999999999424,0.747999999998683,-26.478999999999782,-9.562999999999988,10.39999999999992,-1.0320000000007212,19.32300000000282,12.79299999999921,-12.169999999991887,3.262000000000853,0.9489999999999554,-3.30900000000014,-14.511999999999148,11.461999999998795,-18.471999999997024,1.8360000000001264,-4.276000000000124,-16.290999999999656
-203.93699999999623,157.7529999999996,74.96299999997973,-227.55799999999908,220.41200000000032,114.96599999998124,-108.76200000000154,82.33499999999765,4.859000000010383,-8.075000000008004,88.12599999999975,-0.2679999999827487,-15.175999999996748,47.69300000000385,-6.775000000016007,-45.96599999999853,72.68399999999815,-19.713999999999032,93.47000000000207,-67.81900000000292,-40.606000000002496,-79.76999999999634,118.065,-43.4690000000046,-29.577000000000453,-10.284000000000049,-64.42899999999554,-5.109000000004471,41.91800000000008,-39.95299999999133,-13.488000000000966,15.9150000000011,-0.8609999999976026,-63.966000000002055,-16.282000000001062,-24.572999999998046,-26.427000000001044,-26.2580000000014,-23.88900000000831,-2.379999999999427,20.291000000003123,1.7029999999977008,26.348999999999023,20.336999999994987,-8.638999999988073,13.41899999999896,5.173000000002048,-7.882000000000744,1.5989999999987958,0.283999999999196,-2.9560000000003583,-1.964000000000965,0.5889999999965312,-5.22500000000008,-0.4419999999981883,-2.082000000001472,2.1290000000000475,-49.15600000000211,-3.62700000000018,-18.21300000000292,-28.96199999999993,-27.87800000000047,-26.268999999990683,-19.402999999999796,-52.69900000000014,-28.07000000000244,1.1029999999998097,-9.878000000000142,-28.922000000000025,6.5490000000004045,-2.7129999999985444,-29.485000000000383,-4.397000000000162,4.9769999999981,-3.23099999999954,17.26399999999444,2.106000000000563,-5.579000000005863,-1.3980000000003656,-1.7060000000043374,-2.3690000000001987,-11.478000000002451,9.797000000000368,-23.30299999999852,4.110000000000014,-5.713000000000079,-27.443999999999846
-205.61500000000024,155.35099999999886,70.00800000002982,-217.6389999999856,209.11199999999891,104.79700000000776,-114.99000000000024,88.1300000000067,2.417000000014013,-0.3909999999905267,84.19399999999655,-5.408000000011271,-18.155000000001564,45.72499999999877,-5.309999999985848,-53.624999999999545,84.25000000000296,-16.649999999981446,74.5719999999892,-56.39099999999644,-48.26099999999087,-86.87700000000405,1.0030000000000427,-52.91799999999967,-30.4869999999994,-0.5530000000000257,-57.37300000000687,-4.4429999999920256,36.1340000000002,-49.03600000000097,-18.781000000001317,8.28199999999697,-1.049000000000433,-53.495000000000914,-18.110999999998967,-30.65800000000536,-33.751000000000886,-16.365999999999303,-21.30099999999402,-5.103000000002567,16.103999999998564,2.8620000000046275,21.881000000001904,13.068000000004076,-4.630000000008749,8.637000000004491,4.850999999999317,-5.953999999996995,-2.5509999999997035,-4.601999999999862,-4.6369999999996026,-1.6310000000004266,0.8789999999976317,-5.866999999999933,-0.9950000000003456,-4.404999999999859,1.1009999999998854,-46.15799999999979,-13.061000000000432,-26.61099999999124,-30.042999999999157,-21.20999999999995,-27.8570000000002,-18.339000000000283,-8.718000000000004,-20.05999999999517,2.214000000000027,-7.89200000000001,-31.573000000000206,10.369000000000028,-0.6820000000004711,-33.76299999999972,-3.199999999999648,8.531000000000688,-0.2000000000002444,21.210000000002083,0.1390000000014879,-10.18900000000258,1.5199999999992997,3.989000000004239,-4.491000000000156,-13.755999999997924,-11.646999999999252,-21.994000000000824,5.917999999999779,1.109000000000293,-29.65899999999948
-198.9570000000072,147.1560000000011,62.5,-209.26500000000487,197.4199999999996,95.95899999999348,-108.684999999997,80.21199999999737,2.501999999981308,-17.534999999998035,90.58300000000372,4.773000000000138,-25.817999999998165,43.78300000000195,-3.625000000010914,-58.63699999999881,86.23900000000049,-13.025000000016009,79.62100000000873,-44.41199999999981,-32.07400000000007,-78.10999999999808,56.15200000000016,-49.27999999999884,-22.45200000000409,-16.564000000000334,-68.24899999999161,-0.8240000000114378,30.762,-46.90000000000509,-24.791999999996506,0.4490000000032523,-1.0009999999965655,-51.97300000000098,-15.528000000000477,-32.843000000002576,-33.63499999999817,-16.21399999999653,-23.303000000009888,-1.9709999999975023,5.545000000000755,0.580000000002201,20.382000000000744,15.371999999996431,-5.13300000000072,4.668999999995549,2.744999999998754,-9.08200000000079,0.983000000002221,2.905000000004065,-2.2549999999995407,-42.58299999999906,3.1280000000037944,14.048000000000371,-1.3610000000028322,-1.6940000000005284,1.9269999999998788,-40.54399999999987,-11.722999999999928,-27.350000000001277,-17.687999999999704,-25.345000000000084,-38.19900000000303,-12.209000000001424,-14.048999999999978,-28.860000000003083,-28.2589999999999,-23.99799999999992,-17.66399999999919,9.138999999999696,-3.755999999999915,-36.901000000000295,17.995999999999412,11.94500000000005,30.973000000000184,14.9470000000008,6.559999999998922,-6.548999999995431,-1.166000000000622,1.5670000000000073,-2.6340000000004693,-5.666999999999689,-14.458000000000482,-27.4599999999964,9.112000000000364,-13.852000000000686,-25.574000000000296
-194.45200000000116,136.2289999999973,61.20599999997012,-198.94400000000587,181.81900000000155,93.2739999999967,-114.72800000000234,87.4840000000006,-0.5000000000109139,-10.736000000008517,86.22399999999857,-4.52900000000227,-28.476000000000568,41.13499999999704,0.8660000000190848,-68.0780000000027,93.0059999999969,-12.963999999988118,68.66999999999734,-34.21299999999974,-43.82300000000896,-82.61999999999716,67.80399999999958,-53.61300000001848,-40.79299999999648,-16.270000000000095,-66.37000000000626,-13.488999999992757,15.508999999999418,-72.55800000000363,-2.332000000001244,6.746999999995751,8.947000000000571,-43.7279999999987,-25.03499999999974,-34.32599999999866,-36.03500000000111,-15.03900000000158,-20.93499999998585,-4.491999999999052,-19.04999999999859,20.77099999999064,12.83899999999676,10.50100000000498,-7.501000000002023,11.249000000003662,-0.3299999999995862,-2.767999999997528,-4.2669999999986885,0.0369999999975334,-6.870000000000687,-2.009999999998513,-1.5010000000017951,-6.029000000000195,-1.1289999999974043,-3.2829999999989923,1.0190000000001476,-31.651999999999703,-14.295999999999507,-26.215000000001965,-19.95900000000006,-25.729999999999364,-35.88500000000181,-9.62199999999882,-16.868000000000194,-26.513999999997395,40.12600000000006,-4.812000000000083,-46.84400000000011,8.659000000000106,-7.192999999999472,-39.5389999999999,-4.430999999999585,3.9299999999997226,-2.68300000000039,10.824999999999818,8.58000000000061,-7.1200000000033015,1.926000000003114,0.732000000002131,-4.022999999999399,-20.60400000000016,-13.952000000000451,-28.216000000003305,7.580999999998994,-3.8350000000001216,-38.42900000000071
-186.29700000000184,150.77100000000314,52.81900000002224,-196.9729999999913,182.81999999999957,80.4450000000088,-109.2989999999986,87.81199999999956,-1.4169999999921856,-25.80600000000004,86.08699999999772,-2.6119999999991705,-30.892999999997528,42.122999999998,0.9519999999838548,-71.98499999999513,95.92800000000352,-20.76400000000831,46.167000000002645,-18.799000000001342,-34.174000000007254,-75.80000000000382,56.60700000000034,-60.68099999997685,-28.82700000000113,21.77199999999999,-68.53000000000975,13.953000000003613,19.69700000000074,-28.905999999994947,-53.74699999999848,-19.180000000000064,-11.590000000001057,-42.025000000001,-2.635999999999683,-33.289000000002034,-16.88699999999983,-6.085000000001628,-21.729000000004817,-30.985000000003996,-6.081000000000358,9.10000000000082,9.335000000004356,6.627999999994927,-1.5929999999968911,5.083999999999378,0.6459999999975707,-2.884000000000242,-0.7810000000006312,1.9319999999993345,0.256000000000256,-1.0980000000017751,4.464000000001533,-4.489999999999839,0.522000000000844,-3.672000000000253,1.1740000000003192,-25.79900000000066,-26.56899999999993,-28.881000000001222,-12.975999999999033,-24.78200000000044,-35.76699999998709,-7.70599999999888,-11.458999999999977,-27.176000000002887,7.980999999999483,-14.315999999999818,-36.33099999999985,8.075000000000188,-6.734000000000151,-42.59699999999995,0.7499999999993179,-3.687000000000751,-3.4500000000001307,12.90000000000191,-5.553000000000452,0.6959999999992306,-0.4820000000052005,1.606999999998493,-5.043000000000575,-13.66700000000094,-23.7269999999981,-25.97700000000032,9.344000000000108,-11.545999999999168,-45.59799999999967
-183.51499999999987,136.69999999999902,47.28999999999815,-181.6040000000044,169.24400000000048,73.93799999999828,-110.18399999999816,95.07200000000182,1.07500000001437,-27.50199999999268,83.6400000000026,-3.5280000000057044,-35.08300000000304,48.09300000000008,3.6380000000008295,-76.61800000000767,91.07700000000136,-15.881999999987784,37.1530000000007,-5.224999999995816,-29.51000000000477,-68.69199999999864,73.49499999999978,-48.974999999995816,-14.136000000002014,4.538000000000153,-74.82899999997699,5.040999999994256,-5.537000000000347,-48.80399999999554,-33.762000000001535,-10.27899999999704,-1.5319999999974243,-35.811999999998534,-9.060000000000912,-33.763999999996486,-60.370000000000346,-9.857999999996991,-18.24899999999161,-17.67899999999827,14.08999999999878,-12.249999999994545,-0.7139999999992597,-9.520999999995183,-1.0919999999998709,-6.198000000000548,-5.475999999995906,-6.040000000001555,-0.5100000000027194,1.0130000000003747,-4.779999999999518,-3.2349999999979677,1.6329999999982192,-9.125000000000227,-2.332000000001244,-2.9899999999997817,1.4980000000001326,-15.676999999999452,-29.823000000001088,-27.72899999999936,-14.835000000002196,-21.981999999999857,-34.28000000001248,-1.0170000000016444,-15.317999999999898,-30.477999999999383,10.728000000000293,-11.908999999999992,-34.26899999999904,7.925000000000182,-7.645000000000834,-44.02800000000013,-15.668999999999755,-9.938999999999965,-34.860999999999365,-0.2840000000048803,3.678999999999633,-1.41999999999598,-4.7889999999995325,3.0020000000007485,-2.866999999999109,-7.827000000000339,-32.24100000000192,-30.414000000001806,11.402999999999963,-17.607000000000284,-40.51499999999919
-175.43299999999817,141.38499999999965,46.91199999999753,-170.29400000000123,159.90699999999975,66.504000000009,-108.29999999999131,89.89699999999914,4.344999999989341,-35.78500000000986,75.46100000000138,-10.27799999999388,-38.51600000000417,46.29800000000159,4.151000000001659,-79.10699999999906,84.83599999999569,-20.166000000017448,16.905999999994492,-6.04200000000219,-50.854999999990014,-67.00099999999907,68.53300000000004,-54.30900000001202,13.68100000000254,18.34999999999951,-60.449000000016895,14.246000000002825,-14.920000000000044,-67.06600000001117,-36.00799999999822,-12.527000000000044,2.9539999999997235,-33.256000000000085,-11.55599999999879,-33.82599999999911,-20.224999999999227,3.2199999999988904,-18.51800000001731,-16.14299999999389,-21.056999999998997,8.582000000001244,-6.164000000001124,-3.2049999999969714,-2.762000000001308,-0.2139999999997144,-6.215000000000259,-0.8140000000025793,-5.55699999999888,-1.627000000001999,-2.914000000001238,-2.278000000001157,-0.4239999999981592,-4.603000000000179,-1.3610000000028322,-4.050000000000864,2.1399999999999864,-11.097999999998365,-26.12599999999929,-31.511999999997897,-2.709999999999013,-23.881000000000085,-34.79600000000005,-3.0219999999985703,-24.003000000000085,-36.42500000000268,9.34299999999979,-13.177999999999912,-34.34300000000121,7.916999999999774,-8.234999999999104,-42.28299999999976,2.0440000000007785,1.2030000000009975,-1.5950000000003683,1.285000000001446,-10.692000000000236,-9.130000000004657,-2.8829999999970823,0.6560000000007449,-2.820000000001244,-10.72900000000061,-34.23700000000025,-34.384000000000015,11.469999999999914,-20.688999999999425,-32.48000000000104
-163.78799999999956,136.07199999999864,38.00099999998565,-166.6690000000017,158.40100000000064,55.89599999998427,-102.75900000000888,96.38199999999983,0.9160000000065338,-37.98899999999321,73.43999999999937,-10.961999999994989,-45.30299999999556,52.573000000001,3.624999999988177,-79.45600000000468,84.80200000000195,-21.788999999989755,17.182000000002517,49.82899999999404,16.883000000007087,-62.14899999999943,69.8590000000003,-60.3020000000015,-27.41399999999885,19.13600000000031,-64.22200000001794,11.39500000000453,-23.1189999999998,-46.31899999999405,-38.50700000000416,-17.1449999999993,0.3479999999967731,-24.61900000000128,-10.406000000000404,-32.04399999999623,-63.4129999999999,-4.666000000003123,-13.977999999997335,-14.948000000003958,-27.75299999999561,2.342999999996209,-13.431000000002769,-9.07600000000457,-2.2040000000004056,-12.47900000000186,-14.619999999999322,-3.872999999998683,-6.475999999997839,-3.829999999999245,-6.986999999999455,-5.064999999999031,0.3390000000024429,-7.040999999999542,-0.8240000000000691,-6.621999999998707,3.5269999999997026,-7.599000000001865,-35.08199999999988,-26.69700000000148,-6.401000000001034,-19.02899999999974,-35.6239999999957,-4.373999999998546,-10.847000000000053,-31.451999999995905,-22.42699999999971,-27.0500000000002,-18.677999999999884,6.593999999999767,-8.567000000000746,-47.57099999999994,6.6440000000000055,-3.3470000000008326,-0.9349999999997748,-133.62500000000068,-33.14799999999991,65.63100000000759,0.6039999999984502,-4.466999999999644,-8.32799999999878,-10.050999999998568,-31.244000000000938,-35.44299999999794,9.459000000001083,-9.134000000000242,-42.73299999999978
-154.2540000000031,133.47200000000043,40.48999999999978,-156.0479999999984,153.01999999999936,52.42900000000645,-99.5240000000024,98.47599999999944,-2.3190000000113287,-39.49499999999944,62.5,-10.10799999999108,-47.33899999999949,52.39500000000135,5.640000000016698,-76.44599999999855,80.09400000000255,-18.102999999996428,7.201999999995223,46.29500000000348,0.927999999998974,-58.31300000000397,64.47199999999995,-58.22799999998552,14.166999999997644,34.48000000000064,-59.67999999998028,11.761999999998809,-25.90799999999973,-42.64500000000453,-41.109999999997626,-21.13000000000511,1.2330000000019936,-26.189999999999717,-9.14199999999994,-33.92300000000432,-41.89399999999921,2.9230000000040945,-13.69600000000446,-17.391999999995278,-53.34200000000351,-19.97000000000071,-15.92099999999732,-10.757000000000971,-1.0159999999984848,-2.276000000000522,-12.81900000000178,1.224000000001979,-4.687000000001262,-3.1799999999975626,-3.5470000000003665,-2.536000000000626,-2.701000000001841,-8.015000000000327,-2.272999999996728,-5.046000000001527,1.0510000000003572,-2.088999999998009,-38.26099999999997,-36.8280000000027,-10.13499999999965,-22.948000000000235,-35.109999999991715,-6.71000000000106,-11.837999999999838,-32.62000000000285,36.36400000000037,-4.612999999999801,-50.16900000000106,4.055999999999926,-9.233999999999298,-43.959999999999866,6.57499999999942,-9.98299999999972,-0.4269999999998219,127.1310000000028,8.510000000001128,-60.31200000000467,-1.376999999996542,3.0739999999980228,0.4339999999999122,-12.272000000001526,-38.925999999997885,-29.50100000000475,6.004999999998972,-20.398999999999745,-37.61700000000019
-154.00999999999385,143.0550000000011,27.771000000007007,-142.46799999999666,147.98200000000037,43.48099999999704,-98.83699999999747,101.67700000000082,0.3899999999930514,-46.57600000000457,58.73100000000022,-10.595000000012078,-49.2369999999994,53.20499999999697,7.628999999997177,-73.896000000002,89.13799999999696,-15.332000000012158,-15.5399999999986,68.4789999999964,17.522999999994227,-57.63899999999467,57.92099999999962,-53.369000000020606,2.0410000000026685,3.2269999999996912,-61.84100000000399,11.833999999998923,-26.136000000000337,-11.456999999995787,-40.45100000000161,-19.0309999999954,4.03999999999769,-23.94700000000114,-9.991000000000838,-36.17500000000291,-44.43799999999953,7.46499999999628,-14.59899999999834,2.84099999999512,-8.325000000002092,21.623999999997068,-17.792000000002872,-19.68400000000088,-0.8700000000033015,-8.227999999996882,-16.81999999999846,1.9709999999975023,-3.72899999999845,-5.587000000002718,-0.5229999999997403,-2.130999999999972,0.2349999999978536,-5.805999999999756,-1.1110000000030595,-8.718999999999255,3.109999999999502,-0.7460000000008904,-36.22999999999976,-30.804999999998017,-4.801999999999396,-12.975999999999743,-34.9920000000111,-6.149000000002047,-13.30600000000004,-26.86800000000176,3.7489999999998247,-18.278000000000105,-33.07799999999901,1.7360000000003597,-10.71100000000058,-42.78800000000018,26.663999999999533,0.8949999999998681,32.93000000000035,-2.332000000001244,-14.019000000001824,-0.8150000000000546,-3.9850000000001273,-4.725999999999431,-2.289000000000385,-13.97800000000018,-38.45400000000012,-29.39799999999764,4.810000000001935,-17.811999999999983,-37.37599999999901
-144.05500000000302,134.9029999999999,27.69800000000941,-139.51499999999442,144.5069999999987,35.99900000001526,-96.9820000000027,96.81400000000052,-3.3809999999903084,-48.614999999995234,53.44599999999673,-6.44600000000537,-55.21000000000527,56.46600000000035,12.292999999999664,-70.33099999999877,91.13500000000272,-7.483000000001994,-15.210000000001855,37.46600000000058,-21.19799999999259,-52.67600000000243,65.99700000000013,-49.41399999997884,-5.148000000002639,18.868000000000507,-58.27600000000075,16.74199999999928,-31.93899999999985,-34.71600000000308,-48.00399999999741,-21.616000000000213,2.3810000000025866,-21.72899999999629,-6.419999999999959,-34.490999999991345,-48.18100000000243,9.741000000002488,-13.049999999975626,-30.9599999999989,-20.769999999998845,7.85000000000764,-19.25299999999765,-17.76100000000156,2.875000000000228,-13.846000000000911,-17.55899999999997,1.956000000001268,-8.597000000003163,7.25100000000225,0.4439999999988231,-3.106999999999971,-0.7749999999987267,-5.769000000000091,-1.3980000000003656,-6.60299999999836,1.6449999999998963,-1.7380000000002838,-40.09100000000103,-39.51400000000831,-4.488000000000625,-17.426999999999992,-30.880000000001928,-5.144999999998845,-15.993999999999886,-25.948999999997117,-1.860000000000639,-12.68400000000014,-34.43600000000089,-0.7339999999999236,-9.24799999999948,-43.7730000000002,4.467000000001065,-6.922999999999036,3.614999999999924,-9.319999999996751,-13.809999999998013,0.5770000000097752,0.3690000000005966,-1.3119999999986476,-0.3709999999998103,-12.51399999999876,-38.212000000000046,-31.209999999998672,1.0449999999991633,-10.579000000000605,-37.11100000000016
-140.57599999999866,135.07399999999734,25.9159999999838,-129.72400000001016,136.5780000000001,28.234999999995125,-90.73199999999702,104.63100000000054,2.098999999998341,-53.75300000000607,55.761000000001104,-1.4769999999998618,-59.41399999999817,52.106000000003405,11.92599999999402,-54.68099999999368,107.40999999999872,-5.236999999988257,-30.486999999993717,35.57700000000068,-18.724999999994907,-49.17899999999804,63.16500000000005,-48.04700000001958,-5.551000000002659,22.370999999999697,-54.39400000000205,19.317999999998392,-37.25700000000032,-57.5019999999995,-40.55200000000241,-23.65700000000288,6.621999999993022,-23.698000000001684,-3.6490000000000578,-36.93900000000667,-48.954999999998,11.221999999997934,-8.984000000009473,-25.3970000000038,-30.187999999998283,8.238999999991847,-20.395000000002028,-17.786000000000968,4.421999999999571,-13.31400000000258,-16.190000000000282,1.662999999996373,-2.709999999996171,-41.73000000000116,10.176000000001295,-1.2889999999998736,-1.3550000000009277,-4.119999999999635,0.2900000000011005,-8.30400000000111,1.89500000000038,-2.562000000000353,-30.281999999998988,-33.41699999999719,-6.8240000000002965,-7.503000000000526,-32.02799999999115,-5.801999999999907,-7.236999999999938,-27.615000000002965,-4.758999999999958,-12.579999999999814,-32.990999999999815,-3.5080000000000666,-7.474999999999454,-41.85799999999986,-14.511000000000251,-21.063000000000898,-31.253000000000952,-12.134000000003198,-10.72900000000061,6.868999999989001,-3.778000000005477,-1.7090000000024477,-2.921000000000617,-18.169000000000324,-30.429000000000883,-31.838999999990847,-4.713000000000989,-20.23799999999909,-29.135000000000844
-130.03600000000688,129.94200000000262,19.88499999999931,-121.1059999999975,129.98100000000008,28.1729999999925,-52.13899999999967,113.021999999998,-19.041999999990367,-63.86799999999084,53.86399999999867,7.068000000003849,-64.15700000000015,55.935999999996966,12.267999999994572,-44.95800000000827,114.34600000000046,3.5889999999881184,-38.02500000000464,29.047000000002758,-24.23700000001645,-51.11700000000496,65.21699999999981,-46.43599999999424,-3.9220000000000255,30.91799999999907,-49.93899999999485,29.076999999995223,-47.363,-25.798999999994976,-54.71200000000067,-9.789999999998145,8.093000000008033,-27.08200000000147,41.882000000001085,-19.57999999999629,-51.31100000000117,14.440000000001874,-10.291000000006534,-48.38799999999992,-35.31800000000089,8.271000000002005,-22.204999999996744,-12.664999999998372,0.6380000000035579,-37.43299999999863,-64.51900000000137,-17.403999999999087,-6.4940000000035525,8.87700000000109,-1.5799999999998704,-2.828999999999837,1.31799999999771,-7.997000000000298,-0.3969999999981155,-6.672000000000367,1.0909999999995534,-4.456999999999312,-33.95200000000003,-40.86300000000165,-11.706999999999825,-10.771999999999338,-28.669000000007827,5.09800000000098,-154.32400000000044,-41.274999999996,-8.178999999999803,-6.963000000000008,-31.208999999999776,-7.446999999999804,-6.634999999999991,-41.43299999999997,1.1780000000001678,-3.287000000000262,0.3400000000006287,-14.830999999998085,-12.88099999999872,1.4740000000017517,29.08600000000092,-11.584999999999468,-8.40999999999923,-19.9089999999984,-29.098999999999364,-31.095000000010486,-4.934999999998979,-11.720000000000397,-28.45799999999912
-130.24299999999585,123.34299999999983,15.77100000001792,-118.46300000000838,124.04300000000036,19.39700000000357,-86.6640000000018,102.58600000000229,-0.5380000000059226,-57.07400000001144,55.0990000000013,-1.8190000000004147,-64.3889999999999,55.34900000000107,14.355000000000471,-38.01899999999705,114.6029999999996,4.407000000014705,-44.52499999999873,23.534999999998263,-36.87799999999015,-43.20099999999911,62.44799999999984,-45.34899999998743,-0.3169999999954598,26.608000000000946,-49.15799999998853,30.822999999998046,-42.92299999999969,-23.761000000001783,-47.63499999999681,-6.952000000001135,6.500999999991564,-10.34999999999684,-45.728000000001146,-45.59299999999666,-50.4809999999992,14.611999999999624,-8.825000000001637,-33.37099999998827,-22.391000000004624,7.15300000000525,-26.00400000000036,-19.768999999996595,3.64099999999894,-15.305000000000746,-16.782999999998083,1.386000000002241,-2.985000000001037,-17.76399999999967,-1.1770000000012717,-2.735000000001264,-0.1489999999989777,-2.751999999999555,-2.343999999999369,-4.748999999998205,3.379000000000332,2.66900000000021,-30.042000000000257,-33.64199999999755,-11.048999999999864,-12.768000000000512,-27.556999999995924,-17.746999999999957,-95.5719999999996,-56.9090000000017,-41.48099999999957,-12.77000000000008,-13.03000000000054,-7.255000000000678,-3.819000000001438,-34.15299999999988,1.7090000000010264,-6.489999999999441,1.2880000000002667,-17.258000000003904,-10.184000000000992,3.793999999999187,-31.67399999999816,6.140000000002033,2.97300000000007,-20.20000000000266,-33.507000000000176,-25.20099999999843,-8.94699999999915,-8.02800000000019,-28.71200000000016
-118.9269999999965,128.3760000000001,18.493999999986958,-112.24999999999454,123.82500000000007,16.45499999999629,-92.5389999999993,92.1999999999997,2.038999999990665,-58.58699999999999,62.65000000000214,7.726999999999862,-57.79799999999682,58.70400000000018,17.151000000012573,-35.40100000000166,117.5139999999999,5.052999999998065,-53.11299999999619,25.44900000000325,-41.68100000001687,-45.36400000000072,69.6150000000003,-40.95400000001064,-4.9200000000041655,48.1659999999998,-49.48700000002191,34.839000000010856,-34.15300000000023,7.672000000002299,-49.47799999999916,-10.228999999998225,7.989000000009128,-17.115000000003988,-12.454999999999927,-31.201000000010023,-49.79800000000125,16.83400000000006,-9.546000000000276,-14.60600000000909,-26.485999999994192,10.100999999997384,-25.79299999999876,-15.066000000001624,3.3320000000003347,4.44699999999898,35.10299999999802,30.594000000002097,-7.702999999997928,-2.069000000000188,-0.2749999999991814,-2.316999999999325,1.4859999999998763,-5.23900000000026,-0.6619999999998072,-4.825999999999908,1.5149999999998442,-1.5370000000018536,-27.756000000000117,-33.14900000000307,-15.549000000000037,-11.905000000000143,-23.85600000000068,-12.618000000000508,-28.763000000000005,-29.885999999999058,25.121999999999645,3.0939999999997525,-43.464999999999065,-8.915999999999968,-0.0119999999995457,-26.089999999999947,0.7279999999980191,-0.1869999999996707,-1.9230000000007408,-23.12299999999823,-21.12899999999911,0.2189999999984593,-3.653000000002749,-0.0420000000019626,-1.4020000000002142,-22.451999999998407,-31.006999999999607,-22.85200000000032,-10.502000000001033,-9.543000000000744,-18.50600000000071
-119.62800000000016,123.62600000000155,15.31999999999698,-104.63799999999992,116.554,12.146000000007009,-77.6580000000024,103.5919999999976,4.028000000016618,-63.513000000000375,86.42899999999827,2.404999999998836,-68.21899999999914,53.134000000000015,13.427999999998974,-31.896999999992204,115.68599999999948,10.619999999994434,-72.18000000000302,1.8190000000004147,-72.77799999998251,-40.86599999999976,65.36699999999982,-42.188000000010106,7.184000000000879,29.583000000000222,-44.43399999997837,34.7219999999993,-33.267000000000024,-58.49000000000615,-89.45000000000505,3.863000000001193,-3.839000000004944,-19.239999999999213,13.521000000000072,-27.75899999999183,-52.0559999999989,17.577999999997473,-4.089999999996508,-37.43899999999485,-28.61599999999953,5.926999999996951,-31.03400000000533,-16.700000000003,2.9359999999996944,-20.214999999996053,-11.72200000000032,5.119999999999436,-1.2110000000006949,-5.657999999999674,-1.337999999999795,-2.0849999999995816,-1.1349999999993088,-6.7720000000001335,-0.0120000000038089,-5.898000000001957,1.946999999999832,-5.9929999999980055,-21.50699999999972,-28.41799999998784,-12.457999999999458,-13.186999999999928,-29.08900000000472,-6.406999999998675,78.80399999999987,15.755999999998949,-7.110000000000127,-4.518999999999807,-24.107000000000767,-5.746999999999503,-2.043000000000461,-21.821000000000623,26.277000000000328,10.12800000000027,32.08800000000096,-24.42699999999718,-9.076000000001727,2.7739999999994325,-5.687999999997828,-1.4479999999991833,-3.833000000000197,-19.847999999998933,-19.979000000000724,-20.086000000003423,-6.770000000000209,0.0790000000002066,-24.92599999999925
-112.1159999999918,122.24899999999934,10.950000000002548,-103.57099999999946,117.37399999999953,9.144000000014785,-80.78899999999862,99.08100000000104,0.2569999999877836,-52.49699999999393,55.304000000001,24.53600000001188,-58.42200000000162,51.45899999999983,17.65100000000075,-29.88900000000285,111.6640000000018,13.794000000007143,-69.74500000000035,32.42799999999875,-30.365000000006148,-38.66899999998736,56.17300000000043,-37.23099999999704,5.353000000002339,32.57199999999969,-42.590000000018335,35.65099999999575,-28.43599999999995,-17.83500000000231,-22.21699999999487,-101.62300000000072,3.2100000000014006,-15.121999999999504,1.067000000000462,-25.87300000000141,-50.557000000000585,19.992000000002008,-7.799999999997453,-38.19600000000492,-28.046000000000504,8.27000000000453,-37.694999999996526,-14.363999999994803,3.0759999999986576,-19.66899999999896,-13.27799999999968,3.879000000000588,-10.906999999997424,24.91799999999671,-21.36600000000044,-4.213000000001443,0.0360000000000582,-4.653000000000418,-2.602999999999156,-6.422000000000594,2.948000000000661,-10.208000000000084,-22.382999999999956,-24.04100000001108,-14.184000000000196,-13.997999999999422,-23.68799999999851,-10.476000000002728,-11.57400000000024,-23.68199999999661,-38.50599999999957,-10.992999999999851,-7.714999999998895,-5.096999999999952,-1.518000000000086,-21.48899999999969,5.442999999999643,-2.0770000000013056,-2.543000000000717,-28.106000000002496,-8.786000000000627,1.5780000000006569,27.59100000000103,-10.931999999999675,-10.14899999999983,-24.188000000000898,-23.332999999999515,-20.638999999999896,-5.671000000000959,-11.517999999998809,-17.910000000000537
-109.93700000000216,124.29799999999886,11.657000000013795,-97.80299999999896,112.40100000000056,6.920999999988453,-79.94699999999852,95.27899999999931,2.342999999996209,-51.93500000000313,82.12200000000394,17.29800000000523,-55.70099999999911,52.96900000000164,17.394999999987704,-26.367000000004737,103.83299999999736,19.06799999999293,-67.48000000000047,-10.862000000003036,-74.4199999999978,-38.315000000000055,61.47300000000016,-35.583999999994376,5.227999999999611,27.389000000000152,-42.60299999998552,27.74699999999939,-16.892999999999958,-41.78399999999556,-48.10500000000388,-18.119000000001503,5.621999999993932,-20.89799999999684,6.391000000000702,-22.893999999996595,-51.036999999999466,21.316000000001623,-4.846000000020467,-56.98800000000119,-25.2900000000011,3.820999999993546,-36.902000000003454,-18.500000000000227,5.606000000000222,-19.885000000004997,-11.481999999998038,12.313999999997804,-5.810999999999922,10.192999999998165,1.573000000000491,-2.9519999999990887,-0.3139999999973497,-6.122999999999479,-1.0130000000003747,-7.128999999997632,3.237000000000023,-15.432000000001269,-18.12600000000017,-23.62099999999145,-15.194999999999936,-12.481000000000364,-21.630999999996448,-8.090999999998871,-17.407999999999646,-20.538000000004786,-8.208000000000482,-0.677999999999912,-21.627000000000866,-8.410999999999547,-0.7339999999985025,-19.64800000000011,-17.519000000000062,-9.694999999999254,-33.44900000000024,-33.68899999999826,-19.4439999999986,-1.166000000000622,-6.006000000002132,-1.837000000000444,-5.017000000000849,-24.09399999999948,-23.13000000000045,-21.359999999987167,-7.4399999999997135,-1.6310000000004266,-22.33099999999979
-97.61900000000878,118.86599999999989,12.524999999982356,-97.3630000000071,112.2410000000002,7.312000000001717,-73.84299999999939,99.29500000000075,3.870000000006257,-48.0829999999969,81.09799999999723,21.044999999980973,-32.550000000003365,60.63299999999572,21.680000000014843,-38.63499999999931,78.04499999999734,25.17100000000028,-86.29799999999932,3.0340000000023792,-40.85700000000543,-38.364000000012766,50.80699999999965,-27.51399999999649,12.970000000001392,13.39400000000026,-27.209000000016204,28.22800000000143,-14.380999999999844,-11.663999999996122,-52.217999999999165,-15.985000000000582,9.198000000003503,-20.49100000000408,3.596999999999184,-20.52000000001044,-36.80099999999982,22.024999999996453,-2.6859999999715,-19.409000000001697,-10.919000000001231,2.4110000000064247,-61.49899999999775,-199.7919999999965,60.09500000000117,-26.440999999999804,-9.82800000000168,4.507999999998447,-5.661000000003469,-40.67099999999755,13.763000000000147,-16.973999999999023,7.303000000001703,3.096000000000032,-2.4270000000001346,-5.003000000002089,3.156999999999499,-14.49999999999818,-13.629999999999852,-19.35400000000982,-20.06899999999945,-12.660999999999945,-21.618000000000848,-7.697999999999183,-14.465000000000217,-18.93000000000029,-5.522999999999456,-4.361000000000104,-19.30200000000042,-8.911000000000513,-0.7080000000001974,-24.485999999999564,2.9260000000007835,-4.9840000000003215,-2.089999999999748,-36.12899999999968,-9.457000000000448,3.0979999999999563,-35.62599999999918,7.679999999999154,9.045000000000414,-26.469000000000165,-35.41900000000027,-16.07300000001146,-8.556999999998993,-4.270999999999958,-17.212999999999568
-106.56099999999924,128.43599999999924,3.8810000000012224,-93.46899999999324,115.6179999999992,5.260999999973137,-71.15800000000263,93.36199999999906,2.393000000006396,-47.82700000000659,83.33700000000022,20.506999999997788,-49.29199999999696,50.72600000000307,15.63699999999244,-44.64699999999766,56.16200000000049,25.53699999998571,-87.31699999999591,10.620000000000118,-26.19000000000824,-39.33999999999856,55.36700000000039,-25.549999999998363,-2.1119999999996253,27.31199999999987,-25.610999999980777,26.197000000001932,-10.69000000000031,-4.187000000001717,-54.212000000001126,-11.110999999999647,7.44600000000446,-24.67800000000011,8.203000000000316,-17.803999999989628,-49.9449999999996,20.032000000003336,0.9159999999837964,-44.99599999999759,-25.62599999999975,7.695999999998548,-42.69400000000019,13.979999999997972,-3.792999999990343,-29.60799999999608,-11.60600000000045,5.383000000000493,-6.874999999996589,-4.604999999997972,-2.537000000000944,9.478999999998903,-9.44600000000264,-16.15500000000054,-4.533999999995331,-4.670999999999026,2.1290000000000475,-18.26599999999985,-10.468000000000188,-11.834999999996398,-13.260999999999967,-10.40700000000001,-18.82300000000328,-6.436000000002196,-16.225999999999985,-19.109999999994898,-6.454000000000093,-3.930000000000078,-20.36599999999993,-6.642000000000081,-2.661000000000513,-22.555000000000547,2.22699999999918,-2.861000000000047,-1.165000000000305,-30.2250000000015,-4.531000000000063,4.755000000000109,-3.57400000000041,-2.6799999999980173,-8.347999999999445,-24.540000000001783,-23.664999999999736,-13.769999999999529,-7.7110000000004675,-15.359000000000831,-15.337999999999852
-96.88799999998992,121.02899999999865,10.486000000014428,-93.9269999999965,113.81500000000102,5.286000000023705,-65.01499999999965,96.8590000000006,0.4879999999957363,-45.63599999999042,99.56999999999994,11.87800000000152,-44.8880000000031,51.83399999999665,23.644999999987704,-43.89699999999266,26.632000000000744,26.098000000024516,-82.7820000000088,20.11699999999905,7.000000000005002,-44.961000000000695,58.61799999999988,-22.582999999985987,-6.311000000005151,28.277999999999537,-22.03300000001036,24.243000000001302,-5.811999999999529,0.9699999999952524,-85.73599999999715,3.92400000000066,-4.108000000007905,-27.1349999999984,9.051999999999794,-13.111000000003514,-47.38000000000113,20.36399999999503,0.8420000000114669,-40.58800000000247,-6.512000000003582,5.547999999998865,-40.85400000000163,-12.40300000000616,10.158999999987373,-26.611000000002605,-9.94399999999871,7.7699999999993,-12.024000000002388,37.511999999998125,-5.837999999998544,-3.57400000000041,-0.6799999999998363,-2.9259999999993624,-0.7300000000043383,-5.630999999999631,2.2730000000002804,-20.763000000002307,-12.364999999999782,-18.933000000004085,-17.056000000000893,-10.934999999999915,-20.669999999995525,-10.944999999998116,-13.619999999999877,-13.245000000000571,-4.252999999999929,-0.0440000000001106,-20.35399999999896,-6.450999999999851,-4.682999999999993,-22.36199999999968,5.276000000000636,-4.078000000001225,3.2040000000002067,-41.16799999999898,-10.07799999999861,2.557000000001608,-8.860999999998853,0.3149999999976671,-1.3620000000003074,-24.24699999999973,-29.430999999999585,-11.221000000000458,-6.054000000000315,-6.335999999999586,-17.774
-91.70500000000176,118.17400000000193,10.059000000001106,-90.89400000000296,117.13199999999944,8.629999999993743,-62.91800000000194,90.7510000000002,2.5759999999991123,-38.06799999999839,54.75500000000011,34.766000000013264,-36.37099999999691,53.38400000000547,16.260000000011132,-45.31800000000885,4.565999999999804,29.13900000000922,-103.51499999999304,-6.716999999997597,-4.106999999987693,-43.47300000000018,51.91599999999994,-20.75200000001587,-22.002999999995158,43.86800000000051,-21.81399999999485,23.7549999999942,0.9679999999999468,5.402000000003682,-48.92300000000205,-2.868000000000848,5.561000000000149,-30.41100000000085,11.9339999999994,-12.426000000004931,-48.32299999999918,21.13700000000449,4.30900000001202,-56.12499999999727,-16.311999999999216,4.192999999997937,-49.12699999999859,9.08200000000079,-6.096999999999753,-34.51799999999707,-9.127000000003704,2.0840000000021064,-2.6090000000010605,-3.699000000000297,-8.02500000000066,-1.938999999998714,1.2239999999962947,-4.87500000000054,-0.7349999999973988,-3.077000000001817,0.6189999999996587,-22.14500000000044,-9.167000000000058,-12.139999999999418,-17.419999999999902,-10.929000000000144,-18.76500000000192,-9.730999999999312,-13.501000000000118,-16.595000000000937,-5.185000000000173,-9.856999999999871,-17.865000000000464,-4.814000000000362,-0.8629999999996585,-25.012999999999863,3.381000000000256,-0.5849999999981037,-1.4560000000003015,-43.533000000002176,-4.646999999999935,5.362000000002354,0.1910000000009404,-0.866999999999507,-3.906000000000631,-20.829999999997995,-20.08299999999963,-9.99400000000037,-4.265999999999792,-11.550000000000438,-16.23000000000019
-90.76499999999896,111.25499999999988,9.789999999998145,-91.75400000000307,115.3570000000002,10.327000000006592,-61.17800000000102,92.17199999999934,2.6360000000067885,-29.431000000010958,57.176999999995815,17.491999999992913,-34.674000000001115,55.38699999999608,18.13999999999396,-39.319000000000415,-14.587999999997692,32.726999999977124,-100.9830000000079,-10.95300000000634,-0.1769999999964966,-49.98699999999872,64.84099999999984,-21.727999999984604,-22.90100000000166,30.819999999999936,-24.207000000001244,27.057000000002063,6.24099999999963,34.62500000000546,-9.184999999996537,-6.634999999999991,20.666000000005624,-32.216999999999985,13.4270000000015,-11.627999999996064,-58.8719999999995,20.281999999997424,4.870999999980086,-26.639000000000124,-8.654999999998836,6.263000000001284,-24.82299999999782,138.63300000000436,-28.80899999999542,-29.64200000000119,-5.730999999997266,7.509999999996353,-5.997000000002117,-0.9179999999958,0.1400000000003842,-1.508000000001175,-1.6389999999944391,-2.8079999999995664,-0.3120000000023992,-0.9739999999993644,0.4280000000001394,-27.697999999998046,-2.1680000000003474,-10.662999999999556,-20.711000000000013,-7.925000000000182,-14.553999999998268,-10.107000000002133,-11.186000000000009,-15.11199999999917,-3.328000000000486,-2.832000000000079,-17.924000000000717,-2.76799999999966,-6.343000000001098,-21.25600000000034,2.011999999999148,-5.830000000000268,4.446000000000083,-40.49099999999726,-5.307000000001949,-3.4880000000043765,-6.067000000001599,-2.9820000000000846,-1.1089999999995823,-23.528000000001725,-16.02400000000017,-9.558999999995876,-4.349999999999454,-19.47899999999976,-12.028000000000816
-84.93700000000217,112.27099999999837,13.170999999988451,-88.68400000000065,114.08800000000028,10.230000000001382,-56.01199999999835,88.03100000000086,1.6239999999925203,-34.36299999999619,50.4729999999995,22.13200000001052,-33.895999999998594,59.26200000000108,14.526000000023489,-37.03600000000051,-32.54999999999768,31.32300000002033,-102.73999999999432,-14.281999999997195,1.3609999999971478,-44.452000000001135,62.45799999999981,-21.887000000015178,-15.865999999999758,16.693999999999676,-26.05000000000928,22.655999999994947,16.241000000000483,6.054999999992106,-52.66500000000178,8.114999999997963,5.389999999999873,-37.31400000000065,16.933999999999116,-9.796000000005732,-52.747999999999706,21.73400000000356,6.56699999999546,-43.773999999990565,-2.156999999999698,4.297000000008211,-45.438000000001466,-4.867999999999029,10.45599999999922,-31.33300000000077,-5.832000000000903,5.970000000002074,-3.445999999996729,-3.1710000000032323,5.025999999999442,-1.0760000000004766,0.8420000000000982,-0.7899999999999352,0.1620000000002619,-2.9689999999988004,2.729999999999677,-34.805000000000064,-6.647999999999144,-12.81099999999924,-18.012000000000228,-9.735999999999478,-13.443000000000891,-13.509999999999422,-3.168999999999756,-8.251999999998816,7.160000000000366,-7.599000000000089,-23.102999999998985,-5.295999999999879,-4.498999999999853,-20.94899999999953,27.540000000000475,0.9940000000000282,36.286000000000485,-39.62700000000154,4.723000000001321,7.925000000000182,-2.518000000000597,1.239000000001056,-3.328000000000486,-21.70099999999877,-9.687999999999874,-8.795000000003483,-1.6090000000005489,1.879000000000275,-20.87399999999917
-93.59700000001112,113.29100000000238,7.141000000001441,-91.7229999999904,114.72699999999918,14.061999999989894,-50.89100000000144,83.41599999999971,-1.964999999995598,-36.90199999999777,47.18400000000429,21.60599999999704,-35.98700000000008,62.94500000000198,17.126999999982218,-34.12499999999454,-48.72100000000046,31.090999999992164,-114.72200000000612,-47.76599999999576,-21.125000000006366,-42.43799999999851,61.29400000000018,-19.56800000000385,-23.64200000000096,38.49400000000003,-22.46099999999842,23.95000000000209,14.58399999999962,1.6970000000014809,-84.05999999999949,20.758000000006405,-3.1799999999975626,-35.28599999999926,17.20200000000034,-6.517999999994117,-34.89500000000021,24.410999999997784,3.161999999997533,-46.74700000001053,7.558999999997695,5.852999999990516,-41.66500000000042,-1.5990000000044802,8.606000000003178,-49.581000000000586,-55.53399999999726,-14.11200000000008,-5.473999999998114,0.5580000000009022,0.7210000000000605,-1.3139999999992824,1.1049999999954707,-0.5670000000002062,-0.4909999999995307,-3.7399999999991,0.1000000000004774,-34.991999999999734,-0.3900000000008674,-7.226999999988948,-26.99399999999912,-6.716000000000122,-14.3950000000018,-13.49599999999782,-18.192000000000164,-13.114000000001624,-5.675000000000097,-6.911999999999807,-19.062000000000975,-4.638000000000631,-3.3109999999993533,-22.76900000000026,-20.6310000000002,-18.500000000000227,-30.75000000000045,-41.66299999999978,-1.806999999999448,0.7420000000024629,-4.916000000000054,-1.4780000000001792,-1.7019999999988045,-22.151999999999816,-12.02000000000112,-0.0670000000013715,-3.5219999999995366,-14.117999999999851,-13.837999999999797
-78.60699999999952,109.90000000000038,16.34599999999864,-89.5270000000096,116.3090000000004,15.992000000005646,-53.91599999999812,90.80900000000156,-0.5249999999932697,-41.723000000001775,62.27699999999459,10.913000000005011,-38.87000000000285,57.40700000000061,18.48099999999704,-36.67599999999993,-60.18400000000384,33.019999999987704,-96.1979999999926,-22.797000000002758,39.36799999999039,-43.55199999999968,67.37500000000018,-22.60799999999108,-28.34399999999846,54.912000000000205,-27.648999999996704,3.8940000000025066,3.7009999999998655,-12.18900000000076,-8.386000000001559,9.307999999998628,15.587999999991098,-41.96100000000058,21.35999999999996,-8.411000000000968,-40.98700000000122,26.20900000000006,6.262000000015178,-62.30499999999779,12.668000000002166,11.047000000007756,-43.35399999999936,5.925999999999476,2.8500000000008185,-6.632000000001881,47.63899999999808,32.60200000000282,-7.834000000002561,-0.1829999999984011,-0.1949999999993679,-1.647999999997296,-1.259999999996353,-4.18200000000013,0.4940000000033251,-3.006000000002018,1.2250000000001648,-35.961000000000354,4.420000000000357,-5.334000000004835,-28.061000000001,-7.173000000000229,-12.161999999989348,-17.396999999999707,-11.419000000000068,-11.749000000003209,-4.710000000000036,-8.033999999999963,-16.35599999999897,-1.5139999999995268,-4.765999999999337,-21.056000000000097,22.854999999999848,4.478000000001714,38.75600000000006,-36.93200000000161,1.8599999999992176,-2.300999999999931,-1.9469999999984111,1.5150000000005548,0.9029999999995652,-21.029000000001474,-11.802999999999033,-3.786999999999807,0.7709999999988781,-9.086000000000638,-12.626000000000204
-88.02499999999327,111.7459999999994,4.956000000015592,-87.33499999999594,122.27900000000034,13.92799999998715,-51.05899999999792,83.04899999999975,0.2319999999826905,-32.989999999995234,30.282000000005382,30.919999999991887,-42.28800000000206,52.3589999999956,15.93000000000302,-37.35400000000482,-67.29699999999639,30.93300000000454,-110.22299999999632,-31.069000000002237,27.088000000014745,-38.96100000000047,63.64799999999988,-24.86499999999978,-22.840000000002192,18.477000000000032,-23.510000000010223,18.23100000000295,-1.3059999999999403,-7.843000000002576,-47.464000000002216,18.402000000003227,5.817000000001826,-43.61899999999821,20.30900000000031,-4.522999999994681,-42.53699999999867,23.36999999999989,4.882999999995263,-24.60900000000379,2.4080000000026303,1.696999999990112,-41.322999999999865,-0.1059999999995398,6.539999999995416,-45.171999999996615,-45.705999999998426,-13.159000000001695,-3.852000000000544,1.849999999996044,2.21300000000042,0.4339999999984911,2.22699999999918,-0.3549999999997055,-1.1870000000044456,-1.6949999999980037,0.5379999999995277,-39.18999999999926,0.7089999999990937,-8.136000000001786,-25.060999999999467,-5.633000000000266,-13.473000000010416,-18.75800000000254,-7.7249999999999375,-8.120999999994183,-4.278000000000048,-8.622000000000085,-17.257000000000744,-5.662000000000944,-2.975000000000705,-18.486999999999654,-22.225999999999143,-11.626000000001111,-34.37100000000015,-41.47100000000137,5.965000000000487,5.2120000000002165,28.130999999999062,-5.866000000000327,-14.309000000000085,-27.48399999999833,13.854999999999508,9.753000000000611,-1.9309999999990168,-3.949999999999676,-16.348000000000695
-88.82500000000846,113.27200000000062,11.339999999995598,-93.07900000000018,120.46500000000007,17.163000000005013,-52.87400000000275,86.92199999999843,-4.223999999999251,-27.410999999995056,54.437999999998965,8.325999999988198,-35.62000000000012,59.30200000000241,18.94500000000789,-40.57000000000244,-74.7190000000046,29.62600000000748,-79.18700000000172,-62.069999999999936,11.339999999995598,-37.50999999999749,64.92799999999974,-26.09899999999925,10.297000000002754,79.04400000000038,-17.93199999999615,29.096000000004096,-7.334999999999781,6.280000000003838,-86.05699999999956,30.77699999999481,-5.2309999999920365,-46.54299999999978,23.35599999999971,-6.096999999999753,-41.14999999999896,26.082999999999856,4.54099999999471,-48.45599999999877,12.511999999998125,6.341999999995096,-41.25099999999975,6.920999999999822,9.130999999996448,-31.26800000000003,1.6439999999960264,2.7339999999981046,-4.012999999997646,-11.660999999998012,1.621999999998991,39.24999999999841,-2.82900000000268,-19.11500000000004,-1.1779999999987467,-0.484000000000151,-0.6409999999995364,-37.2889999999984,10.260000000000248,-3.497000000004391,-33.09799999999967,-3.705999999999676,-7.979999999997744,-17.373000000000616,-3.96099999999997,-9.125000000000227,39.411000000000485,6.555000000000177,-37.07199999999915,-2.2679999999986933,-4.422000000000992,-21.08000000000061,22.19499999999925,3.2019999999988613,42.1990000000001,-40.51499999999919,7.368999999999914,3.661999999997079,-36.69899999999871,11.391000000000416,8.286999999999978,-20.06500000000244,-15.623999999998262,-13.29900000000066,-0.1630000000005793,-3.490000000000037,-14.80799999999931
-83.73399999999265,111.57399999999882,10.302999999998974,-90.85699999999406,118.89599999999945,19.86100000001443,-49.34999999999832,86.34299999999939,-1.3429999999971187,-30.79800000000432,52.6520000000005,12.328999999999724,-35.64499999999953,62.46299999999678,20.58199999999033,-42.6939999999945,-80.5119999999988,31.165000000009968,-158.37999999999963,-107.30899999999792,-42.37699999998768,-29.39700000000016,61.41900000000042,-28.881999999998698,-3.308000000004085,52.79299999999978,-26.464999999984684,16.613999999992757,-22.892000000000223,-14.715000000001057,-43.67399999999861,30.362000000002357,5.809999999996762,-49.32799999999986,23.92199999999889,-4.596000000003642,-44.7480000000013,27.92400000000157,7.872999999995045,-48.24199999999905,27.71900000000187,6.958000000008724,-37.58200000000329,16.199000000000296,5.24300000000153,-29.169000000001688,2.4790000000024293,7.132000000001426,-4.885999999999058,-25.68999999999733,19.1119999999998,-41.40299999999968,3.6380000000008295,17.711999999999506,-0.119000000000824,-1.5750000000025466,0.5599999999994054,-38.19000000000017,9.740000000000748,-3.784999999993488,-30.71300000000008,1.0839999999994632,-9.095000000002074,-19.95299999999816,-6.093999999999866,-10.054999999999836,-0.9600000000006048,-2.564000000000277,-19.68600000000009,-3.806000000000864,-0.6269999999986453,-15.587000000000018,2.2900000000007026,-6.365999999999872,4.096000000000544,-35.872999999998,3.77900000000011,-2.4529999999970187,27.35099999999875,-8.026000000003819,-11.714000000000624,-24.897999999998888,1.274999999998272,-2.612999999996646,-0.5790000000004625,-8.150999999999442,-16.31800000000112
-90.13700000000426,107.61499999999984,12.792999999987842,-90.17900000001192,119.6540000000006,19.96999999998934,-45.94500000000039,84.22100000000228,-6.200999999987289,-30.43199999999615,60.33299999999713,11.194000000000417,-33.74599999999646,63.74800000000391,17.73600000001352,-48.95599999999831,-75.95499999999902,30.187999999975546,-62.35400000000482,-26.50199999999927,83.80099999999402,-23.35199999999986,64.78900000000003,-26.19600000000446,-1.6909999999995762,64.8920000000004,-26.294000000007145,4.516000000000986,-22.37000000000009,-53.94900000000007,1.9470000000012533,67.75799999999776,20.89899999999716,-55.52500000000009,25.663000000001546,-4.230000000006839,-44.56300000000226,27.386999999998807,6.226000000015119,-67.30299999999829,21.23699999999644,5.345999999997275,-32.961999999997715,15.944999999999254,4.53200000000038,-1.4589999999998329,58.71300000000019,33.12399999999798,-1.8610000000023772,6.884999999999764,3.439999999999088,-1.76400000000001,0.283999999999196,0.7420000000003313,0.699000000003025,0.0870000000020354,1.8990000000002285,-36.644000000003984,13.069999999999029,0.4459999999994579,-21.815999999999747,2.737000000000478,-12.533000000001948,-16.15600000000086,2.061999999999742,-11.188000000004196,-2.62999999999991,-5.32900000000005,-14.910000000000425,-2.8050000000000352,-2.3580000000009704,-18.703000000000003,-18.79600000000039,-12.075000000000102,-34.64400000000012,-43.23699999999917,14.42299999999932,0.7110000000011496,-37.50399999999843,14.186000000003672,7.708000000000936,-25.58999999999969,1.0779999999996903,2.61600000000044,-4.4719999999998095,8.046999999999827,-18.81699999999995
-88.54299999999284,100.37100000000125,-2.0269999999982247,-93.5239999999908,118.7279999999994,19.739000000004125,-54.26899999999932,85.6979999999993,-9.802000000013322,-32.013000000006286,59.22199999999975,12.219000000004598,-34.86300000000142,67.70699999999579,19.091999999977816,-57.69000000000233,-80.83799999999997,32.75100000000748,-132.25700000000415,-129.78500000000395,-40.16100000000051,-12.519000000003189,58.97799999999975,-30.5180000000064,12.72000000000162,46.81599999999904,-22.98599999999169,0.4879999999957363,-24.34799999999981,-4.169000000001688,-88.51300000000037,20.013000000000147,-11.023000000000138,-51.79500000000132,23.721999999999355,-4.186999999990348,-43.192999999999415,25.774999999998727,6.334999999990032,-23.920000000003935,27.933000000001584,4.198999999994157,-31.536999999997303,18.54900000000157,6.121000000001686,-19.26300000000083,10.10400000000118,4.72700000000259,-4.717999999996891,-1.3520000000028176,4.508000000001289,0.4520000000013624,0.866999999999507,0.2119999999997901,-0.5310000000008586,-0.7170000000002119,-0.7669999999997401,-51.01799999999912,19.22600000000045,0.1099999999951251,-39.84700000000032,2.0400000000002194,-3.481999999996788,-18.05700000000172,-1.4239999999997366,-9.368999999998096,-2.991999999999706,-1.133999999999702,-16.258999999999446,-3.4689999999997667,-3.88499999999965,-18.90900000000002,1.0750000000001592,-2.545999999999537,3.262999999999749,-28.93100000000004,15.446000000000026,1.0429999999985284,-0.9370000000018308,-0.3659999999996444,-2.559999999999718,-25.813999999999737,6.503000000000725,-4.84000000000151,-1.3629999999992035,-12.357000000000085,-11.825999999999226
-94.20200000000705,116.95399999999978,27.7960000000121,-95.81900000000589,123.14700000000016,25.768999999991134,-49.7099999999989,80.76800000000048,-7.055999999988671,-33.349999999995816,58.55700000000184,13.0980000000136,-34.75999999999999,60.049000000003616,18.92100000000028,-60.32800000000407,-74.06300000000101,35.16899999999623,-74.12699999999859,-54.15299999999661,71.35000000000673,-11.669999999998026,67.82000000000004,-30.480999999986125,25.168000000002166,5.563000000000073,-39.27000000001044,-18.43799999999192,-8.940999999999732,-49.55400000000054,-48.25999999999908,23.9689999999996,-1.946999999995569,-52.93900000000065,25.19900000000064,-1.837000000000444,-44.62899999999763,28.982000000002017,7.581000000004678,-45.32499999999686,30.2250000000015,5.970000000002074,-23.413000000005013,15.674000000001342,8.645999999998821,-26.326999999997724,9.977999999998133,3.149999999999409,-4.059000000000879,4.288000000002512,-0.630999999999915,-1.942999999999984,2.11100000000215,0.9360000000000924,1.1719999999968422,0.6180000000000518,0.4750000000001364,-47.2769999999997,24.2830000000005,0.5250000000046384,-23.089000000000222,1.5649999999993724,-15.656000000001312,-17.283999999997945,-0.7750000000001478,-10.75999999999908,-1.3330000000003397,-0.8539999999999992,-15.12299999999982,-3.925999999999164,-0.5450000000010391,-17.73899999999955,3.793999999999187,-3.6000000000001364,1.8380000000007608,-28.316999999998416,10.195999999999117,0.0490000000013424,-0.5750000000006139,2.4729999999976826,0.6019999999992365,-27.27800000000116,9.514000000000069,-1.1290000000030886,-3.410999999999831,-7.799000000000689,-9.74300000000028
-93.25599999999667,102.35500000000002,15.306999999984328,-92.73699999999964,118.96500000000005,25.708000000008724,-55.722000000002936,87.303,-11.16900000001806,-42.89499999999862,91.32700000000114,9.705000000008113,-40.20699999999806,72.53999999999792,19.971000000009557,-71.08699999999999,-73.16900000000146,33.960000000001855,-123.43700000000126,-148.4739999999988,-63.47600000001421,-8.807000000001608,63.33900000000021,-33.069000000000415,21.681999999998425,24.00600000000068,-35.18099999998867,-18.011999999998807,-6.371000000000393,-58.46599999999853,-3.809000000001106,12.756000000001675,9.356999999999973,-56.18399999999895,29.81800000000021,-3.4240000000067994,-44.240000000002055,25.576999999998407,6.981999999993604,-43.3620000000019,27.31600000000185,9.07600000000457,-21.942999999998847,24.98400000000061,6.335000000001401,-9.676999999999223,9.497000000001776,2.5080000000002656,-0.3970000000037998,4.747999999995045,6.647999999999854,0.6679999999988695,4.113999999998441,1.735000000000042,-0.2439999999978681,0.7549999999980628,-2.331000000000216,-46.07300000000123,22.042000000000428,2.7159999999980755,-29.161999999999463,3.5970000000006053,-9.897000000000844,-9.998999999999114,-0.9489999999999554,-11.47799999999961,-4.026999999999958,0.6479999999999819,-14.853000000000804,-5.656000000000461,-2.564999999999884,-18.244999999999575,26.39199999999988,4.026000000001773,38.36699999999951,-23.43200000000252,20.93700000000069,-4.111000000000331,31.55800000000397,-3.670999999999936,-14.207999999999288,-28.377999999997883,-0.0799999999998135,0.3380000000049676,-4.5430000000010295,-10.184999999999889,-11.514999999999986
-91.2779999999998,106.89100000000025,12.463999999999942,-92.65100000000076,120.49900000000022,23.52300000000014,-51.57800000000066,86.23699999999985,-9.313999999994849,-23.59000000000151,27.407999999996942,22.289999999975407,-38.77800000000207,74.70700000000079,19.90899999998419,-66.89499999999953,-67.46799999999666,35.7050000000072,-47.46699999999464,-45.47100000000341,86.1880000000042,-7.97099999999773,59.333999999999776,-38.98900000001504,9.879000000000817,6.225999999999488,-44.45800000000872,-25.445000000001983,-5.937999999999732,-109.41100000000006,-55.29200000000287,36.81099999999447,1.6779999999926076,-55.67300000000159,31.451999999998748,-2.3680000000013024,-49.03799999999876,33.05700000000229,7.813000000010106,-60.24499999999762,30.278999999995904,4.485999999997148,-19.673999999997704,13.278999999999996,5.957999999998265,-30.64600000000155,-43.41600000000199,-22.25300000000061,-4.323999999996886,4.740000000003874,2.621000000000606,0.8209999999991169,2.548000000001593,1.3640000000002317,1.4769999999998618,-1.833999999999492,0.2929999999999211,-44.41199999999981,23.321999999999576,-2.2770000000036816,-33.32300000000004,3.850999999999516,-6.545999999997321,-16.267000000001985,9.044000000000096,-12.424000000004298,-47.445999999999344,-13.948000000000247,8.01400000000001,-2.200000000000557,-2.7999999999991587,-16.475000000000506,-0.0589999999988322,-3.004000000001384,0.7830000000005555,-10.840000000001735,12.69100000000094,-4.196000000001732,-35.97300000000416,10.942000000000007,9.953000000000143,-30.782000000002085,-0.1399999999989631,3.2839999999964675,-1.6739999999998645,-14.092999999999734,-7.497999999999649
-95.03099999999448,108.33899999999944,14.416000000005624,-91.5529999999876,122.69799999999977,24.854000000004817,-59.06999999999698,91.34699999999896,-6.750999999985652,-38.89800000000605,56.31999999999948,12.07200000001194,-40.640999999999394,73.42899999999872,21.814000000017582,-70.33099999999877,-64.59700000000339,34.72899999999299,-86.01700000000392,-89.94200000000205,1.178000000004431,-12.100000000003774,66.8020000000002,-45.958999999993466,44.634999999999536,37.38900000000029,-49.10899999999856,-5.152000000009593,-28.00500000000028,-70.56299999999283,-84.79899999999816,38.51900000000228,-12.694999999996526,-55.88699999999847,31.325999999999965,1.2450000000058026,-47.2219999999993,31.82899999999904,8.923000000004322,-26.831000000004224,21.07599999999934,7.623000000000957,-14.663999999999078,6.599999999997408,7.945999999998321,19.519000000002507,57.37799999999993,26.816000000002305,-4.788000000002057,26.466999999996688,-13.821000000001504,-2.683999999999287,2.2679999999979827,5.37299999999945,3.473000000002457,-1.76699999999812,-0.7689999999996644,-48.6629999999991,13.848999999999734,-0.3540000000043619,-28.14699999999988,5.249000000000592,-8.484000000004244,-9.838999999999489,-0.9900000000001796,-8.324999999996407,6.697999999999382,-4.340999999999795,-11.881999999999948,-3.127999999999531,-3.360000000000696,-13.673000000000002,6.853999999999871,-24.408999999999992,6.462999999999397,-4.336000000000695,20.55299999999818,-2.758000000000038,4.903000000004454,8.652000000000726,0.6039999999998713,-30.53199999999663,2.9819999999986635,1.1140000000011696,1.3620000000003074,1.6150000000003215,-15.079000000000065
-96.14900000000262,116.16700000000009,44.994999999994434,-95.7160000000158,120.5379999999998,22.374999999988177,-59.31400000000053,91.13399999999956,-2.38000000001648,-40.61299999999619,56.95500000000493,14.904999999998836,-44.53399999999874,78.69200000000092,21.875,-68.58499999999594,-50.20399999999654,27.038999999990665,-76.9839999999931,-76.58399999999688,-0.238000000001648,-10.870999999997366,67.2309999999996,-50.63500000001113,51.79699999999912,-7.621000000001032,-43.15200000000914,-1.1899999999968711,-37.20800000000004,-79.09000000000788,-11.78899999999885,28.57400000000325,9.411000000000058,-54.43099999999959,31.92200000000156,2.636999999992895,-48.019000000002166,34.573999999997795,5.737999999996646,-42.30000000000018,24.56600000000435,6.389999999998963,-14.346000000000458,12.742000000002918,4.1600000000016735,-17.000999999999067,-48.194999999998345,-20.54499999999848,-3.814999999997326,0.8860000000026957,1.655000000000939,0.4829999999998335,6.180000000000518,0.7140000000006808,3.1799999999975626,-6.785000000002128,-1.130000000000564,-47.19599999999957,28.099000000000277,6.342000000006465,-27.65500000000003,6.80499999999995,-6.435999999996511,-6.3400000000001455,3.4140000000000725,-8.397999999999683,8.080000000000354,3.5969999999998947,-10.500999999999294,-2.355000000000018,-2.861000000000047,-14.186999999999728,5.592000000000041,-3.2099999999999795,-0.0560000000000115,7.76000000000181,20.23200000000145,-3.827000000001135,2.1909999999962797,3.62700000000018,-0.1710000000002765,-28.90700000000379,0.9489999999999554,3.863000000001193,4.155000000000086,-10.688000000000386,-10.183999999999571
-97.58900000000494,109.0379999999996,-15.575999999987287,-96.14199999999757,123.23500000000038,24.74400000000969,-62.13000000000193,89.1980000000018,-5.212999999980639,-42.6270000000045,56.37199999999893,14.343000000008033,-48.96500000000401,78.7239999999997,23.377000000004955,-60.55900000000065,-37.00900000000047,25.3170000000182,-70.29400000000123,-48.989999999997735,8.123000000000502,-13.362999999998236,70.56600000000017,-46.23999999998887,48.15100000000143,-10.621999999999332,-53.25900000000274,-2.880999999990763,-44.20000000000002,-87.17599999999948,-47.96400000000176,38.5249999999985,-1.964999999995598,-50.6920000000008,32.69899999999808,2.7340000000094733,-46.37000000000171,35.608000000001994,7.372999999984131,-27.648999999996704,9.371999999996206,5.280000000004748,-26.58999999999878,27.297999999996136,9.939000000002808,18.95099999999843,50.69599999999923,22.90099999999597,-2.71900000000187,-18.848000000002685,18.55499999999921,-15.023999999996818,10.18900000000258,16.180999999999557,4.192999999997937,-4.829999999998336,0.7120000000000459,-49.42800000000034,21.27399999999895,1.4769999999998618,-28.893000000000768,9.985999999999253,-4.84000000000151,4.1600000000016735,2.1480000000000388,-12.390000000004877,5.738999999999805,-3.79499999999986,-3.4940000000005966,-0.6859999999996091,-4.076999999999487,-14.666000000000423,11.100999999999315,23.18599999999833,-9.741999999999962,5.304000000000997,20.425000000000185,-5.288999999993393,3.2839999999993097,7.043000000001598,2.159000000000333,-30.02099999999928,-3.155999999999892,7.074000000000069,2.2419999999996776,-9.690999999999406,-17.65400000000028
-99.18799999999236,100.78200000000096,0.4889999999932115,-97.77199999999766,120.5059999999996,28.088000000002467,-68.41499999999883,98.57099999999832,-4.10100000001421,-48.64499999999907,59.98299999999972,19.79999999998654,-49.67699999999695,79.75099999999884,19.616999999993823,-58.77100000000155,-20.206000000001723,26.965999999993077,-93.9640000000054,-36.60199999999918,4.302999999993062,-18.604000000004817,69.53099999999992,-49.41400000000158,61.62099999999669,12.369999999999948,-53.03899999998976,-12.29800000000978,-42.38199999999992,-94.7689999999966,-89.43199999999933,42.5990000000013,-10.87600000000748,-57.788999999999646,32.09600000000137,3.606999999999516,-51.83899999999824,35.99500000000262,7.202000000006592,-39.66399999999908,23.66100000000415,4.631999999992331,0.9669999999971424,-6.6319999999961965,-0.3200000000049385,3.1369999999981246,3.965999999999781,0.7080000000030395,-3.1769999999994525,2.4440000000026885,5.638000000000432,14.148999999997612,-4.759999999998854,-5.5529999999997415,3.1700000000000728,-3.7350000000003543,-2.248999999999768,-47.30600000000038,22.09100000000106,-1.624000000003889,-14.941000000000315,12.682000000000215,-5.086999999997488,5.806999999998652,4.634000000000071,-13.245000000000571,21.12199999999973,4.290999999999912,-5.752999999999986,0.2299999999991087,-3.757000000000232,-13.452999999999804,19.675000000000864,-1.8569999999982656,-3.8250000000005,2.6490000000023883,18.78799999999785,-1.4100000000041746,2.1800000000041564,5.6049999999999045,0.359999999999161,-30.96999999999923,-1.15600000000029,5.234000000001515,13.197999999999864,-15.212999999999964,-15.946999999999887
-107.94100000000526,115.10199999999884,36.73000000001139,-104.5780000000036,117.83300000000024,32.04399999999623,-67.4919999999986,88.97400000000175,-0.2079999999978099,-39.81300000000374,64.07099999999559,11.011000000007698,-54.919000000001006,78.43300000000113,22.631000000001222,-53.73499999999467,-3.575999999998203,28.1729999999925,-72.625000000005,-22.6380000000006,6.812000000013541,-20.192999999994758,70.64200000000014,-58.30100000000584,81.9090000000017,-8.68199999999959,-48.63299999999526,-10.26000000000522,-34.84499999999997,-90.82100000000536,-8.16300000000183,28.766000000001668,12.402000000008684,-52.497999999999934,35.65699999999907,2.332000000001244,-48.77500000000055,36.52099999999336,2.892999999994572,-25.87599999999952,18.08099999999513,4.877000000010412,-22.09100000000035,-109.24400000000104,44.18600000000197,-0.6219999999984793,12.814000000000192,4.277999999999338,-1.523000000003094,29.44999999999709,-13.651000000000124,-0.380000000001246,4.323999999996886,6.803999999999633,3.6170000000026894,-1.8079999999997651,-0.4530000000002587,-48.678999999998496,21.717999999999197,2.8510000000096625,-15.993999999999176,16.988000000000625,-11.740000000003192,15.944999999999254,6.925000000000026,-14.73699999999667,26.93300000000036,3.427999999999898,-4.551999999999623,8.042000000000371,-7.326999999999373,-16.543000000000063,21.31199999999893,-22.73399999999981,-5.460000000000065,0.0579999999956726,25.160999999999945,-2.762000000001308,2.7899999999959846,2.593999999999141,3.1540000000006785,-29.43700000000149,5.903000000000702,3.6229999999989104,14.16200000000032,-19.06000000000105,-16.96799999999996
-111.81700000000774,116.56300000000071,19.84899999999925,-105.99399999999832,121.10200000000012,31.71399999998812,-76.56000000000063,92.39499999999909,-1.488999999992302,-51.88599999999042,66.84600000000387,13.476999999988948,-53.45500000000243,82.43699999999876,19.55599999998867,-55.89599999999564,10.818000000000438,21.30200000001423,-119.97099999999818,-90.79600000000596,-108.75300000001288,-18.81400000000326,68.79899999999992,-53.454999999985375,48.63599999999906,-1.593000000000444,-56.44500000000789,-23.858999999993102,-26.37499999999981,-89.01899999998477,-54.72199999999816,35.05899999999542,0.121999999998934,-48.90699999999981,33.85999999999996,-1.416000000006079,-53.21500000000015,40.06300000000351,3.760000000011132,-19.77200000000039,14.896000000004506,6.9889999999986685,2.0590000000026976,144.09499999999866,-26.378999999997177,1.7299999999977445,14.732000000000768,2.73199999999747,1.5139999999973952,2.0840000000021064,6.153000000000475,-9.797000000000368,10.944000000000642,18.52799999999988,3.3599999999978536,2.556999999998766,-0.6269999999993559,-44.9450000000013,12.683000000000533,-7.495000000005803,-9.780000000000657,24.321999999999377,-10.8859999999936,21.70500000000004,5.596999999999852,-17.2300000000007,37.4609999999997,5.5980000000001695,-6.152000000000157,6.656000000000262,-3.965999999999781,-14.880999999999744,27.833000000001107,27.3469999999989,-21.38499999999937,-0.9299999999996088,25.41000000000224,-7.103999999998223,0.9200000000021192,5.501999999998475,2.755999999999404,-28.35399999999879,-11.68700000000058,5.943999999999505,15.926000000000329,-8.142999999999034,-29.941000000000884
-117.3029999999926,111.27499999999912,51.59899999998743,-114.00699999999232,123.1809999999996,33.56900000001133,-79.75500000000011,92.16299999999931,-2.782999999999447,-50.12199999999893,72.75399999999763,12.438999999994849,-56.945999999993546,84.34799999999996,19.543000000021493,-60.20500000000766,21.868999999998096,19.75099999999657,-78.18599999999378,0.821000000001959,2.6919999999904576,-22.68100000000004,75.04799999999996,-47.81500000001415,30.709999999999127,1.2889999999998736,-57.14199999999892,-15.985000000000582,-19.583000000000084,-73.71900000000551,-88.34499999999821,42.862000000002354,-8.636000000001332,-59.82999999999947,37.75700000000057,-4.601999999999862,-49.61500000000001,44.33599999999842,-0.3299999999853753,-21.523999999999432,17.791999999997188,9.47199999999384,-19.47600000000307,-108.08400000000232,44.11299999999869,0.0670000000013715,21.030999999999267,4.687000000001262,2.2730000000080963,5.457000000001244,7.062000000000523,13.179999999999836,-6.072999999997819,-3.720999999999464,2.5689999999997326,1.972000000000662,-3.481000000000733,-36.26799999999832,16.760999999999626,-6.195999999999913,0.3709999999998103,28.840000000000288,-14.837000000005672,24.407999999999674,15.103999999999829,-18.795999999997548,37.26300000000009,11.593999999999838,-7.318999999999676,4.872000000000298,-2.61600000000044,-14.40899999999985,33.50599999999986,6.793000000000404,-16.629999999999967,2.7250000000037744,25.80899999999815,3.7110000000041055,2.980999999999767,5.521000000001664,3.6209999999996967,-26.327000000000567,-9.613000000000229,-0.4600000000039017,23.492999999999142,-8.802000000000731,-26.192999999999245
-128.31399999998894,106.03400000000109,-5.529999999998836,-120.90500000000476,122.73600000000044,39.76999999999862,-85.42400000000043,93.96500000000005,-3.1860000000051514,-48.43100000000504,78.48800000000438,10.400000000004184,-56.30500000000325,78.74100000000226,17.370999999980086,-66.28999999999223,32.63299999999845,16.723000000001775,-55.37100000000237,-20.819000000000187,-17.2909999999888,-25.58899999999653,78.63000000000007,-50.38999999999305,14.529000000004544,4.185000000000372,-59.53299999998762,-8.141999999998006,-19.75800000000021,-64.12300000000641,-17.950000000001864,28.20699999999761,15.147999999999229,-49.42800000000034,38.6889999999994,-6.426999999996497,-44.9009999999987,43.36900000000128,1.5989999999646898,-29.3860000000052,30.563000000000784,9.64400000000296,-6.023999999996477,25.25600000000168,8.193999999997459,4.248000000001184,16.23700000000099,2.681999999998652,2.584999999999127,5.095999999997503,5.462999999998885,5.592000000001463,2.065999999996393,7.180999999999926,3.238000000004604,2.6579999999995607,-1.6489999999997451,-31.10099999999818,22.604000000000468,-5.505000000005111,1.4840000000020837,35.802000000000334,-17.700999999999567,28.643000000002417,13.873000000000246,-20.12900000000286,40.6480000000002,11.247000000000185,-9.349000000000274,7.3879999999995505,-2.579000000000065,-14.905000000000255,36.822999999999695,3.2700000000005502,-14.178000000000424,-2.1240000000034343,25.11700000000019,-3.479000000004362,4.046999999999912,2.965000000000373,2.5580000000005043,-21.57300000000077,-0.3919999999993706,-4.687999999998738,21.184000000000932,-13.41199999999958,-26.574999999999704
-132.44000000000824,95.69699999999985,16.517000000021653,-123.4739999999988,126.83800000000004,41.33300000000872,-89.81099999999742,92.04300000000104,-0.1829999999927167,-58.59400000000505,98.51699999999823,-2.4779999999964275,-59.83600000000138,81.99200000000246,17.371000000002823,-67.43200000000797,40.85000000000037,10.973999999987427,-52.96700000000101,-2.0729999999957727,-4.749000000003889,-31.73500000000331,84.20300000000012,-44.983000000002,5.154999999996335,4.104000000000241,-58.41100000000097,-5.13300000000072,-17.755999999999972,-55.64600000000155,-57.02499999999873,33.84399999999914,4.180999999994128,-49.54800000000148,27.279000000000053,-8.887000000004264,-56.98399999999992,45.747999999997546,-1.5989999999646898,-28.829999999999245,27.45999999999924,9.29599999999482,-5.905000000001337,30.880999999999403,5.139000000002625,-0.2620000000035816,12.2809999999987,0.5930000000034852,2.7439999999955944,3.070000000002437,6.397000000001185,2.884000000000242,3.7900000000036016,5.790999999999968,3.426999999999225,1.480000000000814,-1.9199999999997883,-23.169000000004303,18.641999999999825,-8.819999999991524,0.9509999999991692,43.97699999999958,-13.11600000000226,34.01800000000037,21.35700000000007,-21.890999999999394,40.10800000000003,12.06700000000005,-7.022000000000617,7.840000000000202,-2.295999999999765,-14.202999999999832,33.50200000000001,6.694000000000244,-21.258999999999872,0.3930000000025302,31.36000000000081,-0.8120000000019445,2.965000000000373,3.9909999999991896,2.419000000000437,-19.034999999999517,-1.2540000000001328,-8.504999999996699,17.553999999999803,-20.12900000000002,-24.793000000001086
-137.5189999999975,112.9649999999998,25.108999999974912,-130.38300000000618,125.019,47.00999999997748,-101.47699999999986,98.45699999999908,0.4999999999881765,-50.13500000000022,65.83599999999592,12.645999999995183,-59.453999999999496,86.58499999999663,13.196000000016284,-70.57499999999663,51.17500000000064,6.078999999999724,-37.7619999999979,6.191999999998643,-7.177000000001499,-44.63200000000143,81.42800000000001,-48.20599999998194,-0.7720000000006166,4.09000000000006,-54.052999999998974,-10.027999999999793,-3.334999999999866,-52.83199999998942,-91.79399999999872,40.63700000000381,-10.954999999989925,-44.27699999999959,49.19800000000123,-10.973999999998796,-69.74400000000003,43.68600000000242,-0.5860000000211585,-32.79399999999555,28.911999999999694,9.929999999997108,-3.189000000003261,23.401000000001204,5.33800000000042,-19.32999999999652,-40.79600000000028,-24.86000000000104,-0.121999999998934,3.246999999998934,2.450999999999226,2.205000000000723,3.786999999999807,7.600000000000051,4.107999999996537,0.5279999999999063,-2.5420000000003995,-17.987999999999715,25.34300000000016,-4.655999999999949,10.239999999998872,50.62899999999999,-17.45899999999665,34.23599999999851,30.546000000000006,-24.227999999999383,38.707000000000136,13.25499999999984,-7.753999999999905,4.6899999999993724,-4.013999999999385,-14.167000000000485,35.83399999999983,-0.7919999999998595,-17.467999999999506,3.388000000001057,20.006000000000768,-7.898000000000138,3.7469999999984793,6.136000000000763,0.6409999999988258,-19.96499999999912,8.843000000000245,-9.249999999991587,21.88500000000033,-18.558000000000163,-22.777999999999565
-143.44500000000835,118.95999999999988,51.185000000009495,-135.00399999999215,125.3269999999997,53.02700000002005,-100.53700000000276,94.57400000000008,3.0399999999872307,-56.01799999999457,86.78200000000516,2.9790000000048167,-58.51700000000051,87.52100000000382,12.059999999996762,-73.65700000000288,62.979000000001406,1.6000000000076398,-35.059000000001106,17.404999999996562,-11.188000000004196,-54.89199999999528,82.84299999999973,-41.87000000001717,-4.003999999997632,5.543999999999727,-55.95700000001216,-4.23600000000306,-15.237000000000124,-48.21800000000849,-18.450999999998885,24.615999999997484,8.696999999995114,-50.29700000000048,41.46699999999868,-7.830999999998767,-60.54900000000032,49.04200000000287,-2.6609999999891443,-56.32300000000328,26.79200000000037,9.430000000008931,-5.5419999999969605,18.92700000000218,3.888000000000602,31.61299999999869,64.02900000000216,28.899999999998727,-2.472000000000208,6.722999999999502,0.3050000000001773,-0.1100000000008094,4.883000000000948,4.182999999999737,2.448000000003958,0.2010000000012723,-0.487999999999289,-10.73599999999999,23.23199999999943,-6.6590000000019245,7.922000000000651,55.79299999999989,-15.476000000001022,36.15599999999972,31.95499999999996,-22.25300000000061,38.21299999999965,18.104999999999905,-6.314000000000419,8.089000000000368,-3.4230000000007976,-13.63799999999955,39.30600000000055,-0.1460000000022887,-19.0160000000013,14.208999999999604,24.68899999999792,-0.3849999999999909,0.684000000001106,4.022000000000503,0.9440000000012104,-16.335000000000832,8.97899999999936,-7.556000000010954,21.893999999998925,-9.64699999999965,-28.519000000000005
-156.71299999999064,117.66899999999936,66.03999999999814,-137.06600000000435,187.36900000000037,60.24199999999382,-113.66199999999368,100.2679999999998,4.773000000022876,-55.15100000000075,92.80999999999722,1.3299999999844658,-65.16500000000178,81.75299999999766,11.865000000011603,-66.8890000000033,67.30400000000145,1.6110000000026048,-27.142000000003463,25.744000000003098,-10.241999999993824,-58.41100000000097,84.07000000000018,-33.84999999998399,-10.935000000000628,6.2120000000000175,-48.12000000001717,-0.3050000000030195,-1.8269999999997568,-39.81899999999996,-92.95700000000124,40.225000000003774,-12.756000000001675,-44.16699999999594,43.7090000000012,-9.735000000000582,-60.1159999999993,49.55499999999802,-6.140000000004875,-7.504000000000133,-153.5439999999994,143.77399999999625,-0.745000000000573,2.52399999999966,11.312999999995554,0.4240000000038435,2.7899999999988268,-6.221999999996797,-3.9459999999962743,4.3250000000000455,2.9619999999994207,-1.0070000000013124,2.8079999999931715,0.4570000000001073,3.386999999997897,-5.577000000002386,-1.3120000000007792,-5.395999999998935,21.045999999999765,-9.59500000000162,23.69599999999963,59.21200000000013,-16.964000000001533,46.50399999999877,30.568999999999846,-27.893000000000256,50.66500000000005,22.838000000000136,-5.261999999999034,11.690000000000111,-2.6390000000006357,-9.09200000000041,47.63200000000012,4.590000000001737,-18.768999999998925,6.929999999999836,23.574000000002115,-7.934000000000196,3.2449999999982992,4.201999999997952,-0.7880000000000109,-18.256999999999834,8.23299999999989,-4.064999999997099,29.252000000001036,-0.8859999999998536,-37.67600000000044
-157.65400000000227,108.29900000000094,15.013999999996486,-150.8489999999938,76.2039999999999,57.22599999999147,-115.19199999999614,102.56100000000004,6.835999999998421,-67.24199999999882,112.69599999999969,-6.59099999998034,-63.6229999999955,82.28199999999788,11.169999999992797,-61.63899999999103,84.11199999999894,2.733999999986736,-14.13599999999633,44.91600000000062,-7.324000000005526,-74.4259999999997,83.89499999999987,-29.944000000023152,-10.955000000001291,7.990999999999815,-40.7839999999851,-3.5159999999905267,5.793999999999855,-30.72500000000673,-12.726000000003523,28.692999999998392,5.669999999997799,-38.203000000004295,42.7519999999987,-5.469000000005053,-60.104999999998654,50.53399999999897,-5.639999999993961,-38.54099999999789,31.07299999999782,7.8190000000063264,-1.3399999999990089,18.691999999998643,1.4980000000036853,9.042999999996937,2.544000000000324,-2.375000000000682,-2.539000000001579,4.086000000000922,-0.9600000000006048,1.3230000000021391,5.261000000001559,-0.0270000000000436,1.3610000000028322,-5.272999999999684,-1.8670000000000184,-2.1070000000008804,28.091000000000577,-0.5189999999970496,28.53099999999955,69.17400000000029,-13.543999999996004,65.18900000000372,33.36800000000011,-29.42499999999768,50.69000000000017,24.85099999999996,0.4499999999993065,14.253000000000071,0.4600000000010595,-7.837999999999567,47.38799999999941,-2.16700000000003,-19.452000000000425,15.393000000000256,17.124999999998636,-9.699000000000524,2.2829999999999018,5.932000000001381,-2.329000000000292,-14.8889999999966,13.679000000000483,-4.366999999996324,31.750999999999863,-21.753000000001062,-21.553999999999007
-168.33500000000186,115.34499999999925,49.31700000001911,-152.6610000000005,190.832,76.5139999999974,-118.94800000001167,103.0210000000011,12.51199999999244,-54.13899999999785,89.41599999999994,17.66299999999319,-68.55700000000411,85.2170000000001,15.233999999986736,-57.20800000000281,83.14899999999739,7.666000000017448,-11.554000000000997,52.68599999999992,-6.054999999992106,-83.73400000000402,78.5540000000001,-29.95599999999285,-19.55299999999625,1.5469999999993431,-34.69199999999546,-2.8500000000008185,11.947999999999936,-20.00099999999065,-51.14399999999932,36.16899999999532,-3.008999999997286,-44.91899999999873,45.02200000000158,-1.6840000000001965,-59.610000000000696,50.04799999999818,-5.2000000000134605,-58.56899999999996,111.14100000000349,-27.373999999997523,-8.501999999998588,-0.866999999999507,0.6199999999978445,11.507999999997764,-1.953000000000316,-3.72000000000412,-6.979000000001179,0.8359999999981937,0.9610000000009222,-0.3030000000023847,5.371000000002368,-0.1869999999996707,3.5679999999956635,-6.831999999999994,0.7970000000000255,2.407999999999788,23.357000000000028,0.0729999999975916,26.657000000000156,71.67999999999992,-3.680000000002792,63.29599999999687,46.56199999999977,-15.613000000001875,94.4189999999999,38.68000000000009,-22.843000000000306,17.03899999999905,-3.748000000000218,-2.907000000000437,49.88799999999998,-4.726999999999748,-15.524999999999524,27.222000000000435,17.238000000000397,-5.187999999992599,3.354000000001633,9.387999999998442,2.899999999999636,-12.123000000002548,18.088000000000196,0.5799999999965166,33.662999999999954,-26.853999999999445,-22.54599999999982
-181.0299999999984,121.70600000000036,53.3319999999776,-172.8330000000028,84.06999999999982,67.5780000000259,-131.57099999999673,104.81900000000051,16.064000000005763,-64.03800000000501,122.7390000000014,18.12800000000152,-71.33799999999724,76.0530000000017,14.356000000020686,-59.44800000000896,84.5670000000041,16.687000000001717,18.866000000002717,55.50499999999943,17.583999999999378,-99.10899999999856,84.12800000000011,-20.77600000000075,-27.53899999999589,26.21300000000062,-20.958999999993463,-3.3879999999953725,22.793000000000063,-6.085999999993419,-87.79599999999732,47.10700000000543,-14.990000000000236,-47.55100000000141,45.70599999999985,2.3620000000050823,-48.59400000000278,48.30700000000547,-3.223000000002685,-42.00500000000034,80.97099999999955,-102.61900000000423,-5.777000000000498,-2.0319999999969696,9.375,-9.337999999996782,-48.62500000000125,-23.437000000001262,-2.082000000001472,1.7910000000028958,3.71200000000016,-0.5989999999997053,6.243999999998096,4.443999999999448,6.060000000002219,-8.655999999999153,-0.7889999999996178,7.670000000001664,22.980000000000445,6.530999999995402,43.90000000000072,77.05899999999986,-1.4589999999998329,49.46500000000072,-91.32599999999977,-56.43900000000031,0.2450000000003172,11.135999999999768,27.946000000000023,16.203000000000856,-2.544000000000324,-3.7189999999995393,51.15200000000044,-1.3289999999997804,-10.944000000000642,18.85699999999701,17.97200000000032,-12.127000000003818,6.614999999999327,5.019000000001483,-2.562999999999249,-11.117999999999029,10.42799999999886,8.534999999994852,34.00299999999987,-13.656999999999895,-22.59800000000069
-186.33500000000825,115.8609999999996,59.78999999999815,-181.8970000000036,144.538,85.65699999999197,-133.54800000000182,99.6469999999988,19.128999999998086,-63.609999999994216,148.74599999999987,27.30699999999615,-69.02499999999918,73.55400000000145,21.69099999998707,-62.45799999999235,62.51800000000003,30.457000000001244,61.486999999999625,107.32699999999797,110.8769999999936,-103.08899999999994,81.80699999999987,-11.071999999990112,-43.109000000004016,23.44799999999978,-16.687000000001717,-6.506000000013046,30.657000000000423,9.88799999998946,-9.705000000002428,40.2559999999994,9.45400000000518,-48.30899999999758,49.852999999998815,8.470999999997275,-55.58800000000019,47.875999999996566,-1.2199999999893407,-36.51100000000156,13.428999999999292,4.626999999993586,-9.624999999999773,8.019999999999072,-0.6750000000010914,29.631999999998012,46.99200000000019,24.560000000002447,-4.6349999999961256,3.449000000000524,0.0880000000009317,44.58500000000072,4.172000000005482,-20.731999999999573,2.911999999997761,-6.687999999999761,-1.845000000000141,-5.113000000000056,-14.387000000000684,3.4060000000067703,32.160000000000366,87.2399999999999,17.083999999999833,70.8340000000021,181.2079999999998,22.556000000003,43.94499999999937,25.902000000000317,1.4530000000007703,14.838999999999912,-3.454999999999586,-3.941000000000372,49.85599999999977,-6.7450000000008,-10.260999999999854,23.39200000000119,25.93699999999899,-10.013000000003558,2.6780000000002246,4.675000000000296,1.1409999999997922,-4.071000000001845,35.971000000000686,11.942000000004782,30.831000000000586,-8.032000000000039,-21.774999999999523
-203.1799999999976,124.31000000000124,66.66300000001684,-202.41099999999503,205.78800000000007,97.91199999997389,-130.44399999999996,100.39700000000096,24.791999999979453,-69.96500000000196,160.33900000000472,33.89900000001944,-66.79100000000062,77.93199999999842,29.358000000001997,-68.24900000000298,40.55199999999672,46.64299999997184,26.7029999999977,38.03400000000465,51.01300000001174,-120.04999999999768,80.98500000000008,-4.126000000019303,-62.66200000000026,31.644000000000005,-5.811000000016975,-14.818999999988591,35.05499999999948,31.22600000001512,-43.21899999999914,48.63899999999717,4.6809999999936736,-52.81999999999982,45.88800000000077,17.511000000001786,-66.91599999999767,44.43600000000174,-0.7210000000213768,-26.87999999999988,10.406000000000404,2.740000000005693,-6.229000000001861,17.16599999999744,0.0580000000013569,8.48100000000045,9.880000000001132,-3.719999999998436,-3.0280000000004748,2.556999999995924,4.237999999999431,-40.64500000000066,10.500999999999294,21.833999999999776,2.181999999999107,-6.979000000001179,-1.717000000000013,23.58600000000024,72.93400000000005,33.71599999999262,44.06800000000004,89.57100000000011,17.31800000000021,56.66399999999783,-76.78100000000008,-53.45800000000054,39.77300000000028,23.071999999999804,5.1310000000000855,11.041000000000167,-2.0919999999989614,-0.2449999999996066,42.84799999999933,-12.304999999999213,-11.621999999999844,23.36700000000178,23.582000000001813,-2.377000000001317,-0.2890000000007831,8.332999999998947,-0.745000000000573,-8.358999999998673,22.817999999999472,24.57899999999995,23.669999999999902,-17.022000000000048,-11.727000000000489
-207.93399999998883,131.83699999999874,99.81699999998456,-216.6749999999979,109.69100000000012,95.41100000003551,-144.0710000000024,104.17899999999918,34.241000000019994,-75.78700000000254,178.58299999999758,31.371999999987565,-57.756999999998015,78.4370000000024,35.68199999999706,-74.58499999999049,19.76900000000228,70.54400000001806,7.45200000000068,-1.4280000000042037,55.54199999999128,-140.71900000000142,87.09399999999991,4.883000000018001,-91.35100000000308,45.38000000000011,3.6130000000184737,-17.347000000006574,38.34400000000002,50.963999999976295,-70.7209999999975,67.38000000000284,-6.279999999992469,-58.26600000000042,44.196999999999775,22.839999999996508,-51.66900000000112,42.16599999999744,3.321000000028107,-19.2169999999976,10.140999999998712,-1.6050000000063849,-10.75400000000286,14.449999999999363,4.394999999999527,10.305999999997084,10.08199999999988,3.030999999998585,-7.065000000000055,8.988000000005059,0.2759999999994988,42.64100000000042,7.851999999996906,-16.537999999999897,4.782000000000153,-3.317999999998733,-1.2919999999994047,15.151999999997656,40.11700000000005,24.20600000000377,33.53699999999975,101.5100000000004,25.89100000000144,34.953000000001566,291.82500000000005,69.42699999999604,86.13100000000031,40.03300000000003,-18.23700000000059,9.528000000000247,-0.3130000000012956,-0.6760000000006983,42.77900000000017,-9.9969999999999,-2.6470000000003324,38.97999999999797,36.02300000000014,5.410000000000537,39.65000000000316,0.2870000000001482,-11.588999999999317,-4.348000000001662,44.71500000000077,16.76599999999553,21.762999999999977,-13.924000000000092,-7.54400000000004
-215.43000000000347,124.61200000000048,59.28900000001249,-223.87100000000828,215.48799999999983,117.14999999999236,-147.78699999999958,106.2659999999994,39.90499999999884,-72.74800000000141,155.25499999999963,61.730999999986125,-56.3510000000008,83.44999999999914,35.85199999999986,-77.18500000000859,-5.297999999999092,86.93900000000667,45.8439999999996,26.69400000000337,152.39900000000262,-150.24099999999976,90.35900000000012,18.859999999972388,-114.33099999999854,61.96100000000087,15.345000000002074,-27.68499999999676,39.93900000000039,77.08100000002105,8.791999999999689,57.80599999999936,18.859999999995125,-65.98800000000153,45.93200000000053,26.916000000005624,-53.26900000000023,42.46600000000171,5.968999999981861,-9.747000000004393,25.276999999999816,1.172000000008211,-6.142999999997301,43.77700000000005,-7.760999999999285,10.99200000000451,14.734999999998877,-0.745000000000573,-1.837000000000444,6.002999999998337,5.8279999999996335,-40.55299999999704,12.288999999998396,26.9280000000002,5.209000000002106,-4.803000000001134,-1.7420000000008429,10.83500000000015,53.71400000000008,36.68199999999615,34.60499999999911,112.84899999999992,32.385999999996784,55.07199999999841,64.69500000000004,-4.653999999999314,28.54199999999949,25.799999999999912,6.24300000000062,8.85199999999955,0.0410000000002241,1.4290000000002578,47.07400000000064,-15.503000000001066,-3.701999999999828,-4.93200000000229,33.73899999999992,-18.786000000000055,-29.089000000001874,18.9819999999969,11.988999999999804,-4.171999999999798,55.83499999999901,28.21100000000456,16.413999999998907,-19.95399999999989,0.2120000000005006
-236.44400000000587,128.74300000000005,71.22799999999643,-237.0360000000005,168.24200000000005,118.7750000000051,-157.79699999999934,108.99300000000096,48.6810000000105,-63.32999999999629,124.43799999999784,73.79100000000562,-54.70000000000255,84.95499999999652,34.215999999992164,-92.95700000000124,-37.596999999999525,112.68299999999272,37.7140000000054,-26.282000000003336,158.80700000001298,-166.3850000000025,87.72500000000001,25.65900000001875,-144.33900000000222,81.43500000000046,26.195999999981723,-33.52700000000368,33.44999999999985,111.32799999998042,-22.906000000000404,78.02699999999732,8.893000000000484,-76.82800000000043,48.71099999999871,31.91600000000108,-45.833999999999264,35.38199999999847,6.078999999999724,-7.125999999999522,34.20399999999972,-2.6190000000042346,-6.774999999998954,12.848000000002456,8.208999999999378,10.009999999999764,15.958000000000538,1.4710000000036416,-1.8640000000004875,2.162999999995918,5.477000000000487,48.0969999999985,4.1600000000016735,-14.72000000000051,3.991999999999507,-2.868999999998323,-2.3599999999994736,14.709000000001993,63.54200000000034,43.622000000004846,31.24700000000047,121.12999999999944,38.68100000000254,56.828000000001566,55.16600000000018,-8.722000000000207,26.333999999999943,26.99999999999996,10.461999999999705,5.504000000000531,-1.1940000000009832,3.833000000000197,49.06299999999959,-23.234999999999676,-0.7399999999996965,23.69400000000041,43.38199999999972,0.0580000000127256,41.58000000000186,-0.4750000000001364,-10.654000000000964,-4.723999999998796,53.24500000000114,34.72899999999868,10.71100000000058,-4.860000000000042,-3.3240000000006376
-243.51799999999457,147.8279999999998,129.2599999999993,-254.7179999999912,175.47500000000014,132.9469999999901,-171.49099999999748,118.45600000000049,53.16199999999753,-70.71600000000444,112.59499999999888,108.82599999999913,-57.82099999999559,95.5690000000004,36.62100000001374,-108.02600000000666,-83.12099999999987,135.81500000000233,47.62499999999363,-58.071999999998525,184.5639999999776,-180.23699999999965,88.69499999999988,43.02999999999884,-182.42799999999875,113.44399999999835,40.47800000000734,-38.97099999999227,27.58499999999984,147.15000000001055,-5.04799999999932,87.71700000000351,12.572999999997592,-78.78399999999885,51.009000000000526,35.2170000000001,-41.58199999999965,37.45099999999866,8.301000000005843,0.6380000000035579,33.06400000000167,-1.3730000000009568,-5.065999999999349,36.67899999999804,2.884000000000242,8.794999999997799,16.11000000000047,2.288999999996122,-2.9639999999972133,25.52800000000275,8.626999999999896,-77.06600000000208,1.40400000000227,33.69400000000056,6.542999999999211,-4.852999999999952,-0.6440000000004886,11.74000000000035,67.14399999999969,56.444999999996526,22.370999999999697,130.29200000000003,50.34799999999677,49.42700000000002,75.26999999999973,-4.759999999998854,22.984000000000293,25.798000000000343,9.4459999999998,4.213999999999629,0.5020000000016012,1.7269999999996344,43.06700000000063,-16.191999999999496,1.2450000000001182,3.977000000003272,38.83799999999837,-7.029000000011365,1.4740000000017517,13.520000000002597,1.7650000000003274,-4.149000000001024,75.91599999999943,39.03800000000501,8.576999999999657,-10.493999999999916,3.1540000000006785
-259.43600000000515,143.89699999999976,101.74600000000282,-268.9390000000117,179.12399999999982,141.0030000000006,-189.41300000000183,119.28099999999802,60.81500000000233,-74.31000000000267,133.429000000001,110.01000000001112,-56.214000000005626,97.89400000000228,36.53599999997823,-130.43199999998478,-135.10400000000118,157.58100000000468,57.09900000000516,-85.92199999999934,240.6860000000165,-199.18499999999997,91.209,61.255000000005566,-231.11599999999729,113.78700000000066,46.935999999982414,-46.551000000010845,23.93800000000006,190.2529999999956,-48.05300000000443,118.48400000000083,8.397999999999683,-92.08099999999888,38.65400000000108,37.77499999999918,-33.73899999999992,34.54600000000028,8.727999999996428,6.865999999996575,59.96099999999842,2.875000000005912,-8.872000000002345,31.391000000002123,1.2790000000109103,2.663999999998623,13.37699999999984,-1.6970000000014809,-7.15900000000147,4.824999999999591,1.640000000000441,-0.9979999999984556,6.713999999999487,4.929999999999524,4.953000000000429,-6.833000000000311,-2.268999999999721,8.719000000002097,73.18399999999983,63.33100000000513,35.3660000000005,135.6970000000004,56.472000000002254,51.80899999999724,71.0980000000001,1.7879999999991014,16.711000000000098,27.996999999999872,9.363000000000454,1.0559999999998126,0.9190000000003806,7.983000000000118,31.9429999999997,-15.663000000000691,-3.426000000000329,19.27199999999516,43.943000000001575,-8.68199999999888,3.469999999998663,10.37900000000036,0.1550000000008822,-5.580000000000496,90.44499999999972,46.30699999999592,5.2070000000000505,-6.414999999999793,10.9020000000001
-281.56099999999924,150.77200000000062,124.90199999999732,-294.40899999998464,148.57000000000005,148.07100000000446,-194.6079999999938,124.86900000000104,69.28699999998571,-76.52599999998984,145.39500000000203,127.92899999999464,-54.60199999999986,104.40399999999954,41.112999999995736,-154.70000000000255,-200.779,181.01799999999457,77.30099999999993,-51.611000000002605,367.75499999999965,-229.38199999999824,92.9800000000001,74.68199999998433,-238.01000000000272,197.92099999999948,84.98600000002625,-63.60499999999547,26.6099999999998,228.2220000000052,42.18800000000442,121.2319999999977,32.61099999999715,-99.24200000000098,72.98899999999833,47.47899999999845,-25.13099999999895,28.23500000000081,9.618999999997868,11.121000000002825,80.71700000000135,0.5429999999932988,-9.740999999996802,17.708999999996422,12.337999999999738,-2.162999999995918,13.51500000000101,-1.8679999999960728,-1.1720000000025266,-12.023999999996704,4.581999999999198,47.3070000000007,8.720999999997048,-19.62799999999945,3.3140000000003056,-4.911000000001309,-1.745000000000374,-4.673000000002503,91.59600000000054,79.6989999999937,10.45699999999954,144.52700000000007,68.79299999999944,37.336000000001945,71.91800000000015,-8.565999999996166,11.985999999999564,29.8960000000001,12.586999999999192,-0.392999999999688,1.4969999999991046,4.435000000000144,24.085999999999785,-10.49900000000008,0.8220000000001448,1.2230000000045038,45.87099999999964,-5.626999999998361,3.5979999999995016,6.60000000000025,-0.5050000000011323,1.4720000000011169,114.9010000000004,51.58700000000067,-1.0779999999996903,2.498000000000644,16.420999999999708
-295.79499999999825,152.7550000000005,125.7569999999987,-304.41900000000714,240.174,171.58199999998942,-204.56200000000425,127.43600000000016,75.7090000000062,-72.84500000000662,150.0669999999957,130.3229999999985,-41.43300000000068,102.6239999999973,38.574000000016895,-174.4570000000067,-259.30700000000115,213.1840000000011,49.86499999999978,-137.10699999999747,354.88299999999526,-250.81799999999816,97.65799999999992,85.44899999999416,-258.4130000000016,240.69400000000056,104.4309999999996,-82.89800000000014,32.7650000000002,275.61099999999215,15.15799999999672,141.2680000000023,25.05500000000893,-105.50200000000132,64.15700000000157,57.483000000002,7.740999999998621,32.458000000002585,4.468000000019856,0.4000000000019099,91.33199999999704,3.9190000000076,-12.881000000004406,39.35600000000363,4.241999999987911,-3.1470000000012988,21.38999999999953,-0.015000000001919,-1.2389999999982138,6.475999999997839,3.763000000000716,-52.48400000000117,0.8340000000032433,26.634999999999565,4.095999999998412,-6.262999999998442,0.4950000000000898,-6.740000000002056,114.161,85.18700000000763,10.848000000000011,158.0970000000001,74.48100000000295,42.92999999999836,107.14099999999983,13.173999999997932,8.150000000000546,29.052999999999685,8.639000000000863,-2.10000000000008,5.758000000000152,10.949000000000098,21.836999999999307,-11.587999999999,0.2110000000001832,8.301000000000158,50.74999999999932,-4.352000000000089,3.899999999998727,13.59199999999987,0.3759999999999763,2.1680000000003474,131.06700000000018,62.44499999999675,0.996000000000663,-3.1830000000006464,22.07499999999953
-321.52099999999564,157.2969999999998,116.7120000000068,-326.79500000000417,202.769,175.62299999999595,-220.8439999999996,131.23399999999776,83.93499999999676,-65.47299999999723,149.77100000000405,137.4749999999949,-37.22300000000018,105.8080000000018,38.9409999999998,-188.7079999999969,-317.919999999998,244.9579999999969,78.53399999999056,-176.28100000000018,410.5109999999968,-285.0310000000036,113.08999999999996,101.49000000001251,-319.8919999999987,264.5610000000005,120.67899999999554,-94.9579999999969,44.148999999999816,332.08000000000766,22.246999999998707,155.3139999999985,28.149999999993724,-116.6169999999994,59.34899999999885,58.47099999999728,-9.991999999999734,23.745999999999867,10.033999999996013,24.172999999996136,110.74100000000158,-11.419999999998254,-11.176000000000386,34.294999999997344,1.2150000000076489,-6.65000000000191,23.41299999999933,1.8460000000004584,-6.296000000003232,4.858000000001539,4.389000000000465,-0.684000000001106,5.653999999998405,3.493000000000279,1.6110000000026048,-6.347999999999843,-0.6579999999999586,-19.080999999999904,101.27899999999954,81.6159999999968,16.908999999999708,165.5319999999996,74.09999999999854,31.450000000000955,50.28200000000016,-13.81200000000149,4.008999999999929,28.2980000000002,18.26499999999953,-5.317000000000149,3.360000000000696,15.460999999999814,20.41500000000127,-8.4210000000013,5.148999999999404,-11.334000000005062,52.99400000000105,-8.527000000003682,-2.557000000001608,7.636999999999716,-6.941999999999382,10.540000000000305,160.8549999999994,60.82200000000171,-3.4100000000009345,0.5159999999996501,24.411000000000627
-332.5410000000033,166.81299999999908,151.06200000000172,-347.2159999999917,175.02300000000002,186.3280000000032,-234.40500000000384,141.56900000000405,91.40600000000632,-79.62600000000748,144.1409999999962,148.32800000001498,-32.07999999999629,107.41800000000126,39.33100000001559,-195.72800000000825,-364.06900000000064,278.0640000000176,46.52700000000323,-167.71300000000338,504.0710000000104,-317.1359999999993,122.24700000000009,113.62300000000688,-368.44199999999887,295.1740000000001,127.55099999999402,-128.57100000001083,63.63800000000026,360.26600000000144,37.2950000000003,172.4999999999966,27.40400000000136,-118.59599999999944,65.94900000000052,63.06200000000217,2.803000000000111,19.62899999999763,6.432999999992717,11.718999999999369,113.9250000000004,-7.8370000000063555,-12.912000000000036,81.22900000000186,-8.58199999999556,-14.071000000001275,27.763000000001625,-3.872000000001208,-4.033999999995785,7.083000000000084,4.71899999999863,-2.0929999999992788,6.515999999999167,0.2009999999998513,2.9569999999978336,-4.236000000000217,0.3860000000003083,-36.744999999999095,131.1230000000002,100.27499999999918,16.761000000001047,167.3180000000002,75.67399999999793,38.07999999999936,95.9109999999999,-0.4939999999976407,12.772999999999968,33.44500000000004,21.18600000000015,-5.639000000000038,9.40999999999974,20.491000000000525,22.0099999999988,-10.47099999999972,2.7480000000004168,-7.534999999995762,54.84899999999868,-13.540000000000418,-37.991999999997006,21.370999999999185,8.432999999999424,16.124999999999545,166.0030000000006,67.83400000000483,1.6810000000006653,10.479000000000129,22.37999999999971
-356.54599999999164,172.1630000000005,160.75399999999718,-358.3680000000072,256.234,207.0069999999987,-271.3869999999986,152.57599999999627,89.745999999991,-86.18199999998524,143.7560000000019,159.78999999999814,-32.74499999999989,104.80699999999956,32.62899999997444,-197.7049999999963,-408.0660000000023,309.21599999999216,92.79800000000478,-175.62199999999848,599.1079999999897,-345.69999999999936,120.90299999999998,119.05500000000302,-445.5010000000016,312.093999999999,136.7680000000064,-142.0289999999909,74.662,410.5770000000007,4.841000000004669,198.5140000000058,12.305000000003474,-122.62499999999932,65.1059999999994,63.73899999999821,12.454999999999927,16.48800000000392,2.90500000000975,11.788000000001375,124.57699999999932,-5.65199999999777,-10.680999999999583,64.92900000000077,-4.629000000011274,-13.262999999994918,34.654999999997926,-1.434999999997899,-9.342000000003736,19.1319999999962,5.2180000000007,-3.315000000000623,11.975000000001046,-1.4339999999997133,4.132000000004155,-7.318000000000779,0.1799999999995805,-43.76399999999876,138.38700000000017,99.21900000000504,16.75299999999993,169.11400000000006,70.90200000000095,28.293000000002166,90.43100000000004,-0.5130000000008295,8.222999999999558,38.93699999999996,21.611000000000047,-5.766999999999456,10.877999999999588,23.72399999999928,28.534000000000503,-9.729999999998997,-1.3919999999998822,-10.675000000003363,55.57300000000112,-4.461999999995214,-0.5699999999990268,17.645000000001687,-4.446000000000083,20.883000000000607,194.1289999999995,65.97299999999677,-1.3540000000006105,13.700999999999652,24.624000000000024
-365.42400000001294,188.0510000000001,213.50099999999657,-385.7239999999933,260.48,221.58200000001216,-263.2929999999988,147.57100000000207,105.46899999999368,-91.01500000000442,132.7699999999993,158.8259999999991,-36.083999999999605,109.3020000000024,30.50500000001648,-196.3739999999916,-432.89199999999823,343.2379999999739,86.96899999999914,-192.46299999999792,614.0570000000139,-368.4750000000008,129.83100000000002,126.11099999999168,-487.5490000000013,357.12899999999905,131.8960000000061,-165.08800000000292,85.13799999999989,461.90199999999777,54.10699999999906,207.89499999999637,26.153999999996813,-145.3189999999978,117.43500000000112,74.94500000000244,20.337999999998143,16.381999999998698,-0.0120000000151776,10.58699999999817,163.7880000000024,-11.47399999999834,-2.8809999999964475,127.81699999999888,-15.386999999998352,-6.931000000002996,34.84899999999982,-2.31899999999996,-6.535999999999831,-0.164999999998372,3.200999999999965,-5.221000000000231,10.059000000001106,0.7629999999998915,2.792999999996937,-5.8330000000012205,1.865000000000805,-49.526999999997656,156.60999999999987,92.06500000000231,11.988999999999804,162.28799999999984,61.49300000000153,65.05599999999845,198.06999999999988,34.926999999999,16.239000000000203,41.36999999999986,20.06599999999992,-5.369999999999919,13.785000000000023,30.400000000000205,37.20399999999984,1.885999999998944,-2.1999999999998465,-18.33199999999806,71.90899999999942,-23.804000000001224,39.37999999999988,1.8219999999985248,-22.41199999999992,26.135999999999623,188.4129999999999,69.3209999999965,5.669000000000324,18.745000000000545,21.0480000000004
-395.0649999999996,174.71000000000032,158.0690000000004,-403.0520000000024,246.62999999999997,230.54199999999128,-274.42700000000286,155.0150000000002,108.3860000000186,-96.73500000000104,123.33300000000236,162.56100000000515,-40.47300000000291,105.79499999999484,30.201000000010936,-195.1779999999985,-457.0640000000026,378.1000000000176,77.03899999999066,-188.4430000000009,701.3609999999858,-383.832000000001,141.70499999999998,129.74800000001778,-539.8769999999956,373.3460000000022,139.1729999999825,-189.83100000000377,106.46899999999953,516.0399999999981,62.45399999999677,238.348000000002,27.220999999997275,-137.48000000000218,67.93699999999916,56.5309999999954,26.73200000000122,18.894000000000236,-2.5879999999915526,12.827000000004318,156.3149999999979,-11.401999999998225,-22.903000000002294,-25.195999999999685,24.38000000000216,-14.461999999997488,35.38199999999847,-3.104000000001861,-8.947999999998046,16.75400000000309,6.034999999999968,-3.7709999999975703,9.050999999999476,-3.5180000000003986,4.388000000000147,-9.113999999999578,1.264999999999361,-69.57100000000196,165.9790000000001,95.94099999999344,5.830999999999165,156.33200000000008,49.2430000000013,15.429000000000316,-2.333999999999925,-28.17699999999945,16.20500000000007,40.45000000000005,19.51700000000045,-5.091000000000889,18.558000000000163,29.484000000000066,42.35500000000059,2.536000000000626,-7.230000000000558,-23.77299999999991,70.48800000000028,-10.409000000004198,-0.2540000000010423,14.531000000002336,-5.99899999999991,37.83200000000022,196.8039999999988,62.51200000000381,7.241000000000497,26.86700000000073,22.734999999998703
-416.5339999999958,185.9650000000002,202.8440000000046,-433.44099999999344,233.9640000000001,236.6939999999886,-297.3569999999995,157.59299999999996,112.3779999999897,-110.99199999999882,131.40599999999836,173.3389999999872,-45.45200000000023,108.95100000000184,25.34099999998034,-185.37000000000037,-461.0749999999996,414.8320000000013,82.96500000000151,-194.45200000000116,705.9450000000083,-396.6429999999946,212.13800000000003,160.6689999999844,-593.7080000000037,424.8679999999993,156.39600000001792,-222.515999999996,130.03,552.7900000000045,119.54700000000004,235.36699999999652,47.60800000000245,-134.366,48.20699999999931,57.61099999999715,36.17399999999975,19.097999999996773,-7.65400000000227,-1.148000000000593,170.9389999999985,-15.051000000005388,-14.524000000000116,74.99099999999999,0.1739999999983865,-14.642000000003463,40.81400000000315,-0.4970000000014352,-4.300000000000637,-11.236000000002376,16.388000000000602,-2.403000000001043,5.756000000002359,-1.530999999999949,4.635999999999285,-6.5629999999998745,-0.2780000000001337,-68.05700000000172,168.97999999999982,83.75300000000152,-6.174000000000035,147.66699999999986,47.73299999999949,53.583000000000425,219.53000000000003,39.44399999999746,53.11000000000021,47.05600000000008,6.71299999999917,-0.128000000000128,15.37699999999944,28.410000000000224,31.75799999999924,1.4730000000000132,-4.775000000000063,-21.899000000001934,67.51700000000085,-21.92699999999945,-0.2220000000022537,12.285999999997443,-9.55900000000014,34.68299999999829,184.238000000002,58.20599999999558,10.436999999998877,10.500999999999294,27.95600000000036
-444.4770000000005,176.97899999999862,173.75499999998283,-443.83000000000266,239.232,244.22600000002603,-296.8019999999967,155.22300000000087,115.61300000000756,-117.27600000000962,136.88700000000154,186.2920000000031,-49.38099999999963,114.3889999999999,21.19199999999637,-176.9230000000107,-463.0459999999971,450.4999999999882,92.29700000000776,-187.1029999999962,782.4949999999944,-432.70899999999983,140.84999999999997,125.525000000016,-653.5699999999963,446.0499999999996,155.896000000007,-263.30600000000004,161.8850000000002,599.2179999999962,25.51900000000273,266.32700000000114,16.974000000004708,-148.99000000000058,62.20500000000016,39.612000000010994,40.74100000000272,20.091999999999643,-10.033999999996013,23.92899999999827,207.0930000000033,-16.43100000000004,-15.582000000000562,83.24599999999691,-2.145000000001573,-42.07499999999982,-2.8829999999999245,-24.303999999995085,-5.84699999999998,-3.879000000000588,2.987999999999147,-2.2690000000011423,10.649999999998272,-4.204999999999615,1.0040000000003602,-3.3770000000004075,0.0030000000002416,-64.84199999999873,195.6920000000004,93.0970000000002,-16.15099999999927,141.6170000000001,50.64299999999662,1.3929999999987783,-18.47300000000001,-34.19499999999971,18.42800000000011,34.572,13.964999999998897,3.3830000000001803,16.540000000000532,22.04499999999996,24.24699999999973,2.137000000000455,-3.2209999999999184,-36.294999999995525,84.84299999999791,-10.552999999987378,-0.2200000000016189,17.146999999999935,-10.284999999998943,42.09299999999985,194.45400000000035,49.00800000000345,11.227999999999838,29.897999999999318,17.33600000000024
-461.5600000000029,184.02900000000105,200.13400000002548,-478.503000000012,247.48900000000003,261.2919999999804,-328.7560000000042,158.18599999999776,115.6859999999824,-128.81499999999164,152.0719999999983,199.90200000002005,-34.68899999999735,129.32700000000068,14.708999999993466,-169.92799999999306,-456.0890000000029,481.64100000001326,91.63200000000415,-184.9210000000028,816.8880000000058,-446.4260000000024,144.03700000000006,134.33799999997973,-685.5320000000006,425.8359999999996,159.55799999999272,-307.2080000000028,191.06100000000052,631.110000000001,72.1369999999979,274.66699999999946,31.395999999995183,-162.95800000000042,131.19700000000023,53.06399999999485,47.01499999999896,27.99100000000294,-16.174000000000888,36.63300000000049,169.2389999999989,3.1010000000037508,-9.68300000000113,167.9990000000032,-25.33599999999865,-27.127000000001544,49.56499999999835,-3.745000000003529,-5.24599999999964,10.912999999999329,4.594000000000165,-3.48199999999963,1.6390000000001237,-0.4940000000004829,4.461000000003423,-6.074999999998454,2.123999999999881,-77.30300000000057,186.74699999999973,73.90100000000075,-23.435000000000628,124.53299999999992,42.67600000000016,47.05800000000124,243.638,50.73000000000434,-23.432999999999996,18.567,26.48900000000083,4.70499999999987,14.544999999999677,16.940999999999917,19.356000000000503,8.091999999999189,-1.1679999999998358,-36.80699999999888,86.35400000000004,-17.828000000008615,-3.8239999999973406,12.42300000000114,-10.914999999999964,41.73900000000117,185.6719999999996,45.79500000000394,9.45999999999998,10.194000000000614,17.92599999999993
-473.6569999999972,184.0919999999997,198.10799999997928,-494.53099999999495,237.88199999999992,267.24799999999505,-326.4099999999985,158.3410000000015,116.04000000002088,-125.6719999999916,165.09399999999914,194.2869999999857,-52.58200000000102,128.60999999999763,16.248000000018692,-160.21100000000388,-443.7129999999968,511.9869999999992,81.6229999999905,-178.45800000000054,843.0419999999913,-468.583000000001,151.42099999999994,133.22800000000825,-747.5549999999998,457.3340000000002,171.10599999998612,-344.1709999999944,213.2469999999998,667.3159999999939,76.58700000000067,285.75799999999845,32.65400000000227,-157.42099999999937,98.151,43.51199999999835,53.05500000000052,32.745999999997366,-17.883000000006177,-3.143000000000029,238.57500000000016,-34.74100000000817,-24.862999999999147,-18.21899999999914,32.668999999998505,-5.547999999998865,97.69600000000196,17.175000000003138,-5.810999999999922,7.976999999999634,4.403999999999542,-1.4659999999992124,5.365000000000464,-3.17099999999968,-10.565000000002556,-26.59900000000164,-3.049000000000035,-76.91900000000089,188.31500000000003,70.07399999999961,-25.139000000000067,106.16400000000006,32.50100000000202,-21.94200000000137,-31.70099999999998,-39.07500000000255,12.310999999999694,25.058999999999894,4.20700000000096,6.679000000000457,11.292000000000256,12.68400000000014,9.465000000000146,4.197000000000628,-5.854999999999677,-37.67100000000028,80.30100000000004,-25.80600000000004,-1.8799999999998815,14.22900000000027,-10.69400000000087,39.20500000000118,173.1349999999992,40.1209999999935,14.347000000000776,20.99599999999953,8.650000000000091
-478.9240000000007,179.22899999999942,217.09000000000745,-506.9279999999992,214.8900000000001,254.89500000001044,-341.1779999999965,159.4300000000004,124.70699999998942,-132.6780000000099,187.89600000000064,204.4439999999895,-72.46700000000033,121.84200000000374,21.06899999998859,-151.27600000000712,-427.26800000000367,535.5349999999817,66.70500000000175,-169.27799999999706,846.2100000000078,-487.55800000000136,149.99200000000013,134.9240000000009,-791.7390000000012,477.62400000000014,180.3229999999985,-390.16699999999673,237.93900000000008,701.5129999999999,74.80800000000158,295.04700000000526,34.69800000000305,-157.5080000000014,77.14200000000062,32.263000000000375,54.02699999999925,38.53700000000231,-20.9479999999985,28.185999999999467,220.15399999999943,-18.64699999999857,-20.78199999999697,106.6379999999981,-8.510999999998603,-30.4869999999994,42.19899999999939,-3.2129999999995107,-10.113000000001191,10.327000000000908,3.703000000001566,-1.312999999998965,6.4210000000002765,-2.1030000000003213,7.175000000000864,-0.1579999999989922,2.6780000000002246,-80.34999999999854,203.23199999999983,67.77399999999716,-30.392999999999404,100.09100000000012,27.10299999999961,28.117000000000303,237.376,48.33399999999983,12.483999999999895,15.34399999999998,3.834999999999411,8.48399999999998,5.940999999999974,5.548999999999893,3.92400000000066,6.450999999999851,-3.2780000000002474,-116.98900000000094,2.191000000001964,-37.310999999999694,-2.3380000000031487,13.71300000000133,-9.847999999999502,41.728999999998,174.94800000000055,38.445999999999,12.595000000000312,19.339000000000794,4.47900000000061
-519.834000000003,183.13300000000083,199.30400000000645,-528.322999999989,282.34499999999974,281.25,-359.2039999999997,161.8300000000005,123.40099999998984,-138.33000000000197,199.5270000000005,200.83000000001903,-61.92300000000159,134.01799999999753,23.424999999997453,-147.71699999998873,-404.3729999999982,548.1930000000148,84.77199999999812,-139.83100000000377,887.9089999999906,-501.085999999998,158.66499999999988,137.04899999997906,-821.2249999999983,443.65899999999954,171.88700000001518,-425.71400000000494,267.0369999999998,733.3320000000072,71.85699999999997,290.8140000000003,34.21099999999342,-160.41199999999947,133.63699999999952,42.00399999999718,55.37300000000016,48.45899999999688,-22.448000000008506,45.48899999999776,227.46800000000175,-14.421999999990476,-15.225000000003774,151.59600000000069,-13.987000000003036,-45.91399999999908,-3.979000000001065,-25.314000000003038,-5.585000000002083,5.178999999998268,8.41299999999876,-3.086000000001832,8.69199999999637,-1.8809999999994889,5.263999999999669,-3.962000000001353,2.4689999999999657,-92.507999999998,193.7100000000001,54.07700000000659,31.92499999999967,169.80799999999974,-17.986999999999398,-33.41599999999971,86.44599999999997,-22.647000000000617,7.910000000000394,6.201000000000256,-3.782999999999959,5.148000000000508,2.115000000000577,-3.3259999999998517,5.168999999999357,4.030999999999096,3.7460000000002935,-7.614000000000942,86.77399999999977,-22.732000000002017,-2.465000000000828,14.067000000000007,-11.081000000000074,31.99199999999962,163.26499999999982,31.848999999999705,12.458999999999776,11.642999999999404,1.581999999999084
-524.449999999996,181.1719999999994,208.6309999999912,-544.8300000000131,248.46300000000028,281.16499999998723,-367.8710000000024,162.73599999999817,122.3510000000033,-143.71299999999678,216.2969999999973,205.0409999999829,-30.492999999995615,146.49900000000002,7.630000000017389,-130.0110000000018,-368.4930000000009,569.9589999999944,112.44500000000244,-95.02899999999954,934.0329999999994,-512.7079999999978,157.54300000000006,137.0850000000246,-863.2450000000006,461.6910000000004,183.12999999998283,-455.1150000000007,295.88000000000034,770.8369999999945,51.8859999999961,306.2379999999962,21.43499999999676,-162.52199999999846,99.88500000000045,25.634999999999764,54.366999999999166,53.829999999999245,-22.228999999992997,28.400000000004862,226.3729999999981,-19.3480000000136,-38.26599999999871,10.998999999998205,19.471000000004324,-18.630999999999176,54.17500000000075,1.6110000000026048,-4.32999999999879,7.546999999999571,4.623000000000843,-2.6769999999999072,3.6920000000009168,-2.439000000000391,6.292999999999438,-3.278999999997722,1.2700000000002376,-103.14300000000289,183.48499999999996,55.29199999998582,-32.89999999999935,99.9200000000002,12.963999999999489,27.437000000000467,135.959,15.701000000001386,8.82699999999943,-2.915000000000134,-8.154000000000394,8.618999999999488,-3.847000000001799,-13.694000000000273,1.6970000000014809,-6.689999999998975,15.463999999999343,-49.39600000000155,113.78899999999987,-17.962999999997464,1.013000000006059,12.518999999997504,-7.523999999999376,29.38400000000172,161.62099999999953,28.436000000004924,10.402999999999452,10.434000000000054,-1.63999999999902
-540.1160000000004,183.74100000000053,213.74499999999443,-566.3939999999968,251.324,280.4689999999937,-378.8139999999999,159.30999999999926,125.69600000001628,-146.610000000004,225.9120000000053,202.5390000000016,-56.87600000000543,148.3159999999998,16.002999999977874,-110.13200000001008,-329.2390000000012,580.627000000004,98.108000000002,-69.83000000000175,941.7970000000082,-526.1840000000007,155.58999999999995,131.4570000000003,-894.5770000000039,447.1000000000004,184.2769999999973,-493.732,328.19399999999985,791.2599999999998,67.11999999999989,307.483000000002,39.79500000000371,-156.10599999999977,111.3659999999996,24.24900000000889,50.41300000000035,61.87400000000025,-23.24300000000221,26.14099999999553,223.4279999999956,-22.14999999999918,-26.551000000000613,89.49200000000133,2.0499999999969987,-7.116000000002032,97.85699999999906,29.99300000000176,-6.921999999997297,10.596000000003867,6.792999999998983,1.279999999999859,2.9360000000053788,-2.0849999999995816,5.218000000002121,-2.185000000000059,1.5059999999998297,-96.8970000000013,175.02199999999988,45.58700000001181,-40.85800000000006,86.66599999999995,2.4349999999969896,-8.204000000000633,73.01499999999999,-16.385000000002492,4.681000000000068,-8.209999999999873,-7.537999999999556,2.823999999999671,-9.67899999999844,-23.0870000000003,2.306999999998993,-10.658000000000811,16.23300000000043,-41.92800000000148,105.607999999998,-16.080000000005157,-1.3030000000014752,10.40800000000104,-10.553000000000168,23.593000000002466,163.71400000000023,26.94699999999557,11.321000000000936,2.6070000000004256,-5.222000000000548
-553.0939999999987,175.7950000000008,210.8269999999948,-579.5380000000023,253.26800000000023,286.3030000000208,-386.1210000000028,171.26100000000122,120.336999999995,-155.962999999997,257.3979999999949,195.80100000000584,-61.39199999999505,152.13600000000156,13.208000000008724,-92.21199999998362,-284.2349999999953,587.3289999999997,97.01499999999896,-9.917999999998983,959.5829999999978,-536.4010000000007,163.335,132.71499999998468,-929.4949999999972,436.1139999999992,184.47300000000268,-519.3299999999965,371.1749999999995,811.1330000000066,64.96000000000208,320.1439999999991,36.99400000000424,-158.66600000000233,140.65799999999982,22.99199999999928,54.44200000000024,72.69600000000196,-22.545999999988453,21.994000000000824,222.28300000000445,-25.26299999999537,-32.10699999999633,76.075000000003,13.589999999999236,-56.49799999999914,6.557000000000812,-28.266000000002123,-8.032000000002881,20.20899999999415,-6.421999999999173,-1.8990000000002285,4.763999999994439,-1.4770000000005723,4.397999999997637,-3.363000000001648,2.219000000000193,-124.91699999999923,169.36300000000023,35.41900000000169,-39.73200000000077,90.738,6.34200000000078,-50.45599999999979,10.908000000000012,-41.265999999995984,2.3380000000003065,-16.234000000000215,-14.493000000000222,3.451000000000448,-10.954000000000974,-24.544999999999817,0.6019999999992365,-13.836999999999476,17.410999999999888,-41.22600000000034,98.54000000000268,-19.47899999999549,-0.6779999999992015,13.24600000000089,-10.957000000000503,13.648999999998068,155.07199999999983,21.8140000000119,6.315999999999633,11.200000000000188,-10.994999999999775
-568.9550000000054,174.63599999999886,211.7439999999988,-600.6899999999973,253.3049999999996,287.51300000001265,-391.0919999999976,175.45000000000073,109.43600000000517,-138.1409999999903,249.4600000000048,214.02599999998984,-64.97200000000021,157.0889999999963,18.860000000017862,-64.20900000000529,-232.42500000000064,596.8509999999924,101.83700000000044,55.5780000000027,977.3860000000012,-530.5150000000026,263.4450000000001,183.8130000000092,-956.9459999999992,430.2199999999999,190.625,-554.2810000000031,414.88200000000006,815.3989999999908,83.19400000000314,316.44900000000007,44.63499999999385,-158.3519999999993,99.71800000000002,20.214999999996053,48.90000000000043,73.89200000000073,-21.04500000000371,22.410000000002128,232.57699999999767,-22.93700000000172,-36.615000000000464,95.5349999999953,-6.103999999999132,-14.656999999999698,105.7489999999973,27.63999999999669,-11.104999999997744,12.817000000006828,8.421999999998775,-2.754999999999086,4.178000000001703,0.6480000000003372,4.4399999999996,-4.006999999998584,5.334999999999468,-129.31700000000035,138.60199999999983,36.97499999999536,-58.3839999999995,88.884,1.831000000004224,11.386000000001673,148.522,15.661999999997532,-1.5390000000003567,-11.35799999999989,-13.50399999999894,0.122999999999962,-7.049999999999557,-27.04999999999984,8.129999999999882,-87.24500000000006,20.35499999999999,-54.24199999999928,113.98699999999737,-25.516000000004624,-1.697000000007165,14.13000000000011,-8.966999999999814,8.687999999997942,165.57999999999993,20.79799999999068,4.321000000000197,8.14799999999991,-6.658000000000186
-582.4549999999988,183.24500000000012,205.1140000000032,-609.8850000000027,256.13700000000034,287.7319999999827,-415.2949999999976,159.0549999999979,122.83899999999905,-181.89400000001115,269.43599999999606,218.0180000000064,-67.11399999999799,157.6660000000004,19.55599999998867,-39.52600000000075,-178.07300000001192,594.2380000000185,107.63600000000224,90.89999999999918,982.9349999999976,-552.5509999999997,146.98499999999973,119.5810000000165,-992.5170000000036,398.0620000000016,184.4110000000001,-584.6810000000005,460.71000000000026,822.589000000005,28.868999999997413,327.3200000000003,17.901000000006206,-154.92399999999975,169.22800000000038,25.458000000003267,47.49999999999943,84.20500000000288,-23.424999999997453,22.942999999997937,233.7650000000025,-23.924999999997,-43.09700000000021,97.8180000000009,8.2650000000001,-37.93400000000133,50.22499999999752,-1.8679999999960728,-0.702000000001135,-11.334000000005062,22.19300000000004,-0.7329999999996062,4.608000000001766,-2.190999999999832,3.8360000000011496,-3.6130000000014206,-0.2749999999991814,-143.11399999999992,136.50400000000005,31.64600000000064,-61.89399999999949,82.75000000000006,-6.259000000000015,-28.74100000000226,76.836,-10.901000000001204,-7.160999999999973,-8.542999999999878,-19.69700000000074,-0.8540000000003545,-6.759999999999877,-26.07399999999984,-6.515999999999167,-0.2780000000001337,17.506999999999806,-49.60699999999747,105.48900000000287,-24.657999999999447,-1.9099999999980355,15.4200000000003,-9.288999999999705,0.1930000000015752,159.47100000000063,14.442999999999984,1.3819999999995505,24.466999999999928,-11.163000000000524
-589.3619999999999,183.455,207.2760000000017,-623.6659999999972,258.5639999999998,282.71400000000995,-412.9760000000033,174.5900000000006,117.62699999999312,-170.30300000000125,296.35000000000105,203.73500000000604,-71.39300000000617,167.69700000000398,18.51799999999457,-10.516000000006898,-127.639999999991,588.3550000000014,114.92299999999886,155.48100000000318,968.5730000000036,-555.6729999999959,144.31100000000006,124.36499999998888,-1012.8139999999972,391.4909999999992,192.4440000000004,-626.5710000000013,499.1120000000009,818.3099999999968,40.96400000000244,325.93999999999994,14.825999999993655,-152.8950000000009,82.67900000000026,7.408999999995558,49.57499999999868,91.7169999999942,-21.533000000022184,13.845000000003438,226.3380000000012,-22.59599999999864,-46.152000000000726,84.81100000000197,10.119000000003098,-56.801999999999,5.015000000005898,-19.67400000000339,-14.456999999998745,27.98100000000545,-11.036999999998898,-0.7130000000017844,7.711999999997943,-0.2620000000000289,3.152999999997519,-6.261999999998125,4.097999999999757,-144.54299999999876,133.342,23.41999999999871,-77.48500000000007,83.56699999999985,-3.879000000000588,-68.26599999999985,-0.2409999999999801,-44.64399999999955,-11.383999999999617,-5.025000000000013,-23.135999999999516,-0.7340000000006341,-6.199999999999761,-28.48200000000034,-8.66800000000012,-9.104999999999563,31.278999999999968,-56.44500000000221,110.40899999999851,-21.88099999999622,-6.151999999997315,15.539999999995755,-6.985000000000241,-9.691000000000829,152.55900000000082,13.294000000001915,-4.456000000000415,2.268999999999721,-3.2939999999996417
-598.7210000000005,184.8390000000002,200.53700000000845,-635.4460000000017,256.05800000000016,275.4889999999932,-420.24599999999737,174.06000000000006,112.63400000000274,-177.58199999999533,303.9919999999995,212.56100000000515,-76.93199999999365,175.40599999999813,20.97200000000612,24.652000000003227,-71.90799999999626,575.2319999999827,130.60299999999643,212.25599999999645,957.11,-564.4620000000032,150.42700000000016,117.7239999999756,-1030.9480000000008,381.6199999999981,196.97300000000268,-687.2219999999913,515.7789999999991,781.0000000000059,62.27700000000027,324.6120000000019,63.01799999999957,-175.915999999998,259.2889999999997,51.71500000000151,42.81000000000006,96.37800000000423,-22.05799999999272,14.956999999998288,242.5520000000006,-26.72099999999773,-46.059999999999945,123.77999999999928,-2.6090000000010605,-6.164000000001124,107.6139999999981,26.238999999998214,-4.778999999996358,4.638999999997395,15.166999999999575,-0.8129999999994197,3.2559999999989486,6.79799999999986,4.751000000004524,-2.887000000001194,2.096999999999838,-154.20400000000143,133.52199999999996,17.11999999999989,-76.32899999999978,80.51399999999997,-10.297000000002754,-18.878999999998317,168.594,12.894000000000004,-21.455999999999875,-9.116000000000213,-21.793000000000973,-4.782999999999049,-6.9100000000005934,-31.325999999999965,-16.95800000000105,-6.18300000000005,40.77200000000048,-49.520999999998594,110.4469999999992,-15.338000000002694,-0.9430000000008932,15.973000000002456,-7.017000000000451,-19.723999999999364,164.62999999999963,10.033999999996013,-8.892000000000166,29.186999999999585,-12.79700000000048
-607.1169999999995,184.4629999999995,197.91199999999665,-644.3269999999984,257.009,275.96399999999903,-424.29799999999886,181.01500000000212,109.51000000000022,-186.42300000000205,310.4060000000004,214.61199999998823,-86.51100000000156,174.48499999999854,23.999000000003434,65.74100000000271,-14.655000000004748,549.8409999999922,138.88500000000477,276.54400000000123,919.9100000000044,-575.2839999999992,150.67699999999994,112.5740000000178,-1048.760999999996,374.53600000000336,210.4610000000093,-687.3480000000086,562.3630000000005,809.5769999999902,7.281999999997879,327.6859999999999,14.6979999999985,-139.79500000000087,5.975000000000108,-24.828999999999724,39.680000000001314,101.15299999999934,-20.66699999998036,5.04500000000121,245.62699999999893,-25.732000000004973,-32.03100000000063,180.07199999999557,-10.999000000003887,-60.09899999999675,13.30300000000193,-18.170999999995274,-5.72800000000484,13.99900000000116,9.399000000000513,0.5080000000020846,5.276000000003478,3.293000000000035,5.083999999999378,-2.0749999999992497,1.8909999999998208,-160.62000000000012,140.84300000000027,17.742999999995845,-84.76200000000063,81.11500000000014,-6.041999999996506,-55.36199999999951,82.10799999999998,-21.021000000001777,-27.392000000000397,-11.31499999999992,-28.582999999999004,-9.477000000000402,-9.168999999999984,-36.8629999999996,-25.46199999999885,-5.266000000000304,54.47500000000005,-67.5200000000018,115.2799999999985,-20.301000000000613,-1.4990000000011603,12.675000000001546,-8.722999999999104,-30.971999999999863,153.27799999999883,13.48899999999844,-15.010999999999797,0.3900000000008674,1.816000000000884
-616.6619999999966,184.9500000000006,190.3080000000045,-653.5950000000014,289.4489999999997,275.2559999999903,-424.8350000000016,201.42600000000076,95.5690000000004,-195.03100000000015,321.5399999999988,207.0069999999987,-93.10899999999832,172.3510000000033,26.65999999999258,118.88400000000274,40.65600000000131,525.2810000000181,159.44899999999507,356.7959999999971,896.569999999997,-586.6430000000037,152.4329999999999,112.5479999999925,-1053.0500000000018,362.8389999999968,202.34399999999368,-723.6909999999966,588.5299999999986,808.4100000000035,59.97899999999845,331.1779999999999,41.89400000000205,-157.63699999999972,137.9179999999998,14.257999999995263,34.87099999999828,111.60300000000234,-19.580000000019027,-30.92400000000453,239.9489999999986,-23.6629999999991,-52.68300000000181,33.1450000000018,27.347000000003163,-20.91000000000349,117.0580000000001,23.937999999998283,-27.309999999999945,-55.8050000000037,32.859999999999445,-0.1830000000012432,2.53299999999399,6.665999999999883,2.5700000000085765,-3.743000000000052,1.5279999999997074,-160.09699999999896,147.23299999999978,21.533000000010816,-94.14100000000047,80.62699999999995,-12.47300000000564,-101.9570000000016,-0.2189999999999692,-50.52499999999896,0.5119999999998015,-2.7960000000000207,-43.01099999999991,-14.781999999999584,-7.143999999999551,-38.31699999999998,-45.84600000000023,-1.4629999999996812,75.68299999999937,-184.40299999999752,108.69100000000174,31.037000000003445,-6.481999999994059,16.283999999998855,-3.2270000000011123,-30.889999999999414,155.40300000000116,9.222000000005435,-21.36899999999997,14.916999999999804,-9.680000000000176
-621.4510000000018,188.9799999999994,187.87799999997787,-661.0139999999944,259.53700000000026,259.2039999999997,-467.57200000000125,162.43499999999926,111.42499999998564,-206.7659999999989,329.8339999999996,197.2780000000057,-101.8130000000042,187.13300000000004,30.56599999999889,174.8779999999897,101.95600000000128,492.0160000000124,181.45700000000036,422.3850000000027,865.625,-591.0519999999963,158.37700000000012,110.08300000000872,-1064.772000000002,350.31700000000114,209.9119999999857,-739.4589999999994,615.1860000000013,818.7009999999873,24.7889999999984,330.86099999999874,24.335000000007767,-161.84499999999957,138.288,9.174000000007254,28.12200000000189,113.39099999999576,-18.09099999998125,-12.938999999994394,251.37200000000064,-18.182999999999083,-37.19499999999698,192.07100000000423,-9.7500000000025,-60.08299999999736,22.586999999998625,-17.104999999997972,-3.284000000002152,9.228999999999132,20.55600000000055,2.103999999999928,3.772000000003573,3.750000000000142,4.66299999998796,-2.5869999999997617,0.8800000000000807,-164.47300000000098,157.60799999999992,14.23300000000154,-95.6710000000001,75.535,-8.751999999998361,-26.771999999999707,173.00799999999992,19.754000000006045,-71.54600000000002,-13.863000000000092,-15.08400000000023,-12.562000000000497,-5.201000000000988,-35.24400000000014,-50.69900000000018,-1.977000000000828,73.63700000000009,52.68299999999613,111.19999999999948,-73.04100000000062,-1.8060000000048149,12.157999999999449,-5.718999999999141,-47.94800000000237,157.78199999999885,13.250999999996791,-23.536,19.27299999999974,-4.631999999999437
-631.4549999999997,192.44699999999995,177.19800000002124,-665.5880000000025,260.45099999999974,254.62700000000493,-426.8619999999999,223.997,90.5520000000024,-216.89499999999956,341.44900000000007,186.2540000000081,-112.29599999999778,186.67599999999996,30.9690000000046,245.93500000000856,164.59600000000023,464.2339999999877,219.73900000000413,501.3789999999972,854.4920000000047,-597.8060000000028,157.44500000000022,113.87999999999464,-1074.1839999999995,340.5470000000008,202.72200000001703,-772.6499999999987,635.1319999999987,806.3970000000154,-20.3489999999988,325.89100000000144,13.41499999999769,-164.1980000000018,138.91399999999976,11.052999999992608,22.375999999999863,125.06999999999948,-15.893000000005486,-17.6270000000045,257.3440000000005,-19.848000000001772,-58.73100000000022,34.863999999998896,32.5930000000028,-24.88399999999729,120.47000000000024,35.29699999999707,-6.072999999997819,22.506000000004175,5.03699999999867,1.3700000000000043,4.086000000000922,5.617000000000161,1.2570000000039272,-1.158000000000925,-0.4809999999999093,-163.74899999999857,167.45499999999998,12.371999999993475,-93.91600000000012,87.97599999999991,-9.389999999996236,-102.11800000000152,-1.993999999999918,-45.361000000002605,-8.307999999999538,-0.8020000000000138,-41.15500000000054,-15.020999999999418,-4.400999999998589,-41.81999999999988,-63.481000000000165,3.911000000000797,88.45600000000076,-81.70199999999568,116.6950000000014,-22.86399999999844,-4.003999999997632,14.61400000000026,-5.205000000000837,-51.33299999999963,151.29300000000114,20.94099999999912,-28.497000000000128,9.48099999999954,1.4229999999997744
-634.366,195.899,172.55800000000363,-674.7500000000002,258.9549999999996,248.84000000001836,-441.69899999999984,211.18199999999945,89.51400000000831,-223.73300000000427,364.8400000000038,174.41400000000158,-118.652000000003,194.07999999999677,30.2009999999882,296.051,243.6739999999986,446.9600000000128,223.24200000000477,593.2560000000024,833.6669999999913,-602.9319999999984,163.2679999999997,110.65699999999195,-1086.359999999999,314.6000000000015,219.66600000000653,-792.7730000000054,672.0740000000006,801.281999999992,71.59399999999891,337.4389999999977,34.30799999999863,-166.97099999999807,140.2300000000004,11.701000000005024,14.524000000000116,121.34100000000105,-15.442000000007283,-38.3420000000001,224.66599999999917,-51.8799999999942,-44.41199999999981,206.9909999999993,-17.30100000000334,-54.322000000001935,69.2309999999992,5.392000000000508,-5.702999999999747,9.640999999999169,17.77100000000189,-0.5799999999993588,2.7440000000012787,5.709999999999837,3.976999999997588,-1.0969999999986155,0.0180000000000291,-185.84900000000172,139.05200000000005,17.444000000000415,-104.2199999999994,76.04400000000008,-13.147000000003572,-74.38199999999995,87.936,-18.03600000000074,-78.59300000000005,-19.20899999999985,-17.2939999999997,-13.64899999999949,-9.01500000000084,-38.810000000000144,-63.94200000000012,-2.68300000000039,97.93999999999984,-87.35300000000166,112.80500000000018,-20.697000000001253,-6.274999999999409,14.191999999999894,-3.819000000000017,-63.48299999999938,160.08400000000051,15.71400000000267,-25.99099999999908,7.655000000000456,-5.845000000000766
-632.8090000000032,192.5920000000005,167.37100000000282,-672.8820000000042,265.3030000000001,238.4159999999838,-467.09900000000175,190.04399999999748,94.54399999999625,-223.30299999998715,388.8939999999991,164.1969999999901,-125.22599999999784,196.35000000000105,29.002999999988788,342.4189999999953,310.0130000000036,432.0679999999811,233.01999999999907,658.4130000000016,812.8660000000082,-599.636000000001,159.95199999999983,117.95600000000375,-1075.462999999999,337.312,257.3480000000018,-815.4999999999973,718.5029999999997,785.2900000000091,-33.785999999997784,324.56999999999994,21.527000000003227,-176.2970000000024,143.5209999999998,14.861999999993714,8.251999999998816,132.61699999999905,-14.086999999994989,-27.52699999999777,319.2290000000014,0.5610000000046966,-70.11400000000094,37.45999999999867,34.90300000000275,-55.29099999999971,75.25000000000261,5.73800000000233,1.1169999999992797,34.289000000001124,11.294999999999789,2.422999999998865,1.662999999996373,6.541999999999604,2.1119999999996253,0.8159999999975298,0.1570000000000959,-166.9099999999986,202.7619999999999,20.44700000000148,-96.67900000000031,85.97400000000003,-8.215999999998758,-40.698000000000434,178.46399999999994,12.448000000000548,-42.737000000000336,-12.015000000000065,-27.96199999999942,-11.045000000000016,-10.285999999999262,-37.52100000000027,-66.75699999999978,0.2809999999996648,89.09199999999942,-94.27800000000276,115.23300000000064,-17.92000000000371,-3.2830000000046766,9.266999999999824,-6.101999999999919,-28.5349999999994,235.27500000000003,14.601999999996451,-26.964000000000965,12.3899999999999,2.7810000000002333
-639.2489999999952,205.5259999999997,160.4129999999941,-685.0489999999979,266.30100000000067,229.406999999992,-454.8029999999983,216.1970000000025,92.3090000000002,-186.17900000000984,439.819,190.625,-122.56199999999922,206.9180000000017,19.33600000002116,381.0979999999972,376.5079999999955,419.3970000000036,237.09099999999808,728.1439999999975,796.1669999999913,-609.4489999999979,153.67199999999988,119.17699999999058,-1083.4700000000023,305.028999999999,248.77999999998792,-834.9980000000016,749.9610000000018,755.0539999999955,-9.530000000000882,324.1570000000024,17.47499999999036,-183.09799999999825,145.0569999999999,13.928000000009888,2.2109999999997854,128.07999999999993,-13.58700000000681,-11.774000000002616,281.6849999999988,-13.122000000009848,-50.301999999999225,229.87400000000093,-17.910999999998012,-61.81700000000205,76.58199999999908,7.213999999999032,-6.952000000001135,11.349999999998772,12.945999999999458,2.742000000000644,2.268000000003667,4.261999999999944,2.361999999999398,1.9660000000016,-0.2180000000002735,-179.0220000000005,168.3840000000001,10.442999999997935,-109.92200000000024,96.4129999999999,-5.765000000002374,-84.63099999999883,90.11200000000004,-7.985999999999649,-45.00899999999959,-12.161000000000044,-23.1970000000004,-10.592000000000468,-11.378000000000554,-32.852999999999355,-76.39899999999926,5.405000000000371,79.57199999999958,-106.97699999999486,121.82699999999896,-25.8049999999912,-8.865999999997598,14.665999999999713,-4.323999999999728,-118.0170000000004,89.83299999999872,35.73000000000093,-25.640999999998822,12.291000000000452,6.758000000000664
-637.5030000000038,208.755,153.7099999999782,-686.4929999999902,267.5139999999992,216.91800000000967,-466.28800000000297,207.94500000000085,88.34300000000894,-215.32599999999888,432.0369999999997,157.0069999999987,-114.03099999999996,209.71700000000052,16.150000000016007,413.1530000000112,441.9370000000015,400.89100000000144,214.7100000000023,788.5010000000023,758.4350000000086,-613.4420000000006,150.88000000000008,117.93300000001636,-1076.0039999999974,262.7829999999989,254.358000000002,-854.4589999999971,786.614999999999,721.1790000000065,-38.25999999999681,327.00999999999567,17.590000000006967,-189.04699999999931,143.50000000000023,16.179999999997108,-4.032000000000835,132.45500000000447,-12.14599999998427,-94.86399999999549,280.9870000000018,-32.94700000000148,-70.6610000000012,56.155999999998585,34.2899999999986,-81.34800000000268,43.4599999999989,-12.869000000000597,-5.618999999995822,13.364000000001395,12.40799999999922,3.373999999999455,0.7569999999986976,9.167000000000058,0.7350000000030832,4.341999999999757,0.0460000000003901,-194.27100000000053,266.359,45.15400000000227,-113.11599999999942,94.353,-1.7049999999983356,-117.1210000000002,9.394999999999952,-37.98900000000458,-39.79199999999992,-10.165999999999896,-22.37400000000065,-9.579000000000091,-8.65699999999947,-27.155000000000484,-83.16700000000026,63.922999999999774,71.80900000000037,-108.78900000000158,115.5489999999986,-24.711000000007743,-6.89700000000073,12.169000000000096,-6.793999999999301,-75.06999999999948,232.55000000000047,16.907000000003336,-19.59500000000105,20.644000000000062,-0.95799999999997
-634.0539999999976,209.0910000000001,144.72700000001169,-682.9470000000128,269.4760000000009,209.51000000000025,-466.05500000000006,216.38799999999776,80.99300000001222,-206.3629999999989,454.3139999999994,164.66100000000097,-106.26300000000128,216.7449999999974,12.865999999985434,439.9409999999989,511.9500000000016,379.3089999999893,204.39999999999827,855.419999999998,740.8689999999979,-623.672000000002,147.85700000000048,115.47800000000734,-1082.474000000002,275.07400000000075,263.23200000001634,-878.4750000000031,804.8459999999991,686.4869999999883,-50.20800000000349,341.4060000000035,-12.20100000000457,-202.88100000000213,183.07900000000004,7.721000000003642,-11.76499999999976,137.7049999999997,-11.681999999996153,-71.85699999999997,277.29699999999866,-27.21000000000231,-73.4519999999975,125.96100000000092,16.14399999999705,-75.82699999999818,89.20200000000023,4.757999999998219,-0.240999999999758,8.916999999996733,27.502000000001203,2.2639999999995557,0.1859999999965111,6.927000000000305,0.7540000000005875,4.9350000000004,-1.431000000000182,-176.20199999999784,129.745,16.47299999999632,-123.1260000000006,91.03400000000006,-0.5159999999932552,-53.940000000000055,184.87500000000009,23.801000000003118,-36.58100000000033,-3.151000000000259,-15.728000000000009,-0.1470000000004745,-6.818000000001234,-18.65499999999969,-85.11700000000104,8.881999999999834,75.89900000000043,-101.68100000000209,115.41500000000156,-9.814000000000078,-10.70100000000025,13.114000000001624,-5.26400000000109,-80.06400000000156,160.95899999999972,34.44499999999948,-16.792999999999836,25.861000000000445,6.31699999999995
-631.9740000000024,218.77100000000027,142.40700000002562,-678.5309999999981,269.39,199.58500000000183,-466.1379999999952,224.8950000000008,86.74299999997857,-203.3960000000036,469.24300000000017,163.2569999999987,-95.57500000000232,222.10099999999784,16.11399999999321,468.7689999999975,579.9869999999999,355.0780000000032,182.74599999999737,916.9170000000008,706.555000000003,-625.2459999999985,137.31699999999947,115.64899999998488,-1074.1829999999993,259.9229999999977,269.88499999997657,-890.1219999999967,831.4419999999984,666.6750000000093,-49.55400000000054,372.41699999999867,20.812999999998283,-194.56500000000003,111.17899999999992,32.80099999999493,-31.290999999998803,105.40699999999674,-4.577000000017506,-43.49000000000274,287.61300000000176,-17.558999999994285,-79.91100000000415,157.53200000000334,5.151000000000749,-45.43699999999831,135.41700000000105,35.37600000000225,-4.968000000002348,14.485999999999422,15.340999999999385,1.4650000000017371,-0.3019999999992251,7.464999999999833,1.0129999999946904,3.945999999999117,0.3820000000004597,-188.7280000000004,165.373,18.865999999991345,-125.094,90.47799999999997,-2.158000000008542,-91.0839999999979,94.3719999999999,-3.449000000000524,-36.41299999999959,-0.2259999999996154,-15.880999999998837,1.3580000000004588,-3.3549999999991087,-18.526000000000664,-102.17699999999894,17.99299999999988,56.24199999999959,-157.77899999999931,123.599999999999,-34.35399999999618,-10.401999999999134,15.054000000000656,-7.276000000000238,-83.94799999999805,162.3750000000001,32.958999999999605,-14.847999999999216,29.836999999999136,8.104999999999052
-625.9939999999972,216.4889999999993,130.5789999999888,-679.8580000000015,270.96499999999963,191.14999999999327,-470.1110000000028,230.09899999999843,83.65499999999884,-198.55400000000145,490.91200000000015,164.9900000000116,-87.38099999999918,227.9910000000029,15.954000000010636,484.1549999999984,651.3460000000009,329.74900000001526,210.8330000000024,982.7349999999996,677.2469999999885,-632.2159999999997,133.87300000000053,111.43799999999828,-1083.2609999999988,264.9610000000024,264.307000000008,-912.7229999999996,803.1980000000004,617.4559999999929,-44.55899999999815,319.156000000001,-2.080999999998312,-206.44399999999905,155.48799999999972,19.841999999994187,-9.017000000000053,160.85499999999797,-16.858000000001994,-169.66899999999896,245.59099999999887,-51.75199999999904,-87.79599999999732,150.89699999999766,6.116000000002941,-81.4360000000022,89.35999999999922,8.028999999999087,-5.383000000000493,-0.7899999999949614,21.12599999999958,2.6219999999995025,0.5060000000014497,8.192000000000377,0.7270000000005439,8.298999999999523,-1.3330000000003397,-188.8750000000016,159.40099999999998,17.499000000009346,-111.9899999999987,101.88,-62.66799999999648,-141.97200000000123,9.956999999999994,-34.73799999999869,-43.469000000000335,-8.68600000000015,-16.819000000000983,4.231000000000051,-4.285000000000139,-12.203999999999835,-107.51000000000062,23.244000000001108,49.64000000000013,-138.65699999999492,112.54299999999944,-26.025000000004184,-10.751999999999384,11.994999999998868,-5.458999999999037,-39.06100000000095,227.0160000000004,43.50900000000024,-15.61800000000204,20.926000000000045,11.378000000000554
-622.8520000000003,220.7560000000008,129.65100000001257,-679.9080000000004,273.845,180.6880000000092,-475.2839999999992,231.36200000000144,76.86800000001313,-200.9179999999958,505.1690000000008,153.783999999996,-77.24000000000046,228.6560000000009,19.55599999998867,508.8439999999992,716.2199999999984,301.0620000000017,154.88299999999526,1033.793,621.1540000000014,-639.9720000000002,126.41499999999937,106.92200000000868,-1044.297000000003,238.91000000000133,286.21800000000803,-920.843000000002,842.7099999999996,624.7430000000122,-55.49599999999941,336.9460000000004,9.588000000007924,-213.29900000000063,153.00600000000023,26.47700000001123,-26.055999999999813,146.76200000000392,-5.163999999990665,-107.2780000000023,279.21599999999955,-28.368999999997868,-95.19000000000231,112.04200000000242,21.42299999999864,-102.67399999999613,41.59400000000062,-10.29100000000085,-9.030000000001335,13.08599999999842,18.61499999999978,2.51700000000028,1.4589999999998329,7.1179999999998245,0.1000000000033196,5.459999999999354,0.9060000000005176,-213.2559999999984,192.083,29.645000000004984,-164.60700000000088,71.02999999999997,63.004000000000815,-112.19899999999969,98.02700000000009,3.809000000001106,-43.80700000000033,-10.14899999999983,-16.333000000000197,5.752999999999986,-7.250999999999408,-16.679999999999495,-125.394,14.309000000000085,38.1140000000002,-149.95700000000625,122.4090000000018,-21.578999999996995,-11.748000000000047,12.411000000000172,-9.271999999999991,-148.35300000000018,94.36800000000004,37.71099999999592,-13.442999999998053,39.269000000000176,7.057999999999254
-617.6120000000026,231.1109999999996,116.40599999998358,-675.2589999999998,270.5489999999997,169.93399999998928,-469.4209999999998,235.01499999999996,77.78299999999945,-201.618000000002,528.5769999999985,148.6940000000004,-69.31099999999901,233.93800000000056,19.54299999999876,530.7739999999967,788.4149999999977,283.00799999999526,134.91200000000845,1090.4420000000016,584.5219999999927,-642.2089999999997,112.68300000000052,104.9929999999904,-1030.9799999999996,231.5919999999977,268.5789999999997,-932.083,825.9200000000021,619.5559999999887,-70.49900000000093,338.6499999999984,8.569999999997435,-212.85099999999773,156.02499999999998,22.533999999996013,-27.70500000000027,159.49899999999957,-3.0030000000124346,-85.40399999999977,321.2760000000003,-9.400000000005091,-106.13099999999918,157.1869999999933,17.49600000000555,-71.73100000000545,130.97099999999955,29.779000000002043,-10.360999999994648,8.472000000000435,18.84900000000016,1.8910000000005311,2.762000000001308,5.942999999999898,-0.2870000000029904,5.337000000000103,-0.8820000000007155,-210.70500000000152,184.113,18.724999999994907,-154.8490000000001,76.66200000000003,-0.415000000003829,-84.88100000000003,173.09799999999987,28.588999999999487,-44.59599999999995,-12.463000000000156,-19.62699999999984,9.338999999999942,-10.87400000000116,-16.18200000000023,-139.78699999999975,26.079999999998904,29.16000000000025,-246.0139999999967,104.00999999999954,3.264999999998963,-10.957999999999402,13.38399999999922,-11.017999999999972,-46.656999999999016,222.439,50.31100000000493,-15.981000000000734,32.76600000000016,7.596000000000913
-619.4059999999979,227.57400000000024,113.24500000000626,-674.0779999999972,276.5680000000003,157.2020000000066,-469.63499999999954,238.955,65.88099999999031,-204.0399999999977,542.9380000000009,138.0369999999857,-67.58700000000317,236.387000000002,18.420999999989363,536.9260000000054,858.9940000000013,261.30299999999806,124.4199999999978,1149.0949999999998,552.7829999999994,-643.6090000000007,110.91399999999965,97.9980000000296,-1026.2899999999988,216.8689999999998,286.5239999999858,-946.0820000000012,845.250999999999,622.449000000006,-74.63000000000193,337.95200000000136,7.738999999992302,-215.98800000000156,144.79700000000014,23.603000000002798,-39.49100000000101,139.88300000000038,-3.7349999999833017,-89.64199999999778,292.1060000000012,-16.784000000006927,-103.39399999999728,143.1730000000016,-4.071000000004688,-106.83599999999842,42.274000000000456,-4.079999999999018,-1.267000000001417,36.85899999999833,16.464000000000567,3.342999999998142,0.3109999999992396,6.900999999999868,-0.5119999999976699,6.1270000000007485,0.1660000000001105,-254.1579999999982,191.61199999999997,59.5890000000054,-129.8419999999993,100.653,-61.67899999999804,-134.26900000000046,93.23300000000005,-1.9810000000006769,-92.83499999999948,-27.71800000000013,1.1790000000004852,6.877000000000066,-9.973000000000807,-15.458000000000284,-146.80199999999957,20.91700000000003,20.59899999999999,-75.28700000000299,114.6439999999984,-54.73900000000072,-15.927000000002067,10.661000000001764,-7.45900000000006,-207.72899999999763,-2.731000000001416,7.077000000003864,-16.1689999999993,30.901000000000067,11.588999999999317
-610.9100000000012,233.192,103.60099999998056,-664.4350000000031,276.3849999999991,149.65899999999692,-465.871999999996,241.574,62.68399999999019,-209.59799999999973,554.6979999999991,130.19999999999072,-60.75199999999654,242.4489999999992,15.845000000012988,550.6470000000036,928.2289999999988,242.93199999999612,83.2589999999982,1221.1479999999997,539.0260000000126,-648.6989999999992,125.05900000000024,107.26299999996628,-1015.0179999999992,213.02599999999927,284.25300000001243,-955.6399999999996,833.9799999999997,614.5989999999983,-101.53199999999742,357.98599999999965,12.085000000001855,-228.1530000000004,160.12699999999995,23.180999999999585,-41.195999999999344,158.71500000000083,-1.4650000000074217,-177.8320000000008,256.3389999999998,-40.46099999999342,-115.9150000000011,120.96000000000232,15.304000000008957,-80.89899999999943,131.39199999999676,31.74699999999575,-8.47100000000296,12.78700000000299,15.331999999999368,1.4960000000002085,-0.5339999999989686,6.582000000000221,-0.5400000000008731,4.236000000000217,0.6280000000003838,-218.84000000000012,186.237,17.443999999989046,-189.18600000000083,58.89299999999999,48.62600000000157,-163.23399999999992,13.232,-30.758000000002998,-47.45599999999968,-14.677000000000008,-22.276000000000806,11.461999999999506,-14.044999999998709,-15.28899999999993,-156.11099999999993,24.697000000000457,8.796999999999855,-168.38999999999942,109.71800000000088,-35.705999999998994,-13.031999999998334,9.983999999997195,-7.027000000000783,-20.456000000004337,305.4360000000017,79.86799999999334,-19.131000000000142,35.083999999999094,7.4170000000009395
-610.3179999999952,234.33099999999988,95.34900000001016,-662.4179999999967,278.6420000000007,141.3569999999936,-468.33200000000375,243.21300000000008,57.64100000001236,-209.1220000000021,574.8280000000022,122.9490000000169,-60.44599999999605,253.8029999999992,11.364000000003216,587.3659999999859,999.6340000000032,246.74099999999729,79.88199999999779,1264.7699999999986,503.3809999999903,-653.4670000000006,134.42499999999953,109.35000000001764,-993.771000000001,202.13500000000124,286.2179999999853,-975.9759999999972,827.9950000000014,604.6019999999999,-86.8409999999983,325.8720000000011,0.9770000000003164,-233.8850000000008,157.845,24.248999999997523,-47.35499999999888,163.34099999999978,-2.90500000000975,-146.46900000000187,275.7119999999986,-28.868999999997413,-118.06900000000267,156.06699999999591,-0.0580000000127256,-117.5329999999974,37.96100000000138,-9.19099999999844,-11.79199999999696,-7.300000000003592,20.754999999999768,29.51500000000067,7.811999999995578,1.167000000000229,-1.3489999999990232,6.569999999999254,-1.072000000000628,-216.05200000000195,182.15900000000005,11.99900000000298,-166.84099999999944,81.72300000000003,-7.034000000004426,-111.54599999999988,170.94500000000002,19.705000000004706,-36.70800000000085,-5.867999999999896,-31.799999999999784,10.20600000000016,-8.500000000000796,-9.817999999999929,-158.68700000000047,36.1140000000006,-10.098999999999592,-183.28300000000013,109.89300000000242,-24.240000000003192,-11.672000000001503,7.518000000001734,-6.441999999999837,-188.52100000000007,64.64599999999905,19.891000000001213,-23.291000000001816,47.17700000000136,10.073999999998762
-601.7480000000035,240.64699999999988,86.88900000001922,-661.9349999999997,282.9260000000005,128.9430000000266,-456.268,248.5190000000003,54.10199999998895,-218.3499999999981,581.171999999998,117.74900000000343,-60.45800000000554,257.8609999999969,7.95900000000529,559.2830000000163,1070.7449999999994,208.91100000001188,57.91000000000395,1316.5740000000028,471.521000000007,-627.9170000000022,89.0660000000004,78.78499999999349,-985.5379999999996,205.5560000000014,286.4379999999983,-980.4810000000032,794.5239999999984,559.4120000000203,-97.80900000000088,339.1120000000001,-0.0609999999937826,-239.98300000000089,159.26000000000008,16.95599999999331,-47.38999999999862,176.90499999999645,-1.3669999999819993,-199.4539999999972,217.71300000000053,-61.82900000000018,-126.87099999999988,140.7860000000028,2.6920000000018263,-87.1089999999981,133.09899999999857,26.155999999997448,-4.6449999999993,18.03899999999885,14.057000000001096,-26.154999999999973,-12.12699999999245,9.769999999999612,-2.7159999999980755,8.299000000002366,-0.4089999999997928,-212.8089999999986,174.40599999999992,16.700000000003,-141.7909999999992,91.627,-53.91199999999685,-136.62400000000048,92.40600000000008,0.3539999999986776,8.056000000000552,13.954999999999984,-53.65899999999897,8.574000000000126,-7.529999999999859,-0.6389999999999674,-163.485,26.694999999999425,-40.252000000000265,-188.22299999999927,101.75399999999684,-32.964999999995825,-19.592999999997573,9.97600000000034,-5.07300000000015,21.16300000000137,511.3440000000004,-25.454999999999472,-24.81699999999876,37.62299999999925,17.956000000000927
-590.064000000001,240.65600000000023,80.01799999997274,-652.555000000001,281.19299999999896,120.45899999998257,-455.8080000000018,256.43400000000014,44.65300000001662,-262.63400000000274,592.2840000000008,82.38599999999678,-69.05499999999734,245.9080000000029,9.253000000012436,525.4209999999944,1126.8219999999983,189.2219999999952,40.14299999998912,1360.389999999998,431.3359999999875,-622.7099999999979,90.70899999999966,73.26600000001235,-977.7500000000005,196.18899999999823,279.16300000001684,-1004.996,848.3570000000014,546.97299999998,-104.48600000000285,325.1409999999993,1.0310000000004038,-252.99799999999664,192.8419999999999,42.09600000000364,-58.313000000001125,168.691000000004,-5.664999999999054,-106.85700000000224,327.2289999999998,-17.285000000003947,-127.7339999999981,132.54699999999957,9.903000000002748,-111.11800000000471,81.48100000000227,16.65100000000166,-11.456000000003996,12.619000000000824,14.31699999999978,0.7499999999993179,1.0619999999960328,5.058000000000362,-0.5710000000021864,8.187999999998397,-0.9740000000000748,-220.02099999999984,172.2340000000001,14.787999999998648,-171.55600000000106,80.49099999999997,-2.1119999999996253,-131.74099999999953,94.57999999999984,-3.961000000003878,-88.14600000000041,-1.223000000000063,2.389999999999759,7.508000000000692,1.834000000000913,19.899999999999807,-144.4519999999997,50.71899999999943,-88.73200000000026,-188.50699999999847,93.59000000000036,-34.53000000000088,-15.760000000000218,9.907999999998651,-11.39699999999948,-120.90000000000032,198.7629999999996,25.4950000000008,-24.326999999999543,56.09899999999968,14.74099999999936
-590.3529999999989,246.0299999999997,67.87100000001374,-643.4289999999976,280.12000000000086,110.26600000000144,-458.9869999999962,254.1240000000002,41.41899999999623,-182.7760000000012,597.0349999999996,128.1729999999925,-54.97500000000173,300.0699999999995,-6.848000000013599,526.5139999999974,1193.5000000000002,170.3359999999975,21.991000000014083,1399.4190000000003,385.33900000002177,-612.2279999999989,93.09300000000036,59.326000000010026,-961.7519999999998,188.5009999999994,271.9229999999925,-998.0220000000032,828.540000000001,489.343000000008,-114.15700000000017,342.43299999999977,-4.741999999998825,-263.01900000000273,173.98999999999987,15.985000000000582,-56.72000000000139,177.90799999999933,-6.896000000006097,-162.48499999999808,271.9060000000013,-34.96099999999842,-129.29100000000062,121.7200000000048,19.716999999997142,-110.52500000000124,87.20500000000015,8.54800000000182,-8.35899999999583,10.739000000000942,9.576999999998748,1.9930000000016437,-3.601000000003296,4.363000000000028,-2.868999999998323,5.407999999999902,0.3970000000002471,-209.90099999999927,172.3979999999999,27.552000000002863,-187.47000000000045,71.40500000000003,28.4089999999992,-130.70299999999975,99.65900000000012,-3.842999999994845,-25.026999999999333,48.20999999999991,-33.55200000000025,11.164999999999736,24.27099999999882,36.25500000000024,-111.20599999999996,70.95500000000072,-150.87699999999984,-190.4139999999984,102.00499999999975,-35.19600000000196,-17.695000000000505,9.530000000000882,-12.081999999999482,-133.82100000000037,159.4149999999999,27.58100000000354,-14.839000000000624,75.56300000000036,9.175000000000466
-581.0209999999984,244.85400000000013,61.29099999998289,-639.6330000000034,281.9209999999998,96.521000000007,-457.8370000000007,256.97899999999976,27.02600000000075,-234.31999999999675,590.4160000000019,89.33200000001307,-68.5609999999997,267.38900000000285,-1.4400000000023283,509.6310000000017,1250.2499999999998,153.84599999999864,2.959999999995944,1440.7569999999992,339.96599999998125,-595.4290000000015,110.12599999999964,71.96099999998751,-947.5899999999996,181.01500000000212,260.608000000002,-1016.5069999999956,852.3629999999997,455.675999999994,-122.12199999999598,343.39099999999974,-10.19900000000007,-254.5330000000007,130.75800000000015,5.383000000006177,-61.06199999999831,180.07800000000032,-5.615999999986343,-218.8350000000014,191.58999999999932,-85.94399999999496,-118.01100000000132,157.00299999999743,-18.94199999999273,-105.71899999999914,85.6979999999993,0.1159999999970295,-9.799000000003844,9.912000000002765,11.032000000001574,2.2829999999999018,-3.64699999999516,-1.426000000000016,-3.4700000000043474,8.995999999999071,-1.7049999999997567,-177.7320000000003,184.3640000000001,19.32899999999336,-154.7389999999993,78.33399999999995,-19.84899999999925,-138.8770000000008,35.398,-36.54400000000351,-14.106000000000307,63.72900000000019,-27.68999999999977,16.145999999999816,34.578000000000486,56.256999999999735,-75.59300000000206,85.99700000000041,-215.21100000000004,-192.2270000000026,85.4910000000018,-33.03899999999658,-19.50300000000027,6.072000000000344,-10.1460000000003,-177.67199999999832,47.14700000000036,14.163999999993848,-7.025999999999044,91.75299999999991,9.145999999999788
-570.5780000000004,244.041,53.95500000001903,-623.6639999999966,276.71299999999945,89.37999999998283,-450.839000000002,262.4929999999992,15.453999999999724,-235.4309999999998,608.9609999999993,74.91399999998976,-70.76700000000073,299.6369999999956,-11.524000000008527,492.0290000000023,1311.511999999999,139.61099999999078,-31.084999999995944,1471.6760000000008,301.1600000000044,-594.7059999999993,84.90600000000086,28.856999999993604,-939.1939999999998,178.21099999999888,246.15499999999884,-1030.1609999999982,872.9690000000005,422.180000000003,-108.84700000000294,331.9460000000021,-5.091000000004442,-267.04599999999914,135.90400000000002,14.690999999993435,-68.60700000000293,174.51800000000048,-10.974000000010165,-121.06400000000122,351.2589999999989,4.24199999999928,-122.14099999999917,137.24700000000212,-6.921000000005506,-121.54199999999946,44.31500000000028,-14.614999999997735,-4.858999999999014,8.37399999999775,13.523999999999605,1.7299999999977445,-7.199000000002798,2.3599999999994736,-3.771999999997888,7.888000000002648,-0.4699999999999704,-293.4110000000004,186.79099999999983,-55.09599999999182,-227.93499999999935,92.64400000000003,18.02399999999693,-73.35999999999956,169.10799999999995,15.167000000002416,-2.808999999999884,72.99500000000005,-26.703000000000543,19.10699999999963,43.33900000000028,64.59800000000016,16.64000000000101,122.26699999999936,-205.83500000000043,-196.6740000000016,97.357999999997,-39.82500000000186,-17.27300000000014,5.837999999999965,-11.423999999999523,-268.3410000000009,48.16700000000012,42.9649999999981,0.1829999999998222,101.63500000000028,3.672000000000253
-566.4100000000019,251.18399999999997,44.43400000000111,-618.8019999999995,285.0040000000007,77.28300000001127,-443.6530000000005,265.5760000000001,16.272000000003572,-236.47499999999584,616.1919999999981,55.005000000005566,-69.60399999999822,308.5109999999986,-13.280999999983578,461.6030000000024,1357.7049999999986,128.83300000000872,-51.92800000000943,1502.5949999999991,265.5759999999873,-576.5140000000002,114.42399999999964,53.41800000001058,-922.7919999999996,181.50599999999883,239.00200000000493,-1029.382000000004,880.2289999999999,376.57500000000255,-161.31300000000124,365.6939999999992,-24.603000000001884,-273.2799999999969,160.47399999999996,-1.6539999999963584,-76.0879999999986,180.0899999999956,-15.307000000007063,-121.0109999999986,294.81700000000046,-34.61300000000165,-101.54699999999934,294.85499999999547,-51.02899999999977,-86.850000000004,138.62600000000214,21.118000000001302,-5.718999999999141,30.504999999999427,7.491999999999166,5.895000000003847,-6.191999999998643,0.3240000000005238,-3.140000000001919,11.13099999999747,0.1680000000000348,-211.6389999999996,173.77500000000018,-4.456000000004678,-18.10300000000069,101.19099999999996,-88.74199999999632,-121.84799999999996,32.76299999999992,-26.87700000000177,-2.562000000000353,78.2539999999999,-25.260000000000105,24.078000000000088,55.85400000000078,63.56400000000022,12.195000000001244,146.11799999999846,-171.55500000000004,-184.7499999999968,93.10300000000213,-39.34899999999857,-16.304999999999836,6.722999999999502,-9.825000000000728,89.16900000000112,418.92099999999954,-1.219999999995025,8.83800000000008,97.84499999999952,4.434999999999434
-557.1100000000001,257.0730000000001,38.57399999997142,-611.4500000000021,287.7110000000002,73.91299999999319,-441.3139999999999,264.5210000000006,19.54299999997602,-241.57400000000848,636.3860000000017,45.88599999999588,-85.29100000000085,306.12500000000296,-10.583000000019638,428.6799999999971,1412.9580000000033,119.58099999999376,-80.79300000000558,1533.4270000000004,241.9430000000148,-577.0229999999998,102.95799999999956,1.488999999992302,-906.0370000000006,171.01800000000082,232.788000000005,-1049.163999999996,890.7539999999983,361.65800000001127,-113.6289999999974,364.9180000000001,-18.047999999998865,-276.27600000000143,113.213,-17.200000000002547,-89.27099999999939,167.16499999999996,-12.623000000007778,-175.91899999999896,276.7789999999991,-33.05599999999913,-107.089000000002,163.09200000000033,-4.52200000000289,-102.36499999999752,96.12599999999816,-3.92800000000193,0.968000000000302,-8.45899999999915,12.793000000000632,2.8699999999986403,-6.792999999998983,5.129999999999768,-4.503999999997177,11.423000000002048,-0.3060000000004947,-146.80000000000177,313.6890000000001,28.991999999993823,-119.06199999999956,101.36400000000016,0.0580000000013569,-56.60000000000025,159.70200000000006,15.335000000004584,1.8129999999999316,64.06299999999997,-20.31899999999922,25.494000000000483,48.83600000000001,56.99899999999971,-33.63200000000006,140.6610000000029,-153.68099999999956,-189.53300000000013,91.90600000000018,-41.68099999999981,-15.838999999999714,1.4739999999989095,-13.837999999999797,-163.56600000000014,8.216999999999786,7.4729999999988195,2.9259999999993624,80.24100000000018,10.500000000000398
-547.4369999999965,261.976,36.10800000001291,-602.170000000001,294.77699999999913,67.62699999999313,-438.5350000000017,279.48399999999936,7.032000000026528,-242.47399999999857,649.6579999999994,39.855999999986125,-77.37999999999943,344.00799999999947,-13.952999999992244,374.8050000000035,1457.053000000002,107.91000000001532,-120.55599999998776,1560.7950000000003,228.33300000002052,-567.6760000000002,138.412000000001,32.07999999999629,-873.8849999999999,151.62300000000073,204.08899999999903,-1036.9110000000037,871.6820000000013,307.1039999999812,-161.3740000000007,329.0639999999996,-11.443999999994505,-287.1300000000019,141.69099999999997,7.281999999997879,-87.91500000000099,162.42800000000273,-9.007999999994354,-178.4879999999987,273.85300000000257,-41.30900000000111,-96.26499999999965,178.64700000000084,-5.416999999999916,-100.03099999999564,105.1479999999998,3.5979999999995016,-1.495999999997366,11.67599999999993,18.09599999999989,4.174999999997908,-7.798000000002503,4.751999999999867,-2.877999999998337,13.25300000000027,-1.6049999999999898,-236.1549999999994,44.1519999999997,-30.999999999994543,-108.51200000000034,110.02099999999987,-30.11500000000069,-81.57800000000037,90.10400000000018,-6.384000000002743,-17.450999999999794,47.51399999999997,-11.060000000000514,21.76899999999975,38.02400000000006,42.878999999999934,-56.91699999999997,83.67899999999793,-93.23699999999988,-192.85000000000423,98.65800000000036,-41.76400000000058,-18.898000000001502,5.922000000001049,-5.903000000000702,-46.80700000000115,286.4750000000008,32.740000000001146,0.0020000000006348,70.47099999999986,2.2499999999993747
-537.6980000000003,268.742,28.064000000017582,-586.4500000000021,298.2600000000005,64.23300000001291,-434.1829999999959,290.185000000001,2.526999999986401,-319.52799999999684,662.5059999999991,-39.95299999999133,-83.35299999999961,312.02699999999766,1.0740000000168948,358.2459999999969,1488.4239999999977,107.06799999998113,-160.27900000000272,1589.5199999999995,222.54599999998845,-563.857999999999,130.8579999999992,9.778000000005704,-860.491,173.08500000000038,192.516999999998,-1054.297999999997,903.8180000000012,305.05399999999554,-147.75399999999763,317.37400000000093,-1.3059999999995853,-284.2909999999961,135.02799999999996,5.72500000000673,-94.90199999999902,158.9740000000006,-5.187999999998283,-310.2290000000039,176.6079999999988,-100.945999999999,-95.94999999999914,161.32000000000062,-0.7880000000000109,-123.1930000000034,51.52300000000025,-23.70599999999854,1.3219999999932952,27.451000000002068,22.657999999999845,6.2560000000019045,-4.446000000001504,9.19500000000042,-2.51800000000344,13.336999999998511,0.3610000000001889,-178.3280000000019,178.4200000000002,16.21699999999464,-114.59299999999928,102.82800000000005,0.1189999999951396,-110.70099999999884,12.981999999999871,-24.1579999999999,-1.5010000000003745,31.99500000000004,-7.460999999999274,18.269999999998987,26.426999999999623,35.18100000000004,-22.527000000000896,39.77400000000273,-46.51100000000028,-174.36899999999866,89.22799999999995,-33.174999999999955,-14.244999999999663,4.348999999999137,-5.813999999999453,-104.46000000000026,140.08799999999937,42.17949999999746,0.7849999999990587,41.892,11.791000000000906
-528.4670000000006,278.592,30.140000000005784,-584.209999999996,307.61799999999937,55.66400000000158,-420.38499999999885,295.389999999999,3.723000000013599,-222.8150000000028,717.091000000002,30.859000000009477,-78.79900000000362,344.2260000000033,4.320999999981723,314.51399999999694,1527.812,109.41100000000006,-213.6589999999956,1609.458,213.7939999999844,-552.103000000001,105.96200000000024,-17.589999999995598,-832.2349999999998,156.22099999999932,191.2229999999909,-1057.329000000001,897.6619999999969,278.5159999999905,-187.2470000000021,315.67899999999725,-11.28000000001066,-289.8720000000026,141.6500000000001,10.845999999992271,-85.07100000000207,159.18399999999906,1.1590000000069267,-198.16899999999575,277.51799999999776,-20.19000000000233,-92.813000000001,170.36600000000135,1.1850000000038108,-78.70800000000031,141.21399999999937,32.11699999999951,-2.0109999999988304,-0.9860000000003312,20.725000000000197,4.607999999998924,-2.367999999995618,11.713999999999912,-2.440999999998894,12.872000000001549,-0.5440000000000111,-120.47399999999868,231.4600000000002,38.91600000000608,-107.25100000000084,98.62699999999992,4.508000000004131,-85.40899999999993,68.68799999999986,1.9990000000007055,-4.663999999999646,26.022000000000038,-3.880000000000905,15.552000000000987,19.331999999998573,25.20300000000049,-0.5250000000003752,56.00599999999645,-59.21299999999974,-169.22999999999888,98.43400000000032,-32.18100000000277,-18.769000000000347,8.796000000000959,-1.9480000000001496,-104.46000000000026,140.08800000000008,42.17949999999746,-2.1940000000000737,27.7390000000004,16.807000000000016
-520.3980000000001,286.597,19.28699999998571,-571.2620000000015,313.279,51.28199999999197,-415.3290000000027,303.1649999999999,3.2469999999875654,-268.4239999999932,693.7549999999987,24.63399999999183,-53.38199999999347,374.9689999999987,6.77499999999327,246.23399999999265,1549.341000000001,92.21200000001772,-238.5680000000093,1625.416,209.26500000000487,-532.5599999999994,122.89699999999968,-13.976999999999862,-833.511,203.21500000000012,214.97799999999643,-1063.979999999998,893.1550000000016,268.93300000001545,-159.88500000000272,309.6869999999996,-7.823999999993703,-272.5949999999983,123.83799999999984,32.50699999999824,-100.55599999999744,153.23800000000176,9.350999999992382,-41.80600000000254,346.678,45.55000000000291,-92.77699999999528,161.60099999999886,3.191999999995687,-106.2469999999962,45.09700000000123,-12.869000000000597,-4.681999999996833,14.006999999998015,20.977999999999497,47.872999999998456,4.015999999995756,-9.75699999999975,-2.1489999999971587,10.337999999998717,-0.0460000000003901,-170.7819999999998,167.2749999999997,28.991999999993823,-98.62499999999984,92.33400000000012,8.233000000001311,-52.3210000000006,117.19000000000044,25.857999999999493,-4.925000000000068,18.507999999999925,-2.7999999999991587,12.147999999999117,13.135000000001185,21.571999999999747,-22.576999999999718,32.677000000001044,-33.118000000000336,-169.13100000000156,90.3519999999986,-28.05799999999863,-7.425999999998112,10.284999999998943,0.3280000000003724,-107.1640000000002,121.09200000000016,48.12700000000518,-5.890999999999735,21.70099999999948,16.293999999999187
-509.393,294.446,18.18799999998646,-556.8449999999984,315.2529999999999,43.26200000000426,-418.7929999999994,314.57200000000114,-13.90400000000227,-256.13400000000865,709.9209999999999,25.29300000001058,-64.93500000000267,342.1030000000002,28.138000000012653,191.1200000000008,1577.6389999999992,82.17799999999897,-289.4109999999955,1637.567,192.15100000001257,-525.9020000000006,161.99000000000012,21.21599999998125,-796.034,178.53000000000063,191.1260000000084,-1057.4310000000023,871.6710000000035,224.4989999999916,-174.16299999999865,304.47400000000187,-8.45400000000609,-285.6870000000015,129.37000000000012,29.8460000000091,-97.36900000000048,144.8459999999983,18.1400000000167,-261.939000000001,286.54000000000224,-19.787000000007996,-90.86600000000544,149.3690000000015,9.47800000000143,-63.77600000000143,129.5880000000011,34.53600000000279,-3.0509999999992488,13.297000000000024,24.10500000000013,2.2260000000017044,3.125,16.188999999999254,-0.5150000000014643,6.100000000000705,1.3450000000005955,-220.42900000000145,108.90100000000018,22.6690000000076,-121.09700000000032,83.88299999999997,10.500999999999294,-72.38300000000066,52.88000000000004,11.241999999998598,-11.345000000000027,19.865000000000062,-2.631000000000938,3.678000000000736,11.994999999998868,15.7589999999999,-15.73099999999954,25.747000000001208,-25.036999999999665,-151.20099999999752,88.97800000000018,-27.52100000000155,-10.562000000001603,10.695000000001189,0.1660000000001105,-108.8134999999994,101.70600000000007,48.50149999999758,-11.623999999999056,12.402000000000156,19.769000000000855
-498.929000000004,302.6770000000001,11.524000000008527,-551.8250000000023,327.08200000000005,33.910999999989144,-409.4179999999994,321.9919999999988,-4.016000000001441,-247.72299999999632,752.9750000000007,48.694000000000415,-54.05600000000277,362.7160000000004,31.334999999990032,154.96800000000803,1599.186,93.98199999998268,-321.4780000000019,1640.8239999999998,166.2599999999884,-510.94400000000064,126.46599999999992,-27.575999999999112,-762.007,153.4419999999983,176.29400000000714,-1059.887999999998,868.4169999999938,209.3020000000024,-169.54999999999814,295.43000000000177,-4.552999999998519,-274.76699999999994,120.12799999999996,22.85200000000032,-104.72900000000038,140.93300000000113,21.776999999974574,-265.37099999999896,118.45900000000142,-84.25899999998592,-90.06599999999594,136.8799999999993,11.261000000001786,-92.8980000000024,31.19099999999833,-11.51100000000156,14.092999999996891,52.68500000000245,13.169000000000608,-41.9620000000009,-5.285999999995283,47.442000000000206,0.4089999999962401,6.727999999998247,0.6079999999997199,-134.00399999999877,207.752,47.88200000000416,-108.75699999999996,71.01299999999995,3.7970000000086657,-76.65899999999937,43.84299999999968,3.951999999998179,-18.090999999999724,12.683999999999962,-6.677999999999429,-1.4440000000000452,7.7390000000008285,7.410999999999746,-8.662999999999954,1.403999999999428,-22.453000000000145,-131.07700000000193,89.46100000000001,-23.332999999996677,-8.28599999999824,12.152000000000385,5.127999999999133,-108.8134999999994,101.70600000000007,48.50149999999758,-18.56200000000001,10.12800000000027,8.932000000000073
-489.32499999999663,319.4379999999997,5.248999999980697,-561.8709999999965,303.76700000000056,11.2920000000031,-402.7710000000013,312.73000000000053,7.605000000012296,-271.332000000001,728.7179999999992,29.24799999998413,-45.278999999999314,367.45500000000106,34.36300000000756,95.82500000000208,1611.1379999999997,84.13100000000213,-353.05799999999863,1641.8139999999996,131.17600000000493,-499.803,146.53200000000055,-3.234999999995125,-746.8539999999999,187.0959999999997,183.0199999999877,-1050.1190000000008,858.313000000004,185.4490000000169,-194.2870000000028,282.726999999997,-9.313999999994849,-270.45300000000054,113.062,22.88800000000037,-102.30999999999996,137.4969999999962,26.99000000000069,-192.78600000000097,256.34000000000015,-2.472000000011576,-87.51000000000317,131.90799999999854,18.88799999999833,-43.09999999999832,121.85699999999996,38.4680000000003,-5.090999999998758,9.38199999999938,30.284000000000333,59.699000000003366,11.559999999997215,-5.35199999999989,1.8400000000042385,2.354000000002543,0.3500000000002501,-177.66399999999862,127.19700000000032,31.87199999999848,-123.2299999999995,57.37199999999998,2.822999999989406,-81.0609999999997,31.652000000000054,7.224000000002206,-20.46500000000009,7.477000000000089,-8.084999999999809,-5.143000000000342,3.251000000000204,5.23200000000017,-15.828000000000486,19.192999999998506,-3.444000000000358,-126.60999999999945,95.44899999999927,-16.949999999991405,15.96699999999771,-19.437999999999533,-1.6079999999988104,-113.3560000000017,76.49600000000021,35.11600000000499,-21.30200000000002,7.25399999999965,13.197999999999864
-482.7270000000027,325.32200000000023,2.0990000000210784,-527.9820000000029,340.0669999999991,12.85400000001573,-405.5340000000001,323.76099999999894,2.281999999991058,-290.4049999999984,724.9940000000009,12.219000000004598,-37.07899999999995,374.1960000000006,33.93499999999676,55.64600000000155,1633.183999999997,81.76200000000335,-385.9739999999988,1642.4049999999993,111.0969999999952,-485.5679999999992,151.1800000000001,-4.419000000007145,-720.0150000000001,189.50499999999977,179.46699999999964,-1039.0299999999995,850.7940000000019,160.51099999999678,-149.6089999999981,301.45700000000204,1.708999999993921,-261.78899999999885,98.251,16.399999999998727,-109.16300000000092,135.37600000000225,30.79800000000432,-181.0149999999965,207.0639999999969,-20.75799999998935,-78.48500000000058,137.72100000000194,7.238999999998441,-58.11199999999985,71.92000000000007,10.930999999999358,-1.6419999999982338,13.387999999997646,26.890000000000214,-38.52900000000261,-1.1959999999987758,48.12000000000012,0.048999999995658,3.764999999998509,0.95799999999997,-216.75900000000183,69.55099999999987,2.050999999994474,-125.17500000000013,44.889000000000046,1.6380000000026484,-82.19700000000074,25.71200000000005,6.191999999998643,-20.82300000000004,6.302999999999948,-8.901000000000181,-2.725999999999829,0.8170000000006894,-0.4609999999999559,-14.936999999999044,6.523000000001389,-7.573000000000007,-112.58100000000012,94.81600000000014,-24.002000000012917,-4.1959999999988895,10.153999999999996,6.460999999998762,-117.8559999999976,75.16099999999994,36.627999999996064,-22.722000000000264,-3.0299999999996885,8.223999999999876
-473.012,336.5099999999998,-7.604999999989559,-518.4349999999995,345.43600000000083,1.1959999999817228,-394.4800000000015,347.581000000001,-19.702000000006592,-280.67399999999907,756.8719999999998,35.03399999999601,-35.13399999999933,374.706999999998,35.314999999991414,6.560999999987871,1639.6640000000018,76.08700000000681,-450.1890000000117,1639.5409999999997,83.92300000000432,-467.4909999999997,165.16599999999997,13.648000000011962,-681.4910000000001,198.16400000000272,168.25000000001182,-1011.6780000000006,800.4569999999944,101.42799999998716,-155.7740000000024,280.641,-29.729999999995016,-273.09000000000054,109.96699999999998,17.62699999999313,-109.71999999999866,127.3589999999956,31.26199999999244,-92.82800000000292,365.32200000000046,68.39599999999564,-81.97599999999738,161.96799999999598,10.37900000000036,-77.12099999999964,41.410999999999376,-8.334000000002106,-20.217999999999847,-29.287999999996828,38.44999999999885,4.716999999999416,4.162999999999784,27.364000000000036,2.5810000000035416,4.016999999998916,1.9169999999995468,-162.27099999999837,152.81399999999934,24.38400000000911,-122.8180000000009,43.83999999999979,0.3390000000081272,-76.8810000000002,24.03899999999979,5.333999999999151,-19.57700000000031,6.780000000000008,-10.085000000000832,-3.811999999999927,0.2509999999986689,3.9050000000003138,-17.666000000001247,5.377999999998906,-8.229999999999649,-107.2829999999982,96.8890000000016,-21.889999999996235,-20.513999999997168,42.04699999999946,16.819000000000983,-120.77600000000076,67.23799999999969,40.5300000000068,-19.69399999999979,-0.2340000000003783,11.836999999999875
-464.4869999999997,344.4690000000001,-13.269000000013875,-505.4020000000008,352.4010000000004,-9.130999999979394,-395.49499999999966,339.80000000000103,-12.767999999982749,-284.4480000000033,750.5079999999992,39.685000000008586,-30.481000000003178,377.9830000000004,35.88900000002013,-35.833999999988464,1648.723000000001,76.24499999999443,-449.73799999999073,1640.8110000000008,77.50199999998131,-458.4029999999999,135.71900000000028,-32.06800000000385,-669.3730000000002,209.80699999999783,175.01199999999244,-1011.441000000002,829.1570000000036,112.53600000000006,-189.72499999999852,288.57699999999795,6.488000000001648,-265.3559999999999,105.993,17.85300000000234,-102.4489999999986,127.72500000000662,32.33700000000681,-259.6409999999992,84.22199999999975,-80.01100000000179,-51.68500000000336,116.07800000000168,5.905000000007021,-46.18499999999699,78.21700000000078,7.595000000003438,2.5149999999996453,19.60099999999443,43.98100000000085,5.293000000000347,2.7309999999999945,29.896999999999707,4.5630000000016935,5.524000000002616,-1.672999999999547,-222.00599999999892,63.26100000000068,2.2699999999986176,-128.80199999999888,24.549999999999983,-2.859000000012202,-82.95399999999944,16.258000000000195,7.55900000000338,-16.541999999999746,-1.374999999999993,-9.081999999999368,-1.3730000000002462,1.5930000000011546,0.0279999999996505,-16.68199999999871,-0.4619999999988522,-3.985999999999734,-97.44300000000123,100.28199999999856,-28.424000000001115,-2.539000000001579,16.017999999996846,9.062000000000126,-125.12200000000178,51.44299999999973,38.77299999999195,-13.911000000000229,-2.66900000000021,8.57599999999934
-459.45999999999856,354.12800000000004,-17.18700000001263,-497.8620000000007,356.7199999999985,-21.118000000001302,-398.22099999999807,370.9589999999992,-29.87100000002556,-305.9480000000008,751.9340000000013,19.56800000000385,-31.484999999997854,385.5770000000007,36.59699999998338,-54.747999999995045,1669.6039999999996,86.36500000000069,-474.2799999999989,1640.6630000000007,58.52100000001883,-441.1420000000007,153.97399999999806,-13.464999999996508,-629.5429999999996,217.0810000000017,162.7809999999954,-1002.5089999999976,825.8609999999976,86.75599999999122,-177.00499999999693,283.75000000000057,-2.6979999999980464,-282.47499999999945,112.60599999999998,8.654999999998836,-104.08900000000187,138.76699999999855,25.549000000000888,-0.2959999999973206,310.7900000000015,61.31599999999935,-59.22199999999407,138.79500000000178,14.888999999993755,-43.357000000003154,88.92800000000136,15.176999999999907,11.99399999999855,30.051000000003118,23.45499999999987,38.79900000000305,3.674000000000888,11.796999999999969,2.849999999995134,6.310999999999467,-0.4000000000004888,-168.59300000000133,155.762,21.606999999994517,-125.49100000000097,9.832000000000283,-7.128999999997632,-87.3350000000002,10.476999999999848,3.637999999995145,-13.996999999999815,-0.8779999999999788,-13.226000000000226,2.9350000000000875,-3.432000000000812,-3.672000000000253,-13.448999999999955,3.858999999999924,-7.921000000000333,-87.94100000000071,102.99699999999916,-42.38000000000284,-0.522000000000844,12.544000000002598,11.21299999999934,-118.16099999999778,51.140000000000185,37.02600000000302,-15.81199999999967,-5.2969999999994855,5.707000000001017
-448.5229999999973,364.9180000000001,-25.19599999995989,-491.4929999999998,366.6000000000025,-29.82200000001285,-379.1890000000024,333.0329999999996,8.997000000022126,-338.69300000000067,728.0409999999989,-23.192999999992026,-32.740000000001146,381.7489999999992,35.9000000000151,-117.7250000000072,1662.6289999999997,73.70599999999286,-466.6560000000004,1646.1169999999995,75.17100000000028,-432.0670000000007,156.42400000000123,-15.94199999999546,-624.7100000000003,231.66499999999812,164.2090000000053,-989.3470000000008,808.7550000000022,59.79000000002088,-185.92500000000317,278.7059999999997,-12.963999999999489,-245.5670000000012,91.978,28.026999999997315,-103.51300000000094,133.8709999999992,28.79600000001119,-325.6930000000011,92.34399999999994,-79.13300000000163,-51.901000000003705,153.81600000000049,8.251999999998816,-54.08600000000092,79.32699999999784,12.72000000000162,0.8600000000001273,0.7569999999986976,35.35700000000048,7.622999999998115,3.680999999994583,35.29300000000006,5.44100000000185,5.956999999997947,0.9050000000002,-189.4459999999981,113.85699999999945,12.133000000005724,-130.39500000000004,9.78399999999997,-5.1400000000001,-76.16399999999999,6.483000000000061,1.1410000000012133,-13.186999999999928,-6.224000000000096,-10.04999999999967,-0.003999999999138,-1.4459999999999695,-8.779999999999433,-16.55900000000088,1.7789999999990869,0.0950000000003115,-89.78699999999833,102.1060000000034,-17.403999999999087,0.7109999999983074,11.618999999998891,11.254999999999882,-127.1000000000015,35.62999999999974,32.139000000000806,-12.509000000000016,4.28799999999967,0.5409999999997694
-444.974000000002,377.84000000000015,-29.10100000001421,-479.9520000000001,375.2659999999992,-39.63599999999588,-371.9709999999992,373.3550000000001,-25.17100000000028,-306.85399999999845,756.9109999999995,40.80799999999272,-32.75099999999611,387.8649999999993,34.76599999999053,-225.19499999999653,1673.7390000000005,46.48400000000947,-521.7290000000048,1629.323000000002,12.427000000002408,-427.9639999999986,173.78999999999962,-1.7579999999952634,-572.1119999999999,233.01500000000036,149.5969999999943,-968.386000000001,796.5820000000008,35.94900000000507,-179.73700000000008,277.42800000000045,-7.415000000003147,-285.4869999999991,127.13200000000002,10.889000000008764,-107.02200000000062,134.34199999999805,28.84599999999864,-59.37200000000189,354.9839999999989,78.77200000000357,-53.52500000000191,136.07199999999864,10.898000000003094,-29.592999999999847,122.8730000000013,27.44999999999891,6.567999999998619,15.541999999999234,35.666999999999405,4.652000000001522,4.861000000005333,33.89000000000024,4.833999999999605,5.414000000001806,-0.9969999999995592,-256.1630000000008,13.502000000000436,-7.068000000003849,-123.98000000000025,-0.7699999999999818,-10.930999999999358,-81.36399999999924,1.5280000000000626,7.615000000004102,-15.375000000000227,-1.7979999999999663,-11.849000000000842,2.7949999999997037,-4.18899999999951,-5.208999999999975,-15.555999999999417,2.3560000000031778,-1.8100000000004,-101.89200000000083,100.97499999999968,-10.36399999999844,4.048000000000229,12.6560000000012,16.218000000000643,-117.5150000000002,35.58300000000045,32.61400000000094,-8.227000000000828,1.2510000000006016,2.6039999999994734
-436.769000000001,388.71899999999965,-35.14399999999114,-476.6609999999986,378.4189999999995,-54.688000000010106,-371.20199999999954,382.1509999999996,-32.79999999999745,-319.7969999999998,712.6820000000009,27.11099999999078,-41.412000000002536,390.0330000000025,36.10800000001291,-224.82300000001487,1658.865,63.45200000000659,-532.2259999999915,1624.8929999999973,9.935999999993328,-407.5199999999995,162.19499999999982,-26.95300000002589,-545.0029999999991,243.6329999999998,142.87100000001374,-952.9259999999964,783.2949999999983,13.671999999996842,-160.19000000000003,278.6110000000008,-2.23399999999856,-271.3680000000011,82.368,12.578999999993812,-102.78599999999756,136.37700000000166,27.16000000000349,-246.17599999999695,66.79400000000015,-71.62399999999707,-50.5489999999952,150.41400000000067,9.118999999998325,-51.60799999999881,44.56700000000069,4.189999999999827,0.1370000000008531,28.4150000000011,35.03000000000043,3.9779999999979054,8.584999999999354,34.88499999999988,5.918000000002621,4.769999999999186,1.688999999999652,-173.04900000000316,126.3300000000001,20.09899999999334,-125.6619999999991,6.646999999999892,-5.666999999999689,-85.71900000000028,-4.429000000000016,-0.6079999999997199,-13.6099999999999,-0.9940000000000282,-11.56299999999959,1.6979999999996664,-3.685000000000116,-6.354000000000326,-14.8539999999997,-0.9410000000031004,0.1590000000000202,-83.4840000000014,106.14399999999762,-22.16799999999921,5.110000000001946,15.990999999996802,17.799999999999727,-120.11799999999936,21.153000000000333,32.928000000003976,-15.568999999999278,-8.149000000000228,5.706000000000699
-431.8720000000013,392.8890000000002,-40.00300000000152,-461.6659999999996,387.9279999999994,-59.88699999998062,-367.2850000000011,347.6180000000006,7.835999999997512,-351.506999999998,753.5439999999994,-4.100999999991473,-39.1179999999963,396.48599999999874,32.50800000000709,-264.5939999999882,1645.72,58.47199999998338,-586.2790000000018,1588.8870000000024,-28.33200000000033,-400.0770000000017,167.79000000000082,-34.54599999997754,-516.3800000000009,249.71700000000112,138.0369999999857,-933.638000000002,767.525999999998,-7.946000000015374,-198.4489999999994,267.39999999999924,-14.031999999997424,-257.2449999999989,85.68699999999998,4.798000000005231,-103.35100000000068,133.43799999999817,27.648999999973967,-35.275000000001455,340.48599999999993,80.07799999999179,-52.201000000002296,128.54600000000005,16.894000000002052,-40.7100000000014,78.96199999999851,14.89599999999882,-1.3980000000003656,-0.8140000000025793,31.459999999999862,5.914999999998827,6.972999999999274,37.10099999999983,4.851999999999634,1.0709999999988895,1.1539999999996553,-206.95699999999704,111.95999999999984,2.442000000007738,-121.9619999999999,0.5230000000000956,-8.67300000000455,-75.37400000000076,0.5089999999999151,6.385000000000218,-15.48700000000025,-4.313999999999929,-11.98699999999917,-1.9010000000001528,-5.692000000000519,-10.137999999999892,-12.163000000001034,-6.574000000000524,1.684999999999803,-73.15799999999797,106.0670000000016,-16.72100000000114,0.3799999999984038,17.68700000000365,17.031000000000063,-118.35399999999936,27.87700000000015,30.871999999993704,-12.158000000000868,2.646999999999622,0.9299999999996088
-421.91399999999817,406.2469999999997,-43.481000000019776,-456.1140000000023,389.7340000000014,-71.39900000001944,-355.9969999999993,388.70900000000006,-30.296999999995933,-351.4499999999998,727.0560000000003,5.224999999995816,-43.47800000000461,390.2250000000009,33.617999999978565,-325.1460000000065,1642.6289999999997,59.43600000000515,-591.5470000000028,1590.761999999998,-18.567000000007283,-376.90299999999866,186.00700000000077,-11.914000000024316,-489.7270000000006,252.1809999999988,131.37199999998757,-911.7369999999994,751.1900000000026,-27.5269999999864,-159.769,273.32700000000045,3.099999999994907,-261.3010000000003,83.61,4.613999999992302,-103.44699999999987,134.76100000000315,29.956000000015592,-231.83900000000224,23.20399999999978,-102.99099999999726,-52.62099999999919,127.27799999999831,22.79699999999707,-39.46300000000065,68.03800000000138,15.273999999999432,5.405000000001792,34.00200000000382,48.4659999999991,-30.498000000000047,10.555999999996857,63.79300000000043,6.9430000000011205,5.44399999999996,-1.98299999999918,-179.86099999999965,50.764999999999816,12.126999999998134,-128.25100000000091,0.6050000000000111,-8.962999999999965,-86.86599999999913,-5.596999999999852,5.471000000000004,-17.712999999999823,-8.544000000000018,-13.00900000000098,-0.4889999999996064,-5.13599999999883,-9.5799999999997,-16.517000000000337,-1.1290000000002465,1.6940000000005284,-68.27399999999955,106.79700000000024,-15.178999999989172,7.134999999999536,18.38199999999972,19.145000000000323,-288.09699999999907,-198.8040000000005,38.69300000000635,-16.643999999999437,-4.278999999999655,1.3549999999995066
-415.0419999999997,404.1699999999999,-49.76800000001731,-444.89899999999807,395.70400000000063,-81.61599999998543,-361.91200000000094,375.2379999999995,-14.27000000001044,-365.1610000000005,702.8069999999999,-23.57200000001285,-42.34299999999962,398.51699999999823,30.44400000001133,-346.0329999999999,1624.3709999999996,56.714000000010856,-643.3530000000019,1548.5649999999991,-53.80900000000111,-363.3050000000004,147.10299999999847,-65.18499999997402,-461.2609999999989,256.4390000000003,124.80500000001484,-893.1160000000006,736.6399999999999,-45.32500000000255,-171.51499999999942,263.9629999999997,1.624000000003889,-261.28300000000024,82.81900000000002,-4.729999999995016,-103.35400000000163,126.57299999999908,30.87199999999939,-41.78200000000061,390.0220000000005,111.36500000000068,-49.75900000000024,127.4520000000024,17.898000000002412,-30.13599999999883,81.0389999999984,20.3550000000007,5.190999999996393,2.5789999999972224,43.21699999999993,8.028000000001612,13.309000000003834,42.79900000000012,6.56699999999546,3.223000000002685,1.66499999999985,-184.8610000000008,72.58800000000036,12.066999999990458,-125.94299999999876,1.1909999999998533,-5.730999999997266,-79.83300000000071,-7.612000000000307,3.677999999996473,51.33700000000019,9.291999999999945,-41.44699999999944,-1.991000000000298,-7.756000000001961,-10.359000000000409,-14.668999999999244,-8.924999999999272,3.051999999999566,-66.42000000000223,100.9900000000016,-13.281000000012,5.170000000001096,14.87099999999657,18.129999999999317,-73.27900000000227,-14.849999999999852,42.85299999999097,-14.57199999999972,-11.975999999999942,8.27900000000028
-403.0799999999999,422.9730000000004,-54.18699999997898,-436.6199999999992,398.33399999999983,-84.05800000000454,-340.0379999999984,365.1140000000005,-33.85000000000673,-342.0320000000004,740.0880000000001,26.611000000025346,-41.56199999999899,400.48500000000047,34.106999999994514,-395.4159999999888,1607.018,59.24099999999726,-638.3120000000076,1542.0800000000013,-49.37699999998131,-363.4080000000004,186.82100000000048,-8.814000000006672,-407.8640000000007,244.4659999999999,102.58799999999157,-873.1200000000001,727.0199999999988,-70.69099999998798,-182.1199999999976,264.37600000000003,-6.641000000001895,-244.46800000000053,62.98399999999997,-10.150999999996202,-98.21299999999836,131.40900000000215,31.17700000000241,-230.40399999999863,4.184000000000765,-106.15900000000238,-47.2440000000006,134.7079999999977,17.14799999999741,-24.962999999996786,76.824000000002,19.66600000000085,12.454000000002452,56.677000000001954,31.820000000000448,41.85300000000041,7.375999999999294,21.3479999999997,7.4800000000038835,4.326999999997838,1.4229999999997744,-194.64499999999987,80.47399999999953,6.891000000007352,-119.26200000000053,1.2249999999999872,-8.359000000001515,-78.86699999999962,-0.245999999999924,2.9749999999978627,-41.91400000000058,-14.599999999999902,-3.0119999999996594,-2.145999999999759,-3.9369999999991023,-11.366999999999903,-14.785999999999431,-2.871999999999275,0.9759999999999992,-69.56699999999785,98.90699999999696,-7.241999999996551,6.944000000001438,17.848000000003594,22.050000000000125,-103.92099999999972,45.98999999999975,28.28300000000468,-16.434000000000992,4.153000000000162,-2.501999999999782
-398.88500000000136,423.2789999999994,-60.47399999999925,-429.4840000000022,403.3389999999969,-99.81700000000728,-356.34100000000046,411.8559999999995,-13.623999999981606,-360.4430000000036,708.2889999999995,-5.151000000000749,-45.864999999997735,406.4740000000001,38.68399999998928,-424.8290000000111,1583.3109999999997,63.598000000001775,-686.4869999999883,1500.8909999999985,-98.87700000001588,-346.92800000000045,181.49800000000056,-27.245999999991,-401.7759999999996,271.60300000000177,111.42600000000584,-859.7069999999987,719.9060000000031,-99.17000000002643,-183.972,272.2899999999996,-15.777000000002772,-278.904,103.831,6.030999999995856,-96.54099999999914,127.71999999999936,37.73100000000795,-136.5419999999972,196.1199999999991,14.4170000000031,-41.955999999998994,123.55600000000209,25.643999999999775,-29.8370000000034,70.32299999999907,18.52999999999838,2.6799999999980173,13.870000000002848,44.540000000000646,6.566999999998302,7.089000000001988,42.18100000000007,7.311999999996033,2.881000000002132,0.1709999999995659,-161.9020000000006,81.26700000000042,7.788000000005013,-124.13799999999996,4.928000000000132,-4.806999999999562,-82.43999999999971,0.8420000000000982,1.3640000000009422,13.887000000000429,1.8340000000000245,-22.297000000000367,2.409000000000105,-5.696999999999264,-7.838999999999885,-12.00900000000047,-3.971000000001368,0.9210000000003048,-57.96500000000151,95.17600000000073,-14.10799999999881,8.732999999998015,18.2850000000002,23.69999999999948,2.6679999999998927,258.91400000000004,9.884999999997037,-13.004999999999711,2.698999999999785,1.3909999999995648
-390.2469999999994,431.8470000000005,-65.25899999999183,-418.91299999999774,408.9349999999996,-104.32099999998172,-341.07099999999946,422.85100000000034,-50.85400000000391,-373.51999999999634,689.3290000000004,-34.253000000012435,-42.526000000003705,404.0089999999992,42.94400000001133,-462.23799999999073,1566.1259999999995,59.81500000000324,-705.3530000000023,1485.811000000001,-98.60899999998765,-333.44999999999914,177.5439999999989,-35.10700000001634,-368.40100000000007,282.1199999999976,111.68199999999617,-861.5830000000002,732.5169999999957,-110.92499999999744,-188.27200000000065,254.0680000000009,-2.881000000002132,-253.38499999999868,84.48599999999998,-6.677000000001954,-97.12499999999976,131.3369999999992,38.28199999998105,-169.431000000003,531.0670000000001,195.1409999999896,-43.25600000000236,119.10599999999933,28.360000000003534,-27.560999999997197,80.30499999999847,25.722999999999278,7.528000000002066,16.68099999999413,27.70199999999932,7.887999999999806,8.343999999999596,43.8600000000001,8.129999999999882,2.2619999999989204,0.2420000000000755,-194.6340000000021,-2.76800000000037,18.67700000000241,-112.58499999999998,13.129999999999775,-6.65199999999686,-72.09100000000035,8.112999999999815,4.306000000002541,-15.254999999999797,-2.711000000000041,-6.946999999999548,1.7859999999998877,-3.069000000000699,-3.732000000000113,-8.172000000000423,0.0030000000009522,-0.4660000000001219,-65.66699999999912,91.58999999999936,-14.01400000000308,9.236000000001354,10.19900000000007,25.015000000000494,-206.12299999999948,-147.2210000000004,40.55799999999863,-13.10799999999972,-3.9500000000003865,7.484999999999786
-386.7500000000007,439.4600000000004,-69.629000000009,-408.13900000000274,415.6400000000019,-113.7820000000147,-325.1310000000018,358.6169999999999,-7.397000000014486,-373.8769999999988,692.953,-16.174999999998363,-43.530999999995856,410.1089999999999,42.59099999999307,-500.9890000000041,1542.1930000000002,58.48300000000109,-719.4389999999999,1459.9249999999984,-100.56099999999331,-319.42200000000014,189.78600000000085,-25.13500000000022,-352.6939999999996,293.210000000002,112.31700000000728,-834.4100000000011,717.8190000000029,-169.6899999999914,-186.4680000000021,248.23299999999904,1.5260000000012042,-245.1350000000005,76.72000000000007,-8.820000000002892,-98.03800000000253,129.99299999999891,40.55100000000493,-127.46799999999894,161.19699999999995,6.269000000008873,-39.07100000000128,124.75399999999864,30.11500000000069,-25.656000000003587,69.65800000000115,23.139000000003307,1.7949999999984811,-18.471999999997024,76.00400000000036,13.263000000000602,3.517999999996846,44.03999999999968,9.43900000000326,3.685999999999012,0.9160000000001388,-164.19299999999737,52.14599999999976,-0.4580000000032669,-121.9850000000001,19.003000000000192,-3.3510000000035234,-70.49200000000013,12.08100000000023,1.5809999999987667,-12.75800000000018,-3.5330000000000084,-7.676000000000727,1.7279999999999518,-3.685999999999012,-1.280999999999466,-12.247999999999593,0.9460000000018454,-1.8650000000000944,-66.68700000000172,76.0549999999995,3.0730000000005475,12.516999999999712,15.709999999998558,29.103000000000637,-42.00700000000097,227.38800000000052,46.10900000001266,-14.721000000000116,2.5300000000001432,5.465000000000941
-380.92100000000073,446.2029999999984,-71.83800000000247,-406.32699999999886,415.7510000000002,-123.92600000000584,-331.38899999999865,402.1930000000001,-33.12999999998283,-370.9350000000029,713.198,7.581000000004678,-41.56500000000278,413.5950000000008,46.53299999999945,-540.3009999999995,1518.1370000000002,50.927999999998974,-737.7079999999978,1435.3690000000029,-95.97200000000612,-309.769,170.12,-51.07399999999416,-285.75700000000097,304.50699999999813,88.18300000000363,-820.8039999999996,715.6459999999981,-207.6289999999972,-189.06599999999685,245.5520000000007,4.156000000000404,-244.84900000000067,82.38000000000002,-6.023999999990792,-97.70899999999756,131.6160000000025,40.4549999999972,-145.73100000000068,179.3369999999996,10.742000000004737,-39.5719999999983,121.72700000000134,27.575999999999112,-23.66599999999721,76.95300000000032,22.56999999999607,15.618999999998096,-4.983000000004267,54.30099999999953,-17.941999999999325,-3.647000000000844,63.661000000000456,8.315999999996393,2.0080000000007203,0.4460000000001685,-157.33700000000113,71.63900000000041,32.9529999999977,-102.5979999999997,23.77199999999995,-5.434999999999945,-69.81899999999968,13.157000000000352,7.938000000001466,-10.64800000000048,6.27999999999993,-4.564999999999486,0.9050000000002,-0.5290000000002237,5.745999999999185,-6.159999999999855,3.2679999999999154,-8.538000000000068,-60.1319999999987,85.94600000000128,-3.7959999999941374,14.76600000000019,2.729000000002202,25.8420000000001,-153.64399999999705,-109.43500000000056,15.825999999987062,-11.570000000000393,-1.9489999999997565,8.863999999999805
-370.7009999999997,451.4840000000007,-80.17600000000584,-395.5870000000005,421.3539999999995,-131.71399999998812,-335.7830000000007,406.738,-29.60199999999986,-379.8580000000016,726.792,24.242999999978565,-41.44900000000007,416.4829999999995,49.40200000000914,-577.3379999999975,1490.618,38.34199999998873,-750.963999999999,1412.8089999999986,-86.266999999998,-293.9669999999999,194.126,-39.4649999999956,-278.1109999999998,311.5880000000004,101.40399999997952,-817.9929999999991,720.0319999999977,-236.34099999999307,-194.2570000000046,232.43399999999923,6.85399999999845,-233.94199999999896,80.68599999999985,-9.356999999999973,-99.78100000000154,98.66799999999785,40.904999999997926,-109.89099999999894,-157.0859999999996,-161.73700000000508,-35.65999999999576,116.62900000000036,30.23900000000026,-16.671999999999798,62.12799999999845,24.732000000005883,20.05600000000527,7.199000000002798,45.78199999999981,19.80499999999949,-15.550999999999249,46.28200000000007,9.522000000004027,1.887999999999579,0.8569999999998856,-157.29799999999727,100.75099999999964,9.540000000004056,-116.5460000000003,30.109000000000208,-2.2979999999961365,-62.18199999999996,14.639999999999986,1.8309999999985396,-7.821999999999463,2.6040000000000063,-8.508000000000493,5.736000000000274,1.3639999999995212,0.2400000000001512,-3.1210000000001514,5.500999999998157,-3.5769999999999413,-25.17300000000091,123.84799999999956,0.51799999999389,16.29299999999887,-2.283000000002744,28.850999999998805,-90.90300000000298,46.849000000000274,29.605000000003656,-13.088999999997952,8.700999999999937,8.571999999999491
-366.75500000000056,456.9459999999992,-83.98400000000947,-388.17999999999984,419.9100000000016,-139.6850000000086,-339.443,440.6729999999998,-39.295000000015534,-397.3549999999989,696.5180000000001,-5.6639999999788415,-40.96000000000117,429.39700000000016,48.42499999999745,-610.9740000000102,1452.6039999999994,42.99399999999878,-763.427999999999,1395.3180000000032,-93.34700000001703,-284.04799999999994,204.08999999999932,-30.383000000006177,-235.8189999999993,320.6080000000014,86.76800000002913,-803.1220000000004,711.1570000000029,-269.1650000000209,-167.72399999999834,249.72700000000003,4.5900000000074215,-243.05100000000124,82.31600000000014,-12.121999999999389,-99.15099999999768,137.8200000000021,44.727000000011685,-203.0300000000011,482.31600000000014,166.88799999999446,-37.44800000000055,106.29399999999409,38.34299999999757,-19.739000000004125,69.39100000000167,28.136999999998125,22.3419999999976,-1.6599999999982629,47.96500000000066,60.59500000000071,-18.383999999997517,27.822999999999357,9.102999999998929,0.4559999999997899,2.6899999999997704,-156.2010000000015,62.77100000000004,12.945000000001984,-103.62000000000008,27.47499999999992,-5.893000000003212,-64.21100000000024,16.156999999999755,1.1439999999993231,-61.650000000000205,-9.628000000000014,19.943000000000666,3.328999999998672,0.5049999999997112,2.012000000000569,-5.71599999999961,2.67300000000148,-7.097999999999871,-99.04599999999846,27.394999999999925,-6.828999999999041,11.655000000001792,-6.138999999998873,30.103000000001146,-93.26899999999796,57.44800000000012,26.64800000000014,-10.130000000000903,-7.4689999999996814,7.83400000000114
-362.6689999999997,465.4710000000023,-88.7449999999717,-384.27199999999857,427.4369999999976,-150.63399999999092,-328.4729999999996,398.04100000000005,-18.737999999984822,-401.6989999999964,663.4639999999999,-32.37300000000687,-40.62799999999811,377.2310000000005,64.04999999999745,-641.4429999999925,1427.9340000000004,35.095000000001164,-758.698000000004,1345.4349999999977,-111.10899999998765,-276.6089999999998,195.3230000000005,-55.70099999999911,-200.96900000000065,328.3270000000016,68.98199999998269,-792.185,704.2669999999987,-284.8389999999881,-190.60400000000183,226.53900000000107,9.124999999994545,-227.27000000000004,81.64799999999985,-11.621000000002368,-99.86700000000326,132.25599999999815,42.73699999998826,-49.97299999999996,208.9179999999999,49.12100000001374,-32.50400000000013,119.24300000000584,28.52800000001139,-12.475000000000591,71.98599999999828,32.42799999999875,26.99200000000133,3.4479999999973643,62.88100000000014,-14.659000000000333,-18.80800000000136,76.04200000000034,8.837999999997237,0.141999999999598,-0.7579999999997256,-157.59299999999996,102.6520000000005,3.2659999999964384,-102.86899999999974,22.64199999999974,-7.382999999998674,-62.219000000000335,13.801999999999737,1.2209999999981846,-12.34099999999998,-0.9319999999998884,-5.673000000000172,1.5780000000006569,-1.974999999998772,1.42799999999923,-9.549000000001229,4.627999999999588,-4.021999999999792,-71.10300000000223,80.63400000000058,-7.589999999999009,14.933999999999514,-2.2109999999997854,32.18299999999914,-86.95700000000102,52.975,21.78700000000049,-10.126999999999953,3.734999999999644,4.476999999999975
-357.8890000000001,470.6429999999983,-90.12500000001182,-372.56900000000144,427.36300000000256,-152.69800000000942,-310.6529999999992,410.556,-47.93700000000172,-409.75400000000377,662.0830000000002,-26.0379999999941,-53.20199999999886,439.0720000000016,53.797000000008666,-668.3409999999981,1394.4459999999992,36.91400000000158,-763.1949999999961,1324.0079999999978,-139.70899999999347,-266.7349999999999,197.66099999999935,-58.948000000009415,-175.7170000000002,351.0159999999985,85.22900000000391,-762.4340000000003,695.840000000004,-297.69300000000385,-173.17199999999957,229.9079999999989,5.358999999998559,-235.92899999999872,84.8980000000001,-5.389000000002397,-101.05299999999886,133.34300000000212,43.81100000000515,-139.90400000000136,155.16099999999966,12.6589999999851,-26.80400000000418,118.56699999999876,29.021999999991976,-20.69699999999557,56.27500000000225,25.69599999999923,27.68599999999992,8.521000000001777,54.465999999999326,27.08800000000053,-25.12500000000273,55.39399999999972,6.933000000003631,-1.6599999999982629,2.8249999999999886,-141.49000000000171,7.743999999999573,32.34799999999041,-109.572,22.155000000000054,-8.672999999998865,-68.72399999999885,12.003999999999948,2.783000000005132,45.17000000000024,17.35099999999985,-35.125999999999635,6.658000000000186,-0.5280000000013274,-0.5409999999997694,-6.439999999999202,2.0369999999985566,-4.5570000000005,-59.80199999999911,59.36300000000045,-0.6130000000041491,17.819000000000074,-11.328000000003158,36.14299999999986,-89.9109999999979,53.20499999999981,27.02600000000075,-8.687000000000467,-0.934000000000168,7.887999999999806
-352.4869999999993,473.94700000000114,-95.3119999999899,-368.522999999999,434.5049999999986,-162.5859999999875,-321.3719999999995,416.889,-35.04600000001119,-406.0360000000003,674.5319999999999,-5.383000000006177,-47.69600000000196,400.4869999999983,56.737999999995736,-689.0620000000013,1365.2060000000006,35.827999999992244,-764.3990000000031,1290.8780000000036,-177.62500000001182,-234.7180000000005,176.22300000000024,-34.08199999998942,-140.36899999999974,370.5660000000023,75.22000000001299,-730.4769999999997,685.6049999999982,-298.71800000000803,-166.66199999999662,230.2660000000003,5.840999999998076,-217.72100000000165,89.71699999999991,-15.588000000002468,-93.30799999999896,131.0629999999975,44.57999999999629,-176.92299999999932,200.7280000000009,-5.120999999996911,-26.6179999999963,99.66300000000103,42.303000000003976,-21.195000000000164,61.56100000000038,33.7159999999983,28.087999999996786,-17.654999999996335,54.68199999999968,30.49599999999941,-26.911000000001195,61.00100000000026,7.357999999999265,-1.2730000000004793,1.0649999999998272,-151.41500000000008,73.1340000000003,9.937000000002172,-96.24000000000024,16.78100000000029,-7.690000000002328,-64.80800000000073,15.134000000000114,5.24899999999775,-60.04800000000046,-15.737999999999984,17.28299999999905,4.088999999999743,-1.1740000000003192,-1.1839999999999409,-7.873000000000729,2.1399999999999864,-1.6339999999999577,-3.082000000000562,138.7979999999999,4.504000000008546,18.088000000000196,-11.689999999995848,37.73800000000023,-88.35300000000075,57.78000000000034,22.88800000000037,-10.613999999999637,-1.7029999999998324,9.662999999999045
-344.7969999999998,477.9029999999992,-98.54800000002795,-357.5860000000006,430.45999999999935,-170.75200000001587,-309.8399999999998,415.718,-25.14699999999266,-413.0369999999971,664.5379999999996,10.46200000000681,-59.096999999997024,463.33999999999946,41.06400000000576,-716.7239999999993,1338.978,27.33100000000377,-765.5759999999987,1247.4220000000005,-210.8269999999948,-244.74799999999988,206.60000000000025,-54.30899999998928,-114.9079999999998,378.5789999999963,64.13599999998496,-703.0020000000001,674.0200000000016,-297.313999999983,-174.03899999999908,221.0300000000004,13.98900000000367,-223.04199999999952,76.84699999999988,-7.038000000000011,-100.64700000000072,133.74200000000087,49.7190000000046,-176.92299999999932,200.72799999999944,-5.120999999996911,-23.54400000000396,113.90099999999848,39.34999999999605,9.77800000000002,102.00999999999851,54.79100000000017,37.02100000000428,24.682999999998856,53.43600000000066,67.59799999999814,-27.63299999999731,41.6879999999999,9.588999999999714,-3.4150000000011005,2.4490000000000123,-168.59099999999785,102.25599999999986,-3.0089999999859174,-105.98600000000005,14.699999999999848,-6.554999999997335,-63.434999999999775,10.69500000000012,0.940000000002783,-9.299000000000037,-2.516999999999925,-4.043000000000063,8.451000000000874,-3.2379999999989195,-1.4090000000003045,-7.717999999999847,2.2870000000011714,-2.868999999999744,-132.86799999999914,-17.419000000001006,-5.075000000005048,18.50399999999865,-16.790000000000305,41.56200000000041,-71.79500000000019,90.90199999999982,13.20199999999545,-6.527000000001237,12.687999999999988,-0.7599999999996498
-346.078,482.3340000000002,-103.66199999998572,-355.7970000000012,433.19199999999967,-174.3159999999989,-316.3010000000014,421.9610000000001,-36.71799999999621,-418.7020000000018,661.2260000000006,12.939000000005764,-63.14700000000357,401.43600000000106,54.9199999999928,-722.7660000000014,1304.6340000000014,33.2149999999956,-760.7790000000023,1210.7539999999972,-242.870999999991,-225.966,194.07400000000047,-88.47700000001169,-89.97899999999959,393.2770000000005,58.27600000000075,-667.6669999999999,654.0069999999957,-293.6400000000049,-184.35400000000183,216.7870000000008,-3.6500000000046384,-230.4079999999999,33.014000000000365,7.6909999999998035,-90.29799999999852,138.3340000000004,46.35000000000673,-96.52449999999816,108.10266666666875,21.45500000000311,-18.959999999998445,108.39800000000253,36.3459999999975,-29.43700000000149,18.82200000000012,11.987000000004857,31.606999999996788,-7.7610000000049695,61.01599999999934,29.48300000000188,-29.93799999999851,67.11799999999997,8.040999999997211,-3.1289999999984275,2.441999999999922,-152.01900000000137,65.93799999999987,10.912999999993644,-98.40299999999972,20.087999999999795,-6.8970000000035725,-62.89200000000079,14.728000000000208,1.2669999999957329,-26.825999999999794,-5.790999999999968,-3.2780000000002474,7.494999999999408,-3.341000000000349,-3.2859999999999445,-7.522000000000162,-1.7899999999997362,-1.0249999999999204,-56.447,56.77000000000021,7.231999999999061,41.521000000000186,-55.406999999999584,37.4920000000003,-107.10300000000076,15.888999999999951,39.94200000000205,-6.9509999999993966,1.5560000000000684,6.000000000000227
-335.6689999999986,485.8500000000007,-106.4569999999776,-339.7670000000005,435.7500000000016,-177.14799999998831,-315.66299999999785,422.1329999999999,-40.51500000000488,-425.2619999999979,634.3269999999997,-15.11199999999917,-60.79099999999471,368.1049999999999,74.21799999999621,-752.392999999995,1269.8669999999993,21.43600000001697,-759.8839999999996,1173.0959999999982,-261.37700000001587,-229.3050000000001,236.5780000000001,-50.97599999999147,-70.27000000000072,396.4420000000018,46.15500000002157,-638.504,635.3920000000016,-295.557000000008,-160.56199999999876,211.45599999999973,27.62500000000045,-217.8929999999994,71.53699999999982,-13.52600000000166,-89.69000000000165,127.35000000000127,49.4019999999864,-96.52450000000384,108.1026666666645,21.454999999991745,-19.20200000000136,99.30599999999856,50.815000000000055,-7.495000000000118,55.36299999999983,38.44299999999521,24.5550000000037,-24.7859999999946,67.40900000000067,-9.134000000000242,-31.93099999999731,94.53400000000016,6.906000000003587,-3.1239999999996826,2.4610000000002685,-193.7259999999995,54.38300000000069,8.190999999999349,-103.38899999999995,18.37000000000017,-7.293999999996004,-71.66599999999903,15.81199999999967,2.902000000000271,-9.275000000000231,-3.0120000000000147,-9.668999999999528,3.698999999999586,-5.661000000000627,-1.9379999999998176,-8.937999999999136,0.1460000000008676,-2.149000000000001,27.27999999999895,157.99400000000077,9.983000000005404,0.5310000000008586,22.71199999999567,50.86699999999951,-88.71699999999976,52.04700000000031,22.27500000000191,-9.914999999999452,-1.9979999999996776,7.448999999999728
-335.72400000000187,486.9979999999998,-110.08300000000872,-341.3819999999987,437.2760000000028,-178.64999999999327,-311.4840000000015,418.127,-31.664999999998145,-427.0019999999988,606.9479999999999,-38.07400000000598,-98.108000000002,472.5189999999998,37.598000000002685,-770.2020000000061,1232.4969999999978,11.413999999990663,-756.7450000000008,1143.243000000001,-264.1969999999901,-219.0079999999998,244.38099999999991,-57.73900000001504,-56.600999999999146,407.6539999999966,30.55399999998372,-598.864,603.6950000000104,-320.0069999999869,-178.57999999999947,199.30899999999951,19.249999999999545,-182.89000000000044,58.23899999999984,4.200000000003001,-95.15499999999976,135.30599999999993,52.88100000000213,-96.52449999999816,108.10266666666736,21.45500000000311,-14.098999999998796,72.18799999999987,50.38099999999872,-6.265999999999394,65.43100000000095,46.062999999998056,45.34299999999689,9.810999999996284,59.041000000000565,16.559999999998354,-22.88800000000606,83.14899999999952,9.362999999996193,-3.3749999999997726,2.9930000000000234,-169.03199999999998,58.0449999999999,4.607999999996082,-100.0239999999998,22.34499999999997,-7.699999999999818,-64.62800000000044,12.705000000000055,-8.633999999995012,-12.152999999999992,-0.4960000000000519,-6.313000000000102,3.8090000000003954,-0.9919999999993934,-4.922999999999433,-8.06699999999978,1.251999999999498,0.473999999999819,-51.407999999997855,58.96099999999791,9.120999999993272,20.493999999999343,-14.185999999997987,47.97499999999957,-89.87700000000132,47.22200000000001,24.77999999999838,-7.258000000000209,3.4149999999996794,6.847000000000492
-327.1739999999994,486.3669999999999,-114.58800000002611,-333.71799999999894,439.04199999999776,-183.15500000001063,-311.8500000000012,429.6979999999999,-45.14200000000983,-416.6780000000074,604.0320000000002,-27.86900000000969,-60.37900000000036,407.33800000000144,60.84000000000742,-780.517999999995,1188.551000000001,-2.0759999999881984,-760.4150000000004,1112.378000000001,-261.30399999999554,-205.8330000000001,240.5809999999988,-78.28400000000784,-41.88699999999983,412.92400000000384,17.981000000008862,-590.4860000000001,595.6699999999898,-298.1200000000172,-153.36599999999976,206.1920000000001,18.80500000000893,-205.33499999999947,62.06900000000033,-14.435000000003129,-92.34500000000024,132.23199999999906,53.55200000001332,-96.52449999999816,108.10266666666736,21.45500000000311,-16.494999999997617,137.59400000000142,42.83500000000231,-14.672000000001615,51.58099999999877,38.87700000000223,32.08900000000199,-1.741999999995869,62.34999999999928,44.86700000000212,-35.057999999997946,62.59300000000039,7.968000000005304,-1.8590000000017424,1.8949999999996687,-110.63500000000062,97.89499999999975,3.2960000000002765,-91.96799999999996,30.2970000000002,-5.096000000003187,-57.99899999999951,19.12400000000005,3.9429999999981646,-9.652999999999423,-1.372999999999891,-7.887999999999806,1.942999999999984,-4.977999999999838,1.1849999999995475,-6.307999999999936,-0.8930000000020755,-1.2920000000001153,-48.837999999997805,61.14600000000223,18.024000000002616,21.450999999999,-17.43099999999913,49.43800000000067,-90.64799999999876,62.0709999999999,22.21399999999676,-9.970999999998751,5.5239999999997735,2.4289999999993483
-325.25799999999947,491.3449999999997,-118.18800000003192,-322.42999999999995,439.2489999999981,-188.53699999999665,-301.2219999999985,432.8420000000001,-50.19499999998516,-425.228999999996,601.5530000000006,-36.42499999998563,-96.2030000000027,419.1489999999988,64.07499999997981,-796.5940000000046,1153.130999999999,-11.76700000000892,-755.9329999999989,1083.7800000000016,-251.6840000000002,-188.50300000000004,235.5920000000012,-110.97399999998744,-36.74000000000035,410.7820000000004,3.5889999999881184,-562.6140000000001,571.1180000000013,-294.22699999997803,-162.55800000000136,197.92699999999851,18.73199999999997,-204.3990000000001,63.489999999999824,-13.934999999992217,-87.80399999999986,128.3850000000001,56.591999999977816,-96.52450000000384,108.10266666666593,21.454999999991745,-14.627000000001544,98.36299999999768,53.81800000000112,-9.125000000000227,53.682000000000585,31.95800000000304,31.218999999998687,3.3349999999984448,54.246999999999446,29.137000000000057,-28.21999999999889,76.54899999999998,8.975999999995565,-3.906000000000631,5.056000000000438,-124.16699999999992,80.31799999999905,-11.028999999996358,-101.3380000000005,31.795999999999932,-5.44100000000185,-58.55499999999978,18.35900000000024,2.9639999999972133,30.83899999999957,14.972999999999992,-23.127999999999812,5.450000000000443,0.4799999999988813,-2.3919999999996837,-4.321000000000197,-0.5169999999992569,0.2549999999999386,-42.58400000000222,54.6369999999996,20.995999999996684,22.44200000000092,-14.392000000000849,50.305999999999074,-89.4440000000003,53.910000000000124,24.99000000000251,-10.729000000002031,-3.7880000000001246,12.398000000000309
-332.04800000000034,487.5320000000002,-127.33199999995576,-327.45100000000207,438.8990000000035,-189.391999999998,-302.7960000000008,432.9090000000001,-59.22900000000482,-427.6239999999973,577.3019999999988,-71.53399999999692,-88.01200000000051,460.6430000000003,45.6780000000208,-777.2709999999961,1128.8160000000005,-4.52900000000227,-755.3069999999991,1050.8969999999977,-248.30400000000736,-184.08999999999975,265.5799999999999,-102.16100000000095,-32.20900000000029,418.2799999999986,-8.825999999999112,-532.3709999999996,547.945999999996,-284.375,-162.2130000000027,190.31100000000123,23.50500000000011,-195.75199999999955,60.08899999999997,-12.024000000008073,-90.39400000000056,142.78899999999908,50.74500000000626,-96.52449999999816,108.10266666666736,21.45500000000311,-15.050999999999704,96.30900000000224,47.02699999999709,8.526000000000522,94.71299999999871,63.86999999999716,31.87599999999975,-49.71300000000269,83.29200000000014,67.60400000000004,-23.23299999999904,50.35699999999963,8.65100000000325,-18.41999999999757,0.2989999999996939,-168.92799999999966,78.01600000000093,-12.976000000003296,-83.50500000000025,36.52699999999989,-9.353999999996176,-57.27300000000071,23.389999999999844,-5.642999999997755,-49.54299999999989,-7.67900000000008,14.414999999999624,4.8079999999991685,-0.9019999999992478,7.022999999999513,-3.015000000000612,1.713000000000875,-4.870999999999981,-40.25300000000129,75.02899999999926,11.594000000008007,23.13699999999983,-13.61699999999928,54.456000000000415,-86.99200000000076,61.60399999999981,21.347000000002936,-9.47400000000016,2.8630000000006817,11.88499999999948
-322.3070000000007,487.569000000002,-131.79899999997815,-325.07699999999886,440.8659999999969,-192.71300000000335,-297.07799999999907,435.68,-70.82500000001346,-417.3400000000015,584.8539999999999,-50.37800000000061,-95.91599999999973,403.13000000000017,70.95999999999094,-818.7830000000076,1075.5680000000011,-31.76300000000083,-746.4110000000005,1021.1950000000002,-249.98700000001008,-188.579,276.7389999999992,-95.22699999999986,-26.900000000000546,420.956000000001,-18.16400000000158,-495.908,524.8570000000029,-274.1330000000062,-161.6329999999948,190.0970000000001,9.99099999999089,-199.41800000000072,55.271000000000114,-18.52999999999838,-95.36799999999914,113.84400000000028,63.15899999999601,-440.85999999999785,423.9719999999991,145.733000000007,-18.63700000000108,91.9279999999958,50.45800000000327,-18.712999999996786,19.2670000000021,16.565000000002783,42.07200000000171,36.081000000001495,49.71400000000017,-9.79300000000194,-24.700999999998885,96.76900000000046,10.210999999998194,-0.7040000000017699,2.544000000000324,-198.5230000000001,19.981999999999545,26.00099999999657,-83.90500000000003,46.791999999999945,-4.851999999999634,-81.6820000000007,-57.39300000000007,-26.449999999999815,34.942000000000206,19.308999999999976,-18.49600000000038,6.174000000000035,2.3790000000005307,9.060999999999808,1.5850000000000364,8.798999999999069,-7.501999999999498,-41.16500000000087,58.28600000000108,12.82299999999168,21.43700000000024,-13.987000000000194,41.45299999999992,-78.74299999999721,58.52000000000004,23.95399999999768,-5.486999999999398,20.045999999999964,5.646000000000129
-322.5220000000008,483.1429999999955,-137.43900000004032,-319.62800000000016,441.4450000000016,-195.75199999999316,-289.15400000000204,446.2769999999999,-88.35499999997865,-418.9579999999978,605.0359999999997,-25.18300000001545,-114.08399999999972,461.61299999999983,41.723000000001775,-819.8179999999979,1041.6609999999991,-32.95900000000529,-735.4950000000031,986.3400000000012,-255.62800000000152,-184.492,297.40600000000086,-99.5239999999967,-17.616999999999905,421.4999999999975,-21.50899999999183,-459.187,516.9309999999996,-263.5250000000042,-161.0050000000001,183.4900000000005,8.612000000005082,-192.5689999999996,57.8129999999998,-19.237999999995736,-94.0940000000012,125.86200000000076,56.72600000002603,-146.93899999999758,164.71300000000042,38.54400000000169,-16.394000000002507,97.17600000000176,40.08799999999724,-10.08600000000115,55.3609999999992,38.82099999999582,31.737999999995736,-2.307000000001836,43.225000000001046,27.09600000000023,-20.227000000005543,68.39099999999902,7.398000000000593,16.517999999999233,5.709999999999837,-148.43599999999952,19.451000000000107,4.956000000004224,-79.0859999999995,51.72500000000007,-4.462000000000899,-46.11299999999829,21.98399999999978,-1.7300000000034288,28.904,15.156999999999954,-14.215000000000089,11.027000000000696,4.827999999999122,9.741000000000357,1.811999999999614,8.577999999999975,-7.963999999999771,-38.17999999999984,57.48099999999994,11.686000000003103,19.88799999999742,-11.732999999998128,44.68300000000056,-83.58000000000345,58.5560000000001,23.55299999999829,-6.395999999999447,5.564999999999998,10.255000000000791
-319.507999999999,486.1160000000013,-145.92299999997067,-316.6899999999998,445.2499999999986,-199.06000000000856,-291.6419999999988,442.727,-87.09700000001703,-407.8640000000007,544.6850000000012,-89.40399999999045,-102.93000000000065,431.514,55.88399999999183,-826.1169999999993,1009.0609999999998,-37.52400000000762,-736.3949999999988,944.3939999999998,-277.6979999999867,-176.57000000000008,293.92099999999886,-134.27699999999732,-10.123999999999,422.9890000000012,-30.383000000006177,-414.5940000000003,496.7469999999935,-256.3720000000103,-157.27500000000418,174.1119999999995,13.513000000000376,-186.17100000000025,53.330000000000055,-21.924000000001342,-92.74899999999916,127.15800000000002,56.21299999997973,-95.68500000000311,116.92999999999928,15.301999999996951,-17.45999999999981,94.07600000000116,36.39200000000642,-9.737999999998692,49.65599999999881,32.24800000000414,29.03400000000147,-15.161000000000511,66.27499999999884,63.59300000000019,-18.450999999998885,38.68300000000104,8.719000000002097,0.1660000000015316,1.3750000000001703,-108.09300000000091,95.90800000000073,8.86199999999917,-65.69800000000043,56.12999999999992,-3.021000000001095,-41.42200000000145,27.0500000000002,-3.6039999999957217,-1.4860000000005869,9.055999999999996,-6.174000000000035,7.466999999999757,-0.4040000000003374,11.123999999999512,0.6500000000002615,8.356000000000563,-7.974000000000814,-35.97299999999564,63.96199999999936,10.100999999997384,19.895000000002483,-7.20500000000186,42.20100000000002,-88.64700000000028,100.92199999999993,34.75700000000188,2.566000000000201,8.043999999999585,7.250999999999408
-319.5930000000004,492.24900000000105,-151.50100000000748,-316.4870000000008,450.6890000000056,-208.5689999999886,-290.7260000000008,447.5799999999999,-94.6899999999914,-418.6460000000011,583.941999999999,-38.330999999993765,-104.04499999999928,464.3929999999997,27.40499999999884,-825.1410000000021,972.77,-45.21499999998469,-723.3059999999966,899.160999999998,-288.7200000000121,-178.43400000000003,307.059000000001,-125.74500000000626,-7.712000000000785,424.9599999999987,-45.641999999998006,-398.9789999999999,477.72800000001325,-235.33999999997377,-176.11399999999549,168.48099999999988,-14.868000000001302,-191.5859999999995,55.49999999999997,-19.983000000001997,-91.28100000000074,123.97299999999802,54.85900000001038,-94.82700000000364,100.60400000000128,11.906999999996517,-15.65199999999436,83.89099999999985,39.04099999999176,4.070999999999003,87.72400000000005,50.44599999999946,17.053000000004204,-14.53899999999635,63.21800000000053,-16.71800000000019,-22.06999999999653,82.24699999999956,7.738999999997986,-2.4779999999992697,3.622000000000014,-115.3970000000001,82.51199999999912,1.031999999997879,-75.83500000000001,51.502000000000336,-9.534000000002152,-3.022999999998888,118.9790000000002,24.93599999999674,0.8140000000004477,10.727000000000151,-1.611999999998659,10.280999999999809,2.628000000001407,9.74300000000099,5.594000000000676,7.567000000000235,-7.775999999999783,-27.36500000000035,67.57400000000047,9.874999999999543,20.206000000001723,-8.899000000002388,37.42500000000035,-54.28799999999967,25.093999999999998,8.48699999999667,-4.801000000000499,10.1309999999998,6.879000000000701
-317.35199999999963,497.636,-162.75699999998778,-314.4749999999988,441.1269999999945,-218.29800000000432,-287.9320000000007,441.7720000000003,-92.45599999999286,-406.2560000000019,545.1130000000006,-70.11700000000474,-130.60899999999833,424.2279999999994,48.26700000000983,-811.4099999999951,933.1880000000012,-54.23599999999169,-719.013000000001,857.6869999999985,-298.595999999975,-185.922,325.4159999999999,-103.80800000000364,-7.195000000000107,414.7280000000024,-61.10800000001291,-374.41299999999984,478.4359999999879,-214.31900000002315,-131.86900000000605,170.77500000000043,9.314000000006216,-180.9420000000003,47.49599999999994,-28.167999999993757,-92.26699999999964,119.0560000000005,50.23200000000543,-93.43599999999697,102.0559999999989,-7.292999999992844,-17.00100000000475,81.52200000000107,33.944999999999936,-17.83500000000231,24.139999999999876,6.804999999997108,24.31699999999637,1.5350000000012187,47.05600000000061,24.42500000000223,-11.624000000000478,52.18999999999952,7.213999999999032,2.463999999997668,1.9199999999997883,-112.491,50.78500000000048,9.198000000003503,-55.15100000000004,59.8709999999997,-2.108999999995831,-32.468000000001496,32.24000000000018,-1.4160000000003947,-2.878000000000469,9.633000000000004,-2.9560000000003583,8.429000000000286,3.552999999999429,7.10899999999981,4.12900000000036,8.365999999998053,-7.430999999999699,-40.70300000000202,59.55199999999934,-0.4509999999982028,14.562000000000808,0.2110000000044465,35.92199999999934,-71.47399999999777,49.94900000000016,19.424000000003616,-1.933999999999969,13.41900000000038,3.586999999998852
-316.04499999999973,504.49800000000096,-169.7020000000066,-312.20799999999826,471.5399999999988,-217.1150000000125,-277.0809999999983,455.98199999999946,-108.75200000000405,-406.1679999999967,549.0639999999999,-83.43500000000859,-126.01300000000036,446.9920000000002,28.90600000000632,-826.4530000000036,908.517999999998,-67.04100000001745,-718.2530000000042,817.8740000000005,-302.3440000000164,-167.60099999999997,329.41,-127.24699999998847,-9.532000000000096,407.87300000000073,-78.54099999999562,-317.82500000000056,436.24300000000176,-255.9690000000046,-108.46899999999664,168.7259999999995,12.053999999989172,-172.67500000000027,54.546000000000205,-23.27200000000857,-93.08400000000034,125.52200000000084,50.37800000000061,-95.0589999999977,108.59200000000016,19.451999999989766,-20.15700000000038,83.53999999999928,30.477999999999383,-11.58100000000104,43.91200000000026,21.84799999999996,22.960999999997966,35.5199999999968,20.49999999999983,18.81599999999821,-12.760000000002949,53.29600000000099,4.953000000000429,0.8660000000020318,1.2570000000003745,-122.64499999999998,29.17500000000004,7.641000000000986,-57.13699999999946,58.95800000000016,-5.828000000002476,-39.47299999999814,29.197999999999524,-6.567999999998619,-2.4099999999997124,11.201999999999934,-4.010999999999854,10.211999999999932,2.513999999999328,8.302999999999372,7.420999999999367,6.404000000003407,-5.775000000000574,-41.232000000002245,51.670000000000016,5.0660000000107175,9.426999999999452,-6.691000000000713,33.22399999999988,-72.8100000000012,56.37399999999957,14.31299999999851,-4.47900000000061,8.043999999999585,7.409000000001242
-314.5799999999994,509.0030000000013,-173.0099999999993,-304.8080000000027,469.53700000000254,-231.2009999999873,-288.59099999999955,465.6150000000004,-117.17499999999744,-394.2170000000033,533.811,-88.89099999998962,-120.17900000000168,450.5769999999998,24.75600000000213,-795.641999999998,860.8270000000005,-71.99699999998757,-725.5949999999984,780.4810000000032,-289.8930000000064,-152.34499999999994,308.8760000000008,-171.8499999999949,-11.467999999997858,405.9759999999983,-99.62100000000191,-315.6359999999992,445.3310000000101,-222.6929999999811,-183.1389999999999,141.23400000000004,-20.995999999991,-166.66299999999978,50.49299999999981,-27.41699999999128,-92.86499999999904,119.71599999999968,53.94300000000385,-87.22799999999893,95.1909999999998,10.522000000003118,-16.372999999998683,77.12899999999934,28.18300000000136,4.684000000003152,81.39600000000087,43.23400000000106,22.016000000002123,-0.1260000000002037,35.22799999999933,14.241000000001236,-7.907000000000153,50.5829999999996,4.694000000000642,-1.3290000000012014,3.992999999999825,-92.20399999999955,41.782999999999504,23.9689999999996,-60.13500000000036,53.46599999999988,-8.179000000001224,-42.80300000000068,28.32300000000032,-0.8390000000019882,-2.6960000000002537,6.601999999999997,-3.5499999999998977,7.742999999999967,2.446000000000481,7.758000000000464,-0.4279999999994288,8.240999999998166,-8.044999999999902,-34.24399999999821,52.416000000000906,5.602999999990743,17.61200000000258,-5.0219999999995935,31.48400000000038,-74.77599999999995,63.688000000000144,15.674000000007029,-1.839999999999975,12.718000000000274,5.227999999999611
-314.8750000000007,519.704999999999,-191.26000000001116,-298.54699999999923,475.13399999999706,-241.66199999999665,-297.8579999999994,474.87300000000016,-133.30100000000584,-385.93799999999874,514.027,-124.98800000000756,-112.38799999999856,486.13900000000143,-1.5750000000025466,-775.4819999999995,826.4160000000004,-87.31700000000728,-728.3439999999985,749.0939999999966,-279.7849999999926,-161.61300000000006,322.229999999999,-163.59899999999925,-17.476000000002045,399.08699999999726,-114.50199999999312,-267.2470000000004,411.19399999998905,-260.0950000000239,-163.69000000000256,131.27199999999988,-23.180999999999585,-154.9199999999999,47.568000000000055,-27.52700000000914,-91.98800000000062,120.9210000000013,51.04999999998654,-93.6990000000037,92.63700000000055,25.88500000000522,-18.5450000000003,68.49700000000212,33.67900000000077,-13.00899999999956,42.58700000000033,22.77500000000145,15.64000000000192,2.3040000000037253,55.82300000000089,50.87399999999889,-1.5499999999974534,23.714000000000368,3.591999999997597,2.000000000001023,2.4699999999995725,-103.0860000000004,51.11400000000046,11.943999999994048,-105.077,46.76399999999994,4.849000000001524,-73.14300000000031,182.2499999999998,33.25800000000072,-4.940999999999463,7.817999999999969,-1.58400000000114,5.275999999999925,2.7329999999992083,7.603000000000293,-2.050000000001262,9.253000000001066,-7.689999999999486,-32.03400000000158,50.13799999999975,3.490999999996802,9.1609999999946,2.0769999999998845,31.774000000000058,-84.18700000000001,7.179999999999964,14.302999999995336,-6.192000000000064,10.175999999999874,8.004999999999995
-316.66199999999947,525.9559999999993,-199.37700000000405,-288.4790000000009,483.5329999999999,-248.81600000001072,-302.1870000000007,481.66699999999946,-139.27000000001044,-395.526000000001,558.0100000000001,-75.67200000000867,-122.73600000000044,454.3779999999984,16.588999999999032,-754.9680000000023,798.066,-96.81399999999483,-735.8040000000017,718.8780000000008,-266.03999999999814,-167.923,355.5679999999996,-142.27300000000014,-17.549999999999955,399.0910000000042,-122.6069999999936,-261.0579999999999,416.0460000000057,-227.66099999998917,-210.94099999999685,114.9169999999998,-48.34000000000742,-150.36000000000058,45.0960000000002,-28.125,-92.03200000000038,115.89600000000075,53.076000000010026,173.24600000000032,-255.51300000000052,-184.07600000000457,-16.980000000000928,64.50299999999913,33.21200000000317,-28.025000000002365,11.742000000000983,4.696999999998752,17.952999999999975,-1.348000000001548,37.47099999999932,-25.88000000000079,-7.555999999999585,70.69299999999998,1.1140000000011696,3.507999999999356,2.208000000000254,-105.2819999999997,43.43199999999996,14.368000000001755,-71.8589999999999,49.16400000000003,-5.486999999999398,-46.85699999999997,40.50700000000021,-0.2200000000016189,-8.039999999999736,7.0149999999999935,-4.522000000000048,4.746000000000095,1.270000000000948,5.658999999999281,3.361000000001013,3.149999999999409,-3.525000000000489,-36.53399999999749,39.69199999999944,8.032000000002881,7.532000000003336,0.413000000000352,33.292000000000144,-65.65999999999974,111.05800000000023,22.536999999999807,-4.549000000000092,2.7419999999999334,11.84200000000004
-320.72900000000004,528.9960000000008,-210.4859999999917,-277.3459999999986,489.7610000000043,-255.1150000000007,-305.6030000000021,497.6749999999996,-161.5239999999858,-364.5719999999983,516.4550000000005,-126.5619999999899,-126.13000000000056,472.8590000000011,8.605999999986125,-736.0959999999977,762.8870000000006,-108.11699999999291,-729.3059999999969,689.9110000000064,-255.0050000000056,-152.36,341.6640000000001,-170.75200000001587,-17.564000000000135,392.7519999999959,-136.7680000000064,-218.2030000000005,393.13300000000027,-254.84599999999773,-33.0379999999991,157.0990000000002,55.10300000000825,-144.6549999999995,35.726999999999975,-24.877999999989697,-90.98199999999964,114.2799999999994,56.95799999998599,-207.3730000000012,226.6149999999996,102.15500000000476,-15.243999999995594,66.61399999999844,29.95599999999854,-2.3739999999975225,50.26699999999949,25.32600000000116,6.481999999999744,-10.953000000000657,53.64500000000021,10.40800000000104,-6.977000000000544,46.37299999999982,-0.8910000000014406,1.986999999999739,6.651000000000096,-110.54199999999952,46.53500000000008,7.172000000002754,-70.21799999999985,52.2120000000001,-3.32599999999843,-60.97800000000007,-45.8510000000004,-32.14399999999955,-5.579000000000178,9.3020000000001,-3.522999999999854,6.823999999999586,1.923999999999637,6.531000000000375,-2.967999999999904,5.884000000000356,-5.830999999999875,-25.59200000000033,46.65899999999965,8.361999999999625,4.491999999999052,2.5409999999993715,28.04399999999987,-71.22599999999863,53.63399999999992,20.407999999997628,-4.648999999999148,5.051000000000272,7.845000000000368
-329.5780000000008,539.5369999999986,-224.97600000001512,-284.68600000000066,498.08099999999627,-268.9820000000054,-310.87799999999817,489.7270000000006,-162.91499999999814,-369.53700000000254,564.5459999999971,-73.64500000001044,-125.24799999999914,467.8439999999995,8.361999999988257,-710.2360000000033,737.4509999999987,-123.95100000001094,-736.7520000000013,670.354999999995,-257.2020000000066,-153.193,359.2150000000004,-161.03499999999258,-24.05199999999894,387.4660000000063,-148.59599999999773,-192.01399999999964,377.7900000000045,-255.28600000000097,-123.9750000000015,120.0870000000009,-6.018000000005941,-139.53500000000005,32.68500000000003,-26.26300000000583,-93.38499999999924,110.47999999999833,55.94499999999698,-45.443999999997686,27.929000000000315,-25.19600000000537,-11.038000000002056,54.93800000000135,30.46600000000126,-0.7690000000025066,39.08399999999972,16.52599999999893,11.584999999996626,-5.576000000002068,28.821999999999548,9.203999999999724,-7.470000000000709,41.460999999999615,-2.645999999998594,1.2200000000007094,4.910999999999888,-125.0070000000008,52.40699999999947,-12.744999999995343,11.977999999999868,81.46699999999996,-25.25400000000104,-40.33799999999985,36.18000000000024,-6.941999999997961,-5.696999999999974,5.62699999999996,-5.442999999999643,6.993000000000649,3.094000000000108,1.7759999999995555,-0.702000000001135,4.935999999997875,-6.262999999999863,-30.049999999999955,46.32900000000007,7.332999999999856,3.809000000001106,-3.345000000001619,27.599999999999625,-50.3469999999993,251.45799999999983,-16.874000000001388,-5.0449999999997885,12.664000000000186,6.241999999998882
-331.7120000000003,541.2630000000007,-237.58499999999003,-289.0109999999993,482.6470000000029,-286.5109999999959,-307.0990000000009,506.0119999999998,-184.05700000000704,-355.2189999999996,515.3750000000002,-139.91699999999128,-128.4099999999995,464.143,18.36000000000695,-691.3790000000006,711.2920000000031,-136.1449999999877,-732.3089999999979,672.3569999999995,-244.82399999999416,-144.638,372.2520000000003,-166.72300000000178,-33.35600000000056,376.85299999999415,-169.36100000000351,-167.71400000000014,368.97599999998647,-262.71999999999025,-122.6159999999993,117.08599999999905,-4.85199999999395,-139.87400000000036,32.6279999999997,-27.264999999999876,-94.77100000000009,104.81599999999958,58.51999999999862,-126.19300000000068,89.46100000000001,67.01699999999846,-7.733000000001766,52.54899999999907,29.55000000000041,-5.297999999999092,43.560999999999694,11.223999999998568,21.3799999999992,47.604999999998654,12.03700000000083,39.86900000000162,-4.858999999999014,21.27100000000084,-8.672999999998865,5.7240000000007285,5.040000000000333,-94.2699999999988,65.16300000000044,11.91400000000158,-49.83000000000004,65.07199999999997,-8.275999999995065,-14.937000000000468,134.19999999999987,27.41300000000137,-5.738000000000199,7.009000000000043,-3.2650000000003843,3.8029999999992015,1.1800000000008026,5.774999999999864,-1.9559999999998468,5.841000000000918,-1.8839999999997303,-24.066000000001964,37.88300000000078,11.99400000000992,-1.0250000000041837,-0.8040000000022474,27.814999999999657,-80.7040000000029,-100.77399999999984,44.54400000000192,-5.539000000000272,6.428999999999974,6.177000000000987
-329.0759999999992,556.6589999999991,-223.20599999998197,-298.2190000000003,530.8440000000019,-279.9080000000004,-286.9599999999991,523.357,-200.574000000006,-359.50300000000084,566.1590000000018,-82.55599999999959,-127.26100000000145,479.78899999999953,10.473000000001775,-667.5659999999993,690.8289999999965,-152.2820000000138,-729.242000000005,613.158999999996,-269.27499999999327,-137.97599999999997,381.5079999999994,-171.27700000000914,-40.099999999999625,370.1840000000004,-188.54899999998904,-158.38800000000006,353.8810000000126,-250.10899999999765,-155.39600000000178,97.504,-20.56900000000041,-134.80399999999975,24.322000000000088,-23.491999999998825,-96.06500000000013,105.63300000000028,58.87500000001182,-117.20000000000256,67.59100000000018,34.85699999999952,2.740000000000009,45.84800000000087,30.285999999995283,7.824999999996862,54.13299999999879,15.210000000001855,19.0620000000024,-9.08799999999701,43.58699999999942,13.935999999998216,-10.403000000002294,22.88899999999927,-7.760999999999285,8.409000000000333,4.529999999999745,-100.1490000000004,28.183999999999543,28.125,-139.57199999999972,39.7829999999999,20.311999999995574,-34.436999999999784,51.65599999999984,-7.125000000002046,-5.236000000000018,10.482000000000014,-1.621999999998991,4.618000000000677,-0.147000000001185,3.789000000000442,-1.46000000000015,8.379999999999654,-4.755000000000109,-23.41299999999933,26.50699999999944,6.944999999996071,-5.074999999999363,-1.7529999999965185,24.163000000000068,-47.614999999998986,204.07699999999983,-5.7340000000010605,-1.51299999999992,3.963999999999857,11.88799999999901
-333.10400000000016,547.4700000000013,-287.7190000000155,-311.188,516.9769999999971,-308.70299999999133,-280.8160000000001,507.81300000000016,-190.75900000000277,-353.73799999999846,538.1500000000017,-132.90999999999258,-130.38099999999986,452.6700000000005,17.83500000001368,-623.1599999999958,682.3220000000049,-151.13599999999678,-718.9299999999946,585.5960000000096,-284.7170000000005,-125.95400000000004,382.9599999999999,-182.1899999999914,-50.157000000000096,367.9380000000037,-205.1640000000134,-117.90299999999904,354.65699999998606,-307.64200000000983,-80.4869999999994,105.83899999999956,14.026000000001204,-128.43000000000018,20.962000000000103,-30.00500000000557,-97.1979999999988,101.05000000000076,62.14600000000701,-95.4559999999958,42.5690000000003,19.81200000000172,7.547000000005255,35.77200000000005,30.93200000000138,5.423000000001821,42.99500000000194,11.966000000001031,18.045000000000755,4.7300000000007,31.905000000000427,9.636000000000422,-6.412000000000262,29.03999999999982,-5.502000000001317,10.677999999998631,5.255999999999972,-98.2629999999986,72.00900000000061,-4.937000000006719,-43.68199999999973,73.536,-6.485000000003538,-50.27900000000045,-31.05199999999968,-36.06299999999578,-2.9719999999997526,7.550999999999952,-0.9940000000000282,3.86699999999891,6.1270000000007485,9.893999999999892,4.623000000000843,3.1390000000016016,-5.060999999999893,-27.18500000000006,20.123999999999853,11.340999999993072,-4.04699999999707,0.6730000000004566,24.642000000000053,-68.02199999999914,-39.53500000000005,35.775000000001,-7.6350000000005025,20.95899999999986,6.848000000000809
-326.20000000000005,563.594999999998,-277.7350000000069,-316.4580000000001,498.91099999999824,-333.1540000000132,-271.2310000000002,522.5120000000004,-210.5349999999817,-360.5230000000006,511.69599999999775,-160.86500000001251,-132.66999999999882,472.4589999999999,12.963999999988118,-619.2990000000009,642.543999999998,-179.69900000000507,-704.0220000000033,560.5350000000044,-302.07500000001346,-150.84799999999996,426.84099999999887,-165.63699999999244,-62.958000000000425,369.1839999999957,-219.09200000000052,-127.93100000000096,362.6220000000103,-275.31699999999546,-110.6139999999982,86.40000000000043,7.005999999989854,-135.6339999999996,19.59799999999987,-30.498999999997523,-91.15400000000164,95.19300000000044,60.473000000001775,-93.15800000000536,47.70299999999992,22.820999999999003,12.954999999999472,33.789999999999054,27.552000000002863,7.15600000000336,33.31499999999892,10.976999999996906,18.27999999999861,13.115999999996577,30.744999999998868,-25.74600000000089,-11.07200000000148,57.24600000000066,-2.004999999996926,9.039000000001352,3.405000000000058,-111.1190000000022,-2.9989999999997963,28.07000000000244,-40.8720000000006,67.42000000000026,-3.5059999999987213,-8.662999999998533,138.90600000000006,25.152999999994563,-3.5429999999998074,17.220999999999975,2.369999999999095,7.921000000001044,4.797999999999547,13.063000000000358,2.944999999999709,11.118999999999346,-6.372999999999962,-17.052000000001044,4.997000000000185,4.457999999999629,11.266999999998006,-4.436000000001172,20.727000000000828,-43.76200000000097,163.00500000000005,2.9640000000028977,-7.00300000000027,12.74700000000024,18.908000000000413
-316.7969999999997,575.4950000000036,-285.11899999998604,-316.63700000000006,523.2020000000034,-340.8820000000105,-270.6680000000006,535.2329999999995,-213.20800000000872,-363.3539999999982,532.5559999999996,-152.30699999999615,-138.76400000000046,469.8520000000002,6.933000000003631,-594.2659999999989,633.008000000001,-192.62699999999316,-700.4790000000014,545.3239999999937,-313.2319999999936,-130.43499999999997,405.8180000000021,-192.3949999999877,-71.45299999999963,375.2100000000041,-227.94199999998452,-87.69899999999993,344.11099999999806,-310.4250000000093,-161.465000000004,65.14900000000026,-21.56299999999192,-99.3540000000003,10.42500000000004,-34.41199999999753,-97.01199999999945,95.83199999999864,68.77499999998236,-87.90899999999624,35.36699999999939,33.31299999999828,15.02699999999777,31.409999999999627,29.280999999997448,8.15499999999929,22.33500000000106,17.56300000000124,25.967000000002827,-3.337999999996555,30.29900000000083,15.18700000000024,-13.747999999998228,39.29699999999983,-0.8820000000014261,6.1499999999995225,3.066000000000457,-101.00399999999894,47.76199999999946,7.928000000003976,-43.19600000000001,79.36499999999995,-1.5530000000012478,-22.11500000000086,44.81499999999983,-0.9500000000002728,-30.810000000000315,11.459999999999935,13.993000000000675,5.674999999999386,8.069999999999311,14.78699999999975,4.850000000000421,14.087000000000671,-8.118000000000336,-14.61699999999837,4.806000000000665,16.8549999999982,6.531000000001086,-6.982999999999606,28.77199999999931,-54.13499999999942,70.42200000000011,21.19999999999891,-4.752999999999474,12.284999999999968,14.532999999998708
-306.24400000000094,595.6999999999965,-272.228999999993,-316.11800000000017,559.6810000000005,-350.2069999999776,-257.25499999999926,545.4499999999996,-230.6519999999864,-370.1110000000028,524.8320000000007,-168.83499999999003,-141.79499999999905,470.917,8.911000000011882,-572.7440000000001,615.5969999999968,-197.5590000000011,-674.4910000000004,524.2560000000026,-320.8129999999983,-135.16700000000003,415.6959999999998,-203.23500000001783,-72.04499999999996,378.3019999999965,-239.8680000000013,-64.26299999999969,336.7430000000013,-336.3280000000032,-108.9049999999986,75.70399999999964,13.39100000000144,-116.12500000000026,9.78999999999992,-32.15900000000147,-88.04400000000072,92.43800000000137,68.35900000000947,-78.6040000000014,25.67900000000094,30.451000000005024,14.8399999999981,18.84400000000141,38.81900000000656,8.490000000000464,11.0510000000005,20.31600000000253,13.09800000000223,-27.16399999999908,32.0059999999998,20.16000000000133,-25.09499999999889,39.89599999999953,-2.825999999998885,5.365000000000464,5.208999999999264,-66.77099999999996,39.22599999999932,19.93999999999687,-39.46499999999986,84.19399999999975,0.5700000000047112,-22.47600000000034,47.52100000000041,-3.294999999997117,-1.394000000000517,18.63400000000013,2.0340000000004466,5.121000000000464,7.472000000001344,18.31900000000033,8.538000000000068,10.857999999998924,-8.216000000000179,-9.45199999999886,-3.2229999999998427,22.76000000000522,11.260999999996102,-14.456000000001268,33.38099999999997,-50.36499999999933,63.77399999999991,21.05099999999993,-2.416999999999802,27.40700000000018,10.74300000000079
-302.67999999999944,588.124000000002,-330.7130000000143,-315.5230000000003,537.4259999999992,-374.03600000000097,-246.4349999999996,507.6890000000006,-198.24200000000477,-358.36799999999585,530.8719999999994,-180.32200000000103,-141.71300000000144,468.2220000000001,-6.92100000001119,-560.1690000000019,610.2270000000033,-202.6729999999816,-684.5699999999965,516.2229999999909,-334.7780000000057,-133.73100000000005,419.1039999999987,-207.77599999998984,-71.4020000000005,384.5610000000022,-249.9880000000076,-57.97099999999915,343.6149999999998,-334.1069999999945,-108.75899999999774,54.495000000000005,6.670999999994365,-104.34899999999914,1.6140000000000043,-48.79799999999932,-88.7439999999998,89.55899999999986,73.07100000000446,-77.0780000000002,8.517999999999404,36.66399999999612,11.511999999999034,2.01799999999821,36.916999999994005,13.033999999998969,3.1309999999990623,28.872000000001208,28.54299999999625,-31.369000000000824,45.05199999999974,23.078999999998477,-30.693999999999733,40.7420000000009,-3.2500000000027285,-0.3040000000027021,5.647000000000446,-71.30100000000112,88.43800000000144,5.847999999991771,-31.458999999999904,69.91300000000003,-0.6130000000041491,-44.63799999999907,-60.70700000000073,-37.597999999997,-0.1819999999995047,18.342999999999957,5.3109999999989554,9.144000000000574,10.075999999999397,15.693999999999876,-0.0340000000008444,11.082000000001813,-8.083999999999492,-10.17400000000066,-16.33600000000115,27.01799999999821,9.90600000000086,-22.63299999999901,36.47300000000087,-46.55400000000327,80.58300000000003,17.898999999999887,-3.5470000000003665,20.99599999999953,15.265999999999735
-291.74500000000023,607.071000000002,-318.444999999997,-318.0570000000003,539.5299999999963,-397.228999999993,-242.54900000000103,553.9739999999995,-230.7130000000143,-352.4640000000033,522.5190000000026,-198.47500000000764,-142.3840000000013,474.4169999999997,13.292999999998756,-546.6670000000022,604.2779999999993,-206.90900000001875,-659.5269999999971,507.4770000000058,-334.0339999999969,-132.04600000000005,419.8520000000002,-213.29400000001897,-76.32899999999978,383.2490000000007,-257.14100000000144,-51.72400000000152,355.4750000000013,-323.04699999999684,-72.32400000000325,57.38800000000097,28.125,-108.74800000000064,0.9199999999999876,-51.37999999999465,-89.0199999999993,86.18999999999915,72.5099999999884,-69.80599999999981,-11.101000000000738,36.358000000007,10.934000000003152,-3.491999999999962,44.61000000000013,18.993999999997868,30.11199999999974,56.93699999999353,27.262000000001763,-20.67000000000121,36.7670000000004,25.562999999999647,-40.36600000000021,45.766999999999314,-3.6200000000008,-5.945999999997298,8.503999999999934,4.6620000000004325,61.93799999999925,26.31200000000717,-24.232999999999905,66.45600000000016,3.1130000000018754,-21.30900000000082,34.51700000000031,2.666999999996733,0.730000000000075,15.683999999999898,6.038999999999817,7.720999999999378,8.164000000000726,17.866999999999678,2.8730000000010136,11.330999999998426,-7.008000000000436,-2.0340000000004466,-25.453999999999155,27.48699999999644,13.412000000005264,-31.70599999999979,40.438999999999226,-39.066999999997165,73.86999999999996,21.502000000009502,4.437000000000069,23.13299999999998,11.15300000000019
-282.2710000000001,613.788999999997,-333.190999999988,-313.7889999999999,544.3480000000022,-412.8540000000157,-241.64399999999944,553.8390000000021,-233.0079999999953,-354.862,525.9059999999977,-208.55699999999612,-148.99899999999775,470.102,-4.088999999999032,-569.8579999999993,598.633000000001,-236.7559999999912,-665.9760000000006,478.3450000000016,-333.4100000000035,-126.79899999999992,420.06800000000055,-222.85099999999147,-68.35999999999984,387.46999999999616,-265.80800000001545,-28.02300000000031,341.2539999999922,-350.47599999998056,-99.28199999999948,41.372999999999394,13.238000000001191,-92.20199999999964,-2.3689999999998435,-54.37600000000202,-90.72200000000096,84.69700000000273,74.60900000000947,-52.94499999999971,-32.55899999999912,30.67599999999402,2.2739999999998872,-13.709999999997535,47.476999999997815,7.238999999998441,-15.219999999999343,42.47700000000236,42.840000000001055,7.339999999999236,28.079999999999927,20.33100000000161,-49.84400000000164,53.01100000000005,-4.7359999999969205,-4.99900000000082,7.845000000000368,-78.17000000000007,18.690999999999747,15.490999999997255,-29.939999999999856,62.46399999999994,3.787000000005492,-15.540999999998917,32.18299999999985,1.508000000001175,1.6260000000002606,8.721000000000068,7.59000000000043,12.724000000000046,1.411999999999125,16.64700000000039,3.1239999999996826,10.493999999999916,-7.916000000000167,-10.803000000001362,-34.90900000000039,37.25900000000024,18.21600000000103,-40.64400000000035,39.66700000000003,-35.383999999999105,68.92500000000013,17.242999999990616,0.920000000000698,9.606000000000137,17.38500000000016
-276.85499999999905,630.5239999999998,-330.44400000001133,-312.4929999999992,511.8290000000002,-445.48299999999017,-239.1059999999996,560.2419999999995,-246.63100000000213,-341.07799999999884,513.9440000000008,-228.5030000000006,-148.90800000000013,473.9150000000002,-12.279999999987012,-522.3689999999976,586.5759999999966,-229.2110000000093,-625.6960000000049,517.2419999999875,-312.6710000000003,-102.04400000000008,392.6690000000008,-263.03700000000845,-70.64299999999974,389.3860000000018,-275.52499999999327,-16.389999999999816,340.1119999999992,-354.1750000000093,-77.11199999999963,33.87999999999991,43.41500000000451,-98.0750000000004,-2.8400000000001318,-62.5850000000014,-89.49499999999944,80.80099999999675,74.09700000000612,-42.57200000000125,-33.202,35.968000000002576,-2.536000000003469,-24.01200000000188,51.07399999999984,1.6510000000039329,-27.40000000000009,40.60100000000375,37.64400000000023,-31.65899999999624,40.13099999999952,32.55399999999895,-54.70300000000066,52.84800000000018,-2.881000000002132,-9.406000000001312,7.972999999999786,-66.36799999999994,12.393000000000145,12.219000000004598,-5.599000000000487,65.29799999999994,2.5850000000048112,-8.892000000001588,27.351999999999776,-2.8870000000040363,7.223999999999364,4.01600000000002,4.046999999999912,11.948999999999188,5.647000000000446,15.849999999999651,2.835999999999217,8.738999999999919,-7.662999999999442,-3.207999999997924,-41.910000000000025,37.30700000000411,18.74699999999621,-46.37299999999982,43.05099999999982,-40.09000000000072,84.4289999999999,27.987999999999147,7.671999999999457,17.145999999999617,12.404999999999688
-267.5660000000008,632.9530000000005,-360.4250000000093,-310.4129999999998,548.1749999999977,-457.8130000000101,-227.13000000000108,573.0699999999985,-245.3610000000026,-346.6399999999993,501.1179999999996,-243.12800000000152,-149.46000000000197,474.8350000000002,-18.72600000001512,-463.4590000000003,567.8859999999986,-214.8680000000013,-621.2220000000002,490.1980000000094,-326.75799999999526,-103.9629999999999,392.183,-264.2949999999928,-67.89800000000099,384.5030000000008,-280.40699999999106,-10.672999999998469,340.39300000000594,-353.9060000000063,-149.87499999999727,16.239000000000203,-14.026000000001204,-92.37900000000003,-7.867999999999853,-66.71800000000303,-92.75400000000076,85.55499999999938,70.116999999982,-46.36499999999728,-8.664000000000271,59.766000000001895,-3.320999999994001,-42.03899999999976,48.74200000000428,-10.38899999999785,-63.86099999999999,20.665999999994256,28.142999999994345,-83.4540000000004,42.66100000000108,46.6070000000002,-62.05999999999676,48.6939999999997,-2.1479999999996835,-10.969000000000053,8.337999999999823,-44.00499999999994,5.076999999999998,12.468999999998688,-2.290999999999599,59.96000000000024,1.949999999987995,-6.680000000000064,37.71500000000003,1.0890000000017608,10.173000000000345,13.189000000000028,6.727999999999668,15.30700000000067,2.876999999999441,17.38900000000001,5.11200000000116,8.5550000000012,-6.573000000000207,-79.9650000000014,-128.06499999999943,30.45699999999556,19.805999999999813,-57.08300000000008,44.73200000000048,-3.111000000001241,49.16900000000002,4.84299999999962,6.753999999999394,15.574000000000154,9.306999999999732
-269.8810000000009,641.5749999999974,-374.9629999999797,-298.3670000000004,547.3260000000039,-466.906999999992,-233.5499999999996,579.0530000000018,-264.0619999999899,-326.1700000000019,525.4520000000014,-222.43599999999333,-153.8569999999993,466.2609999999997,-28.685999999993328,-488.6169999999993,553.8510000000031,-243.62800000001243,-589.9509999999964,469.8669999999993,-330.71299999999155,-119.5330000000002,412.24599999999896,-256.4689999999928,-60.49499999999881,386.2359999999967,-291.32099999999355,-8.8310000000007,341.0769999999957,-360.49800000000687,-91.24800000000164,19.369999999999976,18.108999999992648,-87.12199999999974,-6.9829999999999615,-70.28199999999742,-68.4749999999994,82.75400000000275,63.172000000008666,-29.20899999999733,-31.64000000000016,43.72000000000753,-4.43100000000527,-36.57399999999882,47.55899999999542,12.847999999996771,-17.888999999999555,57.224000000002206,47.85500000000411,-51.521999999999935,52.47199999999879,45.86800000000153,-70.2980000000025,53.14400000000035,0.3899999999987358,-13.541999999998213,8.700999999999937,-43.823000000000434,-3.278999999999144,9.655999999995402,11.921999999999857,72.91699999999999,2.001999999998816,6.679000000001167,31.64600000000064,-1.7029999999977008,9.453999999999496,11.911999999999878,8.523999999999887,19.425999999999988,4.855000000000587,15.825999999999851,8.04899999999975,7.988000000000284,-8.469000000000193,1.2560000000007676,-42.11400000000083,41.299000000003616,25.3970000000038,-61.79500000000076,46.51800000000037,-16.243000000000052,61.930000000000085,13.43299999999772,11.531000000000802,23.436000000000234,8.687000000000467
-262.797999999998,644.6810000000028,-387.8060000000005,-299.3550000000013,545.2879999999993,-478.96700000001147,-228.8659999999993,573.639,-263.4890000000041,-320.2139999999986,500.1139999999992,-247.38800000000083,-153.29600000000028,463.8790000000002,-38.11100000000352,-521.8720000000019,547.7629999999976,-281.6899999999805,-588.2530000000031,464.6730000000048,-350.80500000001393,-115.91899999999988,396.3670000000008,-278.0890000000227,-55.03500000000088,377.9420000000016,-293.311000000017,-3.234000000000492,336.4500000000021,-359.7780000000057,-64.59300000000212,23.37399999999974,25.17100000000028,-85.00000000000014,-11.51900000000019,-78.01500000000487,-114.4990000000007,85.42299999999727,77.23399999999856,-29.19600000000173,-43.02100000000024,43.63399999998592,-9.512000000000851,-50.46700000000044,48.4800000000007,1.251999999999498,-44.953000000001,48.59299999999962,46.93300000000136,-38.70300000000384,38.48200000000048,45.8280000000002,-79.48599999999715,53.63399999999956,-0.4939999999976407,-15.98199999999963,8.258999999999617,-33.42799999999926,-10.667000000000826,16.614000000004125,94.04399999999988,106.49799999999983,-17.18199999999115,12.68400000000014,276.25699999999966,50.07999999999697,13.580000000000323,13.94700000000011,8.649000000001195,18.91699999999972,8.18000000000012,21.73900000000017,12.391999999999824,11.970999999999776,-10.104999999999364,-10.381000000000997,-51.917999999999154,37.72299999999973,31.493999999997868,-68.13199999999995,45.48099999999948,-8.380999999999972,66.54199999999992,13.718000000000076,15.312999999999022,3.0990000000002738,21.308000000000504
-260.0880000000018,650.0670000000014,-402.0380000000159,-285.4919999999993,543.5549999999978,-500.8059999999887,-232.6630000000009,570.3229999999991,-267.90800000001127,-304.49800000000096,492.6659999999998,-254.34500000001208,-151.58799999999815,456.88499999999993,-44.1530000000057,-466.20399999999904,525.9340000000009,-262.0969999999943,-558.3899999999971,443.1939999999941,-357.3979999999892,-120.87499999999984,378.4140000000008,-286.925999999994,-54.06600000000026,365.0700000000029,-299.41399999997884,-5.048999999999637,326.75799999999526,-363.2560000000012,-89.22799999999711,14.34500000000014,15.686000000005151,-78.9909999999999,-1.740999999999815,-77.7219999999943,-75.06499999999932,80.34700000000328,62.15799999999945,-27.05399999999827,-55.282999999998594,38.35400000000391,-15.237999999999374,-56.56099999999924,44.97700000000009,-0.625999999999749,-54.02300000000082,48.23299999999904,43.66099999999733,-69.72599999999716,37.00100000000077,89.90000000000009,-79.08899999999903,26.012000000000057,5.0929999999993925,-19.72200000000157,6.866000000000128,-14.137999999999806,-13.351000000000113,22.76000000000522,0.8980000000001098,82.7539999999999,4.309999999992442,11.787999999999954,59.58299999999994,3.100000000000591,-23.705000000000357,4.180000000000028,24.499999999999037,19.954000000000605,5.213000000000534,18.162000000000237,10.502999999999927,14.836999999999987,-9.75700000000046,-6.15799999999922,-51.370000000000005,36.31600000000503,23.955999999998312,-70.88799999999935,42.42600000000039,-10.462000000001126,67.72799999999997,10.187000000001944,13.639000000000578,19.093999999999767,10.812999999998851
-256.8729999999988,648.2359999999971,-408.3129999999983,-279.3459999999996,546.1790000000008,-513.7569999999869,-226.343,574.8490000000004,-274.9509999999873,-308.3190000000002,476.04200000000105,-261.98799999999665,-151.54899999999998,447.823,-55.638999999996486,-458.0849999999998,516.0649999999976,-268.7990000000127,-537.369000000001,426.8860000000018,-369.4210000000112,-122.61900000000026,375.9179999999986,-294.811999999979,-51.63499999999885,357.6480000000004,-310.8150000000023,-5.518000000000711,324.3960000000129,-367.8839999999809,-116.7449999999974,7.891000000000048,-1.3670000000047366,-63.992,-7.757000000000147,-81.01199999999835,-94.45300000000005,84.00399999999877,61.43799999999828,-22.607000000004973,-60.80100000000073,32.3060000000055,-14.211999999997715,-68.22400000000073,45.5600000000004,-17.133000000001175,-98.79200000000026,20.401000000003933,47.84599999999841,-62.79900000000112,37.59499999999889,11.080999999998651,-82.14100000000144,72.3479999999995,3.5770000000013624,-19.213999999999487,8.514000000000266,6.1219999999991614,-32.88299999999964,40.64899999999625,-59.64600000000004,50.47600000000045,18.97800000000416,10.71500000000043,59.6899999999998,-0.2560000000016771,13.024000000000768,13.374999999999917,5.501000000001,17.86599999999936,5.81499999999977,17.808000000000135,9.199999999999877,10.59799999999882,-7.82999999999987,-12.721999999999412,-64.66500000000082,34.820999999993774,31.07299999999782,-73.33500000000015,39.56699999999955,-8.965999999998076,53.10400000000008,10.565000000002556,11.638999999999555,12.458000000000167,10.163000000000013
-252.234,650.6020000000035,-417.94499999998607,-267.5849999999997,536.3040000000012,-523.1200000000172,-229.5909999999992,575.4869999999983,-278.64999999999327,-295.40999999999826,461.7779999999982,-265.75900000000274,-152.58500000000197,437.491,-63.26900000001388,-450.7499999999993,493.8990000000047,-273.40099999998984,-518.8530000000014,419.34800000000223,-370.2149999999847,-133.4979999999998,362.263999999999,-297.38800000000083,-52.78300000000087,347.17399999999543,-316.7850000000044,-10.037999999998704,313.37299999999004,-369.11600000000817,-48.45200000000318,17.418999999999585,19.3300000000022,-72.85199999999996,-7.162999999999897,-87.3109999999997,-70.85799999999978,75.3530000000012,56.77499999999327,-29.12900000000036,-47.19199999999972,36.37099999999691,-20.98000000000297,-66.32800000000145,33.980999999999995,10.78499999999849,-30.41699999999992,58.57899999999745,64.15999999999826,-8.442000000002281,19.36299999999989,52.514999999999645,-76.82500000000232,47.49400000000037,7.744999999999891,-18.73899999999935,5.91399999999993,8.262000000000569,-35.06,38.54400000000169,-0.4319999999999879,64.56599999999995,1.9259999999974295,0.6719999999987181,-263.6389999999992,-62.16099999999756,9.4699999999996,6.822000000000017,5.205999999999733,14.907000000000892,6.292999999999438,12.556000000000012,9.172999999999831,8.992000000000644,-12.206000000000472,-17.489000000000487,-65.77999999999946,32.00600000000122,31.82700000000409,-66.12099999999828,41.78399999999982,-15.35300000000177,55.33899999999985,11.80699999999888,11.207000000000278,23.809999999999576,5.235000000000412
-243.7720000000013,652.9989999999998,-423.9250000000084,-258.8560000000001,535.5590000000007,-531.1399999999821,-232.105,571.484000000001,-283.9840000000095,-299.8999999999995,430.1569999999998,-284.2650000000049,-150.63600000000008,431.65,-64.19699999999011,-441.028,475.1129999999989,-280.6880000000092,-501.64199999999823,403.17399999999,-371.6920000000073,-124.7040000000002,338.2460000000009,-311.37700000001587,-51.3220000000004,331.7380000000014,-333.8259999999991,-5.738000000000909,308.6600000000089,-374.0109999999959,-77.96000000000163,10.310000000000484,0.8420000000000982,-56.22700000000016,-5.185000000000173,-76.46500000000742,-73.1340000000003,75.31999999999925,56.05400000001737,-38.24499999999489,-43.24000000000012,31.688999999994397,-25.2809999999954,-68.12199999999962,34.888000000006514,-19.274999999998958,-89.18299999999988,23.98900000000026,32.46400000000449,-79.622999999998,42.24000000000103,47.47600000000034,-69.08599999999865,44.97000000000071,9.634999999997262,-16.32900000000177,7.209000000000287,-46.35899999999964,0.2750000000006025,-16.406000000006316,2.565999999999846,53.68099999999956,-2.9080000000021755,58.35699999999946,316.0439999999994,122.65600000000065,10.287999999999895,11.153000000000011,4.152999999999452,12.661999999999551,3.894999999999982,15.33099999999976,7.814000000000476,8.508999999997968,-5.7939999999995,-24.42000000000064,-70.11600000000016,26.130000000000564,32.265999999998485,-66.94800000000214,37.31900000000081,-31.92899999999952,58.77600000000012,18.14600000000155,8.749000000000251,9.677000000000646,11.101999999999634
-240.67599999999916,649.3809999999996,-433.7040000000116,-249.4640000000004,524.3989999999997,-543.0540000000065,-225.903000000001,568.6869999999999,-276.538000000005,-293.74400000000094,444.8689999999999,-266.9189999999844,-150.55699999999774,420.19,-70.54399999999532,-429.22100000000114,458.7279999999964,-285.5840000000171,-486.2549999999999,391.504000000009,-369.9949999999944,-137.66800000000003,351.48900000000083,-304.5650000000023,-57.02099999999888,322.4429999999984,-340.930000000003,-9.194999999999707,304.7179999999912,-364.9049999999989,-95.99699999999984,6.215999999999866,-15.54599999999482,-53.41299999999976,-9.893999999999892,-78.35000000000036,-68.21499999999929,75.0409999999988,49.42699999999149,-20.697000000001253,-113.57600000000048,3.0830000000037217,-30.780000000004293,-71.70399999999972,34.685999999993555,-19.347999999996546,-71.1590000000001,45.70400000000063,39.73100000000045,-63.84600000000091,34.93999999999886,46.02199999999925,-59.72299999999677,39.16699999999906,7.751000000001795,-13.673000000000002,7.326999999999373,-17.72200000000055,-11.820000000000164,5.249000000003434,-5.82400000000014,38.429,4.171000000002323,-44.6179999999984,61.74699999999973,-57.224000000002206,5.520999999999532,6.6589999999999705,4.513000000000034,9.044000000000096,6.333000000000766,13.76899999999992,7.403999999999655,4.57800000000077,-11.68699999999987,-36.12400000000093,-77.97699999999992,26.69599999999832,28.67800000000216,-56.593999999998346,37.60699999999986,-0.3269999999986339,19.29899999999991,-5.53600000000074,5.940999999999974,4.762999999999806,8.320000000000505
