X1,Y1,Z1,X2,Y2,Z2,X3,Y3,Z3,X4,Y4,Z4,X5,Y5,Z5,X6,Y6,Z6,X7,Y7,Z7,X8,Y8,Z8,X9,Y9,Z9,X10,Y10,Z10,X11,Y11,Z11,X12,Y12,Z12,X13,Y13,Z13,X14,Y14,Z14,X15,Y15,Z15,X16,Y16,Z16,X17,Y17,Z17,X18,Y18,Z18,X19,Y19,Z19,X20,Y20,Z20,X21,Y21,Z21,X22,Y22,Z22,X23,Y23,Z23,X24,Y24,Z24,X25,Y25,Z25,X26,Y26,Z26,X27,Y27,Z27,X28,Y28,Z28,X29,Y29,Z29
-78.12800000000095,-101.30800000000022,165.8200000000079,-107.8060000000022,-121.98199999999986,165.1239999999916,-124.76199999999976,-154.5100000000005,129.4550000000072,-50.17100000000028,-143.33199999999948,154.5659999999998,-155.23100000000056,-193.61999999999995,62.34099999999216,263.34699999999884,-464.255,-26.452999999992244,226.13599999999963,-694.5660000000032,95.44699999999013,-172.63499999999965,-91.65800000000104,38.14700000000357,-151.38299999999845,-155.2660000000003,8.990000000005693,-155.66099999999778,-95.0569999999999,56.56699999999546,-165.7730000000015,-68.06299999999936,35.50400000000309,-226.123,39.51399999999694,-10.334000000000287,-236.61400000000012,-43.24300000000108,-5.243000000007214,-86.35299999999972,11.17600000000003,15.192000000001826,-86.72300000000064,18.2690000000008,4.482999999999038,-39.67499999999973,9.837000000000272,18.817999999998847,0.3939999999943211,5.975999999999715,46.08699999999999,-6.931000000002996,3.58099999999979,37.859000000000265,4.409999999998604,2.7579999999999494,5.695999999999657,-153.47100000000003,55.71400000000324,-8.027000000004136,-118.53999999999978,50.15999999999963,-18.304000000000546,-74.91800000000008,30.15599999999949,-22.7390000000014,-17.044000000000004,6.920999999999822,-10.025999999999158,-21.19,3.208000000000766,9.075999999998883,-0.2110000000000056,2.819999999999822,-2.289999999999992,-97.8506853932572,-193.7228651685388,-11.912483146062414,3.161000000000058,15.050999999999704,19.90399999999965,-102.18500000000006,29.107000000001904,24.560000000002447,-11.784999999999002,4.139999999998167,4.274999999999807
-67.77999999999906,-94.45499999999925,173.1809999999996,-90.69999999999824,-141.6550000000001,163.91600000001745,-115.40899999999964,-152.55399999999997,140.5029999999897,-53.659999999999286,-144.02600000000092,162.64599999999518,-156.5320000000014,-191.8329999999997,60.15699999998105,310.1010000000002,-477.6039999999995,-19.42700000000741,286.5590000000012,-633.6839999999967,78.26499999999896,-172.9539999999986,-93.29799999999864,39.2699999999877,-145.66000000000088,-180.6789999999978,15.77199999999266,-158.40300000000127,-109.85299999999968,64.29500000000417,-145.75799999999788,-61.19899999999916,41.10099999999193,-228.381,40.39300000000026,-10.338999999999032,-239.47900000000004,-39.24899999999525,-4.4249999999919964,-96.80500000000052,10.553999999999776,19.983000000001997,-90.30500000000076,15.820999999999684,7.721000000003642,-35.30799999999772,9.371999999999048,24.493000000001075,0.9490000000027976,11.012999999999806,41.08800000000059,36.37400000000071,-8.760999999998376,40.15699999999782,6.830999999999676,5.527000000000015,0.7020000000004245,-171.52799999999982,61.48299999999836,-7.36699999999928,-131.95799999999983,43.657000000001744,-19.457999999997355,-73.0640000000001,29.071000000001845,-22.96100000000365,-12.903999999999993,3.1360000000006494,-7.092000000001519,-18.99000000000015,-0.3819999999961965,8.694000000001267,-1.3969999999999594,-0.1930000000001541,3.130000000000166,-97.8506853932572,-193.72286516854015,-11.912483146068098,1.409000000001015,9.91199999999992,21.007999999999072,-121.42400000000038,38.1719999999973,-3.4700000000043474,-11.66600000000102,2.460999999999558,5.286999999999864
-55.549000000002025,-101.42299999999976,187.03599999998917,-71.46700000000124,-137.68300000000124,177.66099999998914,-106.28499999999974,-161.2320000000004,146.41099999998914,-46.18099999999998,-143.42299999999994,169.36000000000604,-149.69499999999982,-200.967,59.22800000000734,355.96000000000174,-480.6510000000003,-7.842999999991207,331.4779999999985,-583.8330000000013,70.69100000001072,-167.6240000000007,-96.54600000000072,40.832000000000335,-144.87600000000214,-199.48800000000236,15.868999999997868,-155.49900000000036,-119.0799999999996,73.108000000002,-141.040000000001,-62.61600000000129,44.08000000000811,-229.731,38.63499999999931,-8.623999999997523,-240.54200000000208,-44.79000000000042,-5.805000000009386,-97.34599999999888,-2.8359999999999275,24.86499999999978,-82.9039999999992,11.585999999999784,8.35899999999583,-38.04800000000057,3.6630000000002383,22.35699999999952,3.0120000000010805,14.862999999999715,40.51599999999951,-5.998999999997068,14.355000000000471,38.76700000000142,5.311999999997852,1.6610000000000014,5.731000000000108,-158.7290000000003,57.39099999999837,-8.581000000003769,-117.36600000000016,48.27499999999816,-21.0329999999999,-67.49500000000008,28.055999999997997,-21.98799999999892,-13.45900000000001,8.25800000000072,-9.770000000000325,-34.188999999999936,-64.43800000000124,42.26799999999997,3.709999999999969,-0.6749999999996703,-5.485000000000184,-97.85068539325152,-193.7228651685388,-11.912483146073782,2.875000000000228,11.195000000000732,22.425000000001205,-104.32500000000005,22.389000000001147,31.11900000000105,-9.538999999999476,-3.833000000000197,7.408000000000925
-38.57399999999984,-94.28100000000086,200.19600000000537,-60.57199999999909,-134.58100000000002,186.49900000000343,-100.53800000000024,-164.25299999999936,159.88800000002357,-27.43499999999983,-143.49500000000006,174.37800000000152,-149.212,-205.4789999999997,62.25600000000213,383.77699999999777,-548.0649999999997,-9.546000000000276,383.60600000000176,-539.3310000000014,59.466999999995096,-168.33299999999838,-99.16600000000244,43.37199999999939,-150.74199999999962,-228.4559999999999,19.93400000000065,-150.25300000000072,-121.42000000000051,78.93599999998742,-128.77300000000105,-58.32599999999957,42.99899999999752,-237.38,33.89900000000239,-7.978000000002794,-241.89199999999855,-43.753000000003794,-6.701999999995678,-57.50899999999888,41.06300000000012,29.193000000009302,-86.39200000000073,12.818999999998937,9.65500000000361,28.48799999999869,-0.5679999999998131,10.577999999998156,-3.485000000000582,15.064000000000988,42.51299999999958,-13.407000000000837,2.566999999999098,40.78999999999979,6.534000000002038,6.123000000000012,1.3919999999998822,-165.79499999999996,60.240000000001714,-14.850000000001272,-129.5199999999994,42.41400000000226,-18.307999999990443,-73.69799999999991,29.505000000000337,-21.420000000000528,-10.429999999999994,6.943999999998596,-7.862999999998976,-19.272000000000133,-0.7170000000030541,7.648999999999262,-1.8840000000001744,-0.9309999999999264,1.9269999999998788,-97.85068539326858,-193.7228651685388,-11.91248314605673,-2.103999999999928,15.258999999997512,24.80699999999985,-114.57399999999892,21.414000000001465,0.1399999999989631,-9.07100000000156,0.9070000000008348,2.6470000000003324
-28.936999999999102,-91.24500000000069,213.2560000000012,-45.555000000001655,-140.74699999999893,199.1459999999961,-86.28800000000041,-168.1560000000001,163.512999999989,-13.6170000000007,-148.693999999999,174.73099999999704,-144.0650000000005,-217.91600000000105,67.383000000018,424.663000000001,-596.1990000000014,15.239999999994325,435.2669999999989,-519.0030000000007,44.34199999999464,-171.3610000000017,-103.36499999999944,46.21600000000399,-155.4399999999987,-254.53199999999757,17.1320000000037,-163.2310000000018,-141.20999999999952,96.25900000000912,-134.17399999999873,-60.210999999999615,41.03999999999815,-237.41499999999996,25.162000000000265,-6.915000000003602,-245.52600000000095,-45.4469999999958,-2.440999999998894,-64.31900000000041,-26.126000000000005,6.77499999999327,-89.91399999999885,13.131000000001336,10.259999999999536,-169.06899999999894,35.76699999999988,54.92500000000291,-5.063000000001239,10.872999999999422,44.91999999999905,-16.250000000002274,10.56899999999814,39.07500000000255,4.428000000001475,6.891999999999987,6.244999999999834,-166.76900000000003,60.90999999999838,-11.565999999993435,-30.10600000000068,66.11699999999985,-64.50800000001209,-72.45600000000003,29.05299999999897,-22.146999999995387,-12.939,3.843999999998005,-7.70599999999888,-13.436000000000092,4.833999999999605,7.622999999999536,-0.1249999999998863,3.775999999999158,-1.4069999999996696,-97.85068539325152,-193.7228651685398,-11.912483146073782,-2.1990000000016607,17.063000000001693,25.256999999999152,-119.3719999999999,-37.83300000000054,-2.7280000000018845,-13.650999999998705,7.086000000001036,7.497999999999649
-9.705999999999904,-90.76399999999865,221.41100000001188,-34.549999999998704,-139.09800000000132,207.37300000000687,-76.40299999999911,-168.78199999999984,172.41200000000845,4.184000000000765,-149.8710000000003,178.47900000001573,-142.17499999999745,-224.02299999999968,65.91799999998784,442.634000000001,-601.8679999999989,23.028999999996813,461.7240000000002,-465.3750000000002,60.608000000002,-171.35800000000074,-101.4179999999982,47.81500000001415,-151.3239999999996,-275.8820000000014,26.886000000001783,-166.1789999999968,-157.36500000000007,102.26999999999862,-187.70900000000097,-84.19900000000098,55.48700000000508,-226.492,89.17500000000018,-7.109999999988759,-247.83799999999871,-41.75400000000309,-7.128999999997632,-142.14199999999835,32.57999999999974,33.52699999999231,-88.21300000000178,16.85099999999977,14.074999999996862,79.72599999999943,-14.186999999999728,3.3299999999997,-5.64499999999839,9.306999999999732,47.20100000000116,-65.83299999999781,34.651999999999816,34.20899999999847,-1.0330000000010386,3.613,3.117000000000303,-167.53199999999993,61.29500000000121,-7.611000000008516,-162.9259999999995,26.34999999999934,-2.202999999997246,-72.75899999999993,25.399000000001596,-22.149000000001703,-11.873,5.968000000004281,-10.784000000001017,-21.137999999999835,4.824999999999591,5.830000000000268,-2.3880000000000123,1.3739999999998531,0.95799999999997,-97.85068539326288,-193.7228651685391,-11.912483146068098,-10.22299999999916,17.449999999999477,26.48100000000113,-112.4990000000011,30.465999999998417,9.66200000000299,-10.9240000000014,-3.011000000000763,4.805999999999244
3.619000000000483,-89.65100000000064,232.5439999999844,-10.259999999999536,-153.0300000000011,209.7530000000006,-67.44000000000057,-174.37000000000003,177.4539999999888,23.746999999998764,-161.5230000000011,181.98299999999108,-136.71400000000062,-233.41300000000015,75.0,477.9150000000016,-564.5720000000011,60.82800000000361,491.89599999999984,-433.9650000000006,66.2900000000036,-167.70799999999895,-104.4290000000018,50.27999999997519,-149.38199999999995,-300.5670000000009,27.552000000002863,-157.84000000000162,-158.50300000000033,121.97300000000268,-144.24099999999953,-66.63199999999989,52.22799999999097,-242.36900000000009,54.42199999999957,-6.952000000001135,-247.05299999999968,-43.32899999999995,2.23399999999856,-184.3760000000032,-17.131999999999792,-15.081999999995332,-86.65699999999958,12.05099999999959,10.846000000009326,-118.30199999999992,26.08499999999907,47.52500000000168,-7.990000000000919,2.729000000000781,49.281000000000574,-28.023999999999205,1.437000000001376,47.791999999998325,-0.844000000000733,7.396000000000003,5.320999999999998,-160.2640000000001,54.78300000000047,-9.8700000000008,-87.47500000000059,46.88899999999876,-36.47799999999961,-70.63099999999984,19.232999999999837,-18.81400000000326,-12.542999999999996,5.765999999999849,-9.973999999999704,-15.093999999999852,6.320000000005166,2.403000000001043,0.6400000000001071,1.9330000000010727,-0.7500000000000284,-97.8506853932572,-193.72286516854015,-11.912483146068098,-10.690999999999915,22.995000000000232,25.53999999999945,-107.17799999999896,85.97100000000069,19.5130000000006,-10.49499999999881,9.023999999999432,6.574000000000524
19.09799999999961,-84.38400000000001,243.85999999999515,-3.951000000000704,-128.1909999999982,233.764999999994,-56.287000000000376,-171.91000000000008,183.37400000000343,42.87700000000001,-167.35199999999963,185.42500000000928,-134.2880000000008,-250.20200000000017,67.65100000000075,480.7259999999985,-674.6729999999985,72.2780000000057,520.494,-394.32199999999966,73.04100000000062,-168.23499999999854,-102.75999999999785,52.12400000002617,-153.54600000000005,-320.8269999999999,37.24300000000085,-153.26799999999992,-166.61900000000003,137.3779999999897,-148.26400000000035,-74.04999999999973,49.44400000000542,-241.516,54.26100000000247,-0.7880000000000109,-255.5320000000023,-44.745000000000346,-4.601999999999862,-46.044999999998026,-26.935999999999893,39.19700000000148,-96.04199999999992,12.187000000000126,15.395999999992682,-42.30000000000018,12.821000000000993,26.65399999999636,-18.12400000000025,18.1200000000004,43.97199999999941,22.57099999999923,-19.22100000000171,47.12100000000135,63.78799999999956,30.776000000000003,-37.51000000000033,-161.67599999999993,62.438000000000216,-17.833999999993466,-157.3999999999998,25.607000000002245,-4.144000000002279,-77.22900000000017,20.147000000000048,-16.299999999995407,-12.207,6.043999999999983,-6.598999999999933,-16.609000000000407,3.634999999997035,4.9359999999992965,-0.1890000000001279,1.581999999999084,0.8220000000001448,-97.85068539326288,-193.7228651685388,-11.912483146073782,-16.16599999999835,20.108999999999355,26.027000000000555,-144.24100000000095,-220.7369999999997,3.908999999998741,-11.158000000000357,-0.942999999998051,8.930999999999756
32.520999999999844,-87.0270000000005,249.47500000000676,9.201000000001612,-139.84700000000032,245.4960000000028,-47.9140000000001,-179.62699999999998,185.69299999999205,49.757999999999925,-173.2680000000002,194.18899999998305,-131.1620000000005,-263.7109999999993,74.06000000000859,502.4159999999995,-593.5050000000018,103.27099999999518,551.003,-364.47,83.00200000001041,-166.68700000000172,-105.71899999999914,58.59399999999368,-153.26100000000054,-340.0049999999993,39.312999999992826,-137.60999999999797,-169.2610000000002,151.4220000000023,-139.00700000000086,-71.58599999999922,54.340000000001965,-241.27899999999997,58.51999999999862,-6.793000000004668,-252.83799999999985,-49.30699999999888,0.238000000001648,-100.11200000000144,24.44099999999985,45.83099999999831,-98.94600000000082,20.73699999999974,16.732999999999265,-52.171999999998775,14.570000000000505,36.18700000000104,-19.602000000003272,11.196999999999946,45.83899999999943,-36.05100000000334,8.323000000001457,43.50299999999834,4.152999999999452,12.630000000000008,3.329000000000093,-163.71199999999993,54.96200000000045,-11.468999999999596,-82.64100000000028,42.34299999999962,-40.62200000000189,-72.44899999999994,19.750999999999408,-21.54800000000137,-12.397,2.463000000000193,-10.824000000000922,-18.16999999999993,-4.107999999996537,15.05599999999987,-0.9359999999999148,-0.4699999999999704,-3.0840000000004864,-97.8506853932572,-193.7228651685388,-11.912483146062414,-19.890000000000896,28.70200000000125,29.613999999999407,-107.59000000000044,14.283999999997832,3.5370000000000346,-10.245999999999356,-3.1660000000016453,4.425000000000523
41.055000000000064,-81.40499999999804,257.0320000000038,31.445999999999685,-154.20299999999827,218.33500000000183,-33.824999999998795,-179.22299999999998,193.1150000000116,70.01300000000015,-185.19699999999943,198.0350000000044,-126.06800000000078,-271.3149999999999,75.0,502.7780000000007,-713.4299999999996,123.32199999999602,582.0339999999998,-369.6459999999973,71.745999999996,-164.7909999999996,-98.75800000000083,62.11000000000695,-154.65599999999995,-359.71400000000244,51.25699999999824,-115.28800000000388,-176.90900000000056,168.07300000000396,-142.48999999999796,-80.38600000000145,49.12699999999859,-246.98600000000005,66.36099999999487,-5.687999999997828,-257.3709999999977,-48.94400000000019,-2.686000000005606,-68.30600000000118,-26.267,27.337999999997464,-94.9549999999988,17.26500000000044,15.268000000003212,22.78299999999831,-2.3300000000006094,11.966000000001031,-23.027999999999334,16.584999999999184,50.76600000000013,-37.84200000000055,15.623999999999684,39.74100000000078,-0.9289999999992916,12.044999999999996,1.0510000000003572,-164.9449999999998,61.38600000000167,-18.94499999999653,-161.93599999999932,25.025999999999726,-7.015999999998712,-63.00200000000018,19.20199999999852,-22.27199999999812,-11.837999999999996,2.013999999999782,-8.903999999999712,-17.357999999999407,0.4759999999976116,4.9840000000003215,-1.2440000000000673,-1.2859999999989211,2.463000000000193,-97.8506853932572,-193.72286516854015,-11.912483146068098,-26.0610000000014,26.73499999999933,29.578999999999667,-111.3829999999993,24.002000000001544,9.515999999996438,-10.829999999999984,1.484999999999559,9.046999999999628
62.54500000000007,-81.11200000000167,263.0859999999984,42.38100000000031,-125.00400000000128,252.5019999999813,-25.49900000000065,-126.64399999999992,173.36499999998978,81.77600000000069,-192.39400000000015,198.9620000000059,-120.00899999999888,-285.8060000000009,76.42799999998715,513.515000000001,-668.2389999999998,151.83700000000044,605.4870000000004,-344.4999999999993,83.47199999998338,-164.64499999999873,-95.10999999999969,67.40699999998014,-147.64499999999998,-377.14,54.57800000000361,-103.42099999999732,-178.05500000000052,176.5070000000037,-134.40700000000163,-85.21999999999963,56.31099999999378,-253.52299999999985,69.07000000000494,-6.549000000006799,-261.79400000000044,-55.239999999997735,-5.052999999998065,-96.15999999999758,2.733999999999881,33.94100000000435,-105.00199999999892,21.560999999999808,15.958000000000538,-133.68800000000078,32.53600000000034,53.99499999999762,-27.85999999999831,-2.944999999999709,46.7960000000005,-46.34999999999536,12.837999999999283,42.89600000000178,2.205000000000723,15.067999999999993,-1.831000000000671,-166.1769999999997,65.2339999999981,-19.977000000005773,-78.7310000000005,43.99300000000039,-39.60599999999772,-75.55499999999995,20.351999999999748,-12.711000000001604,-12.445000000000004,6.39799999999866,-7.8910000000007585,-54.02600000000035,-32.10100000000011,53.73599999999925,1.562000000000019,1.292999999999722,-1.5740000000000975,-97.8506853932572,-193.72286516854015,-11.912483146062414,-30.36599999999794,27.962999999999735,34.234999999999616,-102.38399999999928,33.22499999999877,9.622000000007349,-13.371000000000777,-0.2690000000001191,5.885000000000673
75.8890000000008,-75.68799999999953,268.83499999999003,59.41799999999944,-150.2880000000005,242.22400000001016,-15.77000000000055,-182.20100000000025,196.82600000001003,96.30200000000002,-208.46099999999976,214.2090000000053,-113.99999999999864,-294.23599999999794,85.2790000000141,520.2579999999983,-676.0869999999996,173.32700000000614,633.4729999999997,-299.0300000000019,102.80800000001592,-163.55000000000075,-100.54800000000056,68.37100000000191,-136.8709999999993,-385.8759999999961,64.14200000000392,-90.18399999999929,-183.41199999999844,194.30600000000595,-134.0549999999979,-89.63999999999999,56.42100000000028,-238.4140000000002,108.28599999999824,-16.9439999999895,-263.2229999999993,-60.12000000000057,-5.700999999999112,-89.43399999999997,0.5330000000000723,31.574000000000524,-99.50700000000268,26.18400000000065,17.552999999998065,-57.79399999999839,15.88299999999947,39.25800000000095,-26.461999999997943,-2.1550000000004843,52.16700000000003,-100.28400000000488,30.364000000000143,41.08899999999949,1.6889999999989411,18.392000000000007,2.1730000000005134,-169.64299999999994,69.58399999999756,-18.724999999994907,-162.10499999999968,25.93999999999994,-8.797999999990225,-69.04699999999977,20.12500000000159,-23.709000000002334,-10.89,2.1119999999996253,-8.424999999999727,-20.32300000000049,2.9539999999997235,5.564000000001101,-2.613999999999983,-0.7220000000003779,1.2639999999997542,-97.8506853932572,-193.7228651685388,-11.912483146068098,-34.00400000000161,27.75400000000161,33.57500000000044,-107.89900000000046,6.2180000000012114,7.769999999993615,-13.615000000000066,1.0360000000019909,7.0369999999996935
93.59599999999944,-74.56899999999962,275.3420000000005,63.922999999999774,-116.43500000000132,279.22399999999925,-5.2679999999995175,-182.59499999999989,198.8399999999956,107.29999999999932,-217.70699999999863,212.60999999999515,-163.703000000001,-300.08900000000125,62.8289999999879,522.036,-680.5340000000001,194.60500000000135,657.2350000000001,-308.25499999999977,93.3589999999981,-174.51599999999985,-97.16200000000016,72.36400000001595,-126.67700000000082,-400.2980000000008,68.8539999999989,-178.9289999999994,-201.70600000000007,233.09899999999288,-123.29799999999976,-95.2370000000002,59.96100000000979,-260.67399999999986,63.348000000002,0.2319999999940591,-271.3070000000016,-59.9330000000009,-4.467999999997119,-77.65600000000177,5.697999999999936,42.2239999999988,-108.36699999999836,26.505999999997695,20.566000000002305,31.94599999999923,4.98800000000017,14.412999999996146,-34.982000000002245,7.850000000000534,52.79699999999963,-5.351999999993495,-28.21099999999888,55.31000000000006,1.4160000000003947,18.292,4.452999999999463,-166.86200000000042,73.10100000000261,-23.4739999999988,-122.89900000000031,37.19499999999982,-26.65700000001152,-72.34200000000008,21.16100000000074,-19.38199999999597,-13.388000000000003,6.526999999999816,-9.930999999998846,-15.39900000000003,-9.78099999999813,5.728999999999473,-0.5119999999999791,-0.8499999999997954,-0.240999999999758,-97.85068539326288,-193.7228651685388,-11.912483146068098,-38.14999999999884,31.19999999999834,34.90800000000007,-108.11400000000047,7.585000000000264,1.5989999999987958,-8.877999999999986,-4.042000000001167,10.105000000000077
112.30799999999874,-76.59600000000069,278.6740000000009,92.07199999999888,-151.93999999999903,232.9949999999826,2.0080000000007203,-181.9559999999999,202.81999999999695,118.20299999999976,-231.29500000000007,219.5429999999988,-122.99399999999991,-325.33600000000007,77.51499999999396,521.714,-684.8089999999999,214.23299999999017,678.996,-306.4319999999995,100.98299999999654,-140.25100000000066,-91.61300000000097,68.94499999998516,-119.53899999999749,-403.97900000000107,77.99699999999348,27.043999999997936,-168.6390000000003,192.04100000000608,-127.50000000000055,-112.03499999999876,59.70499999999674,-263.58600000000007,79.61099999999419,-3.832999999997355,-274.33499999999924,-64.50199999999882,-6.767999999999574,-45.78300000000013,13.61699999999999,55.97500000000082,-103.85699999999927,31.941000000003328,19.5920000000001,-58.81399999999815,24.589000000000283,43.250000000000455,-39.24600000000282,3.5569999999992774,48.81500000000045,-58.10600000000363,8.677000000000135,45.81699999999955,4.1400000000010095,24.703000000000007,-3.599999999999426,-154.79500000000002,71.06100000000026,-23.822000000006938,-184.73299999999995,20.929999999998472,3.824000000003025,-72.22700000000017,15.6739999999985,-23.64500000000476,-13.853999999999989,5.108000000001312,-10.560999999999863,-16.362999999999772,9.17699999999968,1.033999999999935,-0.1119999999999343,-1.241999999999166,-0.8380000000002497,-97.8506853932572,-193.72286516853947,-11.912483146068098,-44.42200000000014,32.52200000000016,38.279,-108.95299999999963,9.265999999999508,8.615000000003192,-11.344999999998606,-0.7170000000002119,7.968999999999937
117.01800000000162,-63.31600000000037,280.37100000001374,95.71200000000032,-122.44699999999966,265.6990000000178,11.694999999998856,-184.806,206.12800000001243,124.15900000000022,-241.25800000000052,217.12699999998225,-119.98099999999852,-323.46100000000035,78.46700000000055,512.7909999999986,-693.5410000000004,231.31700000000137,703.9429999999999,-304.2349999999999,90.10599999999158,-147.34699999999918,-84.33300000000088,69.01900000000296,-111.4720000000034,-403.6699999999996,81.20700000000625,-163.88800000000003,-194.6470000000005,258.3250000000021,-112.33799999999974,-108.26900000000136,68.52400000000216,-261.9899999999998,93.45400000000552,-7.866999999998825,-281.22999999999934,-72.40300000000275,-2.868999999998323,-16.347999999999274,16.825000000000045,59.32699999999613,-105.2410000000009,33.10399999999731,23.17499999999768,-53.32800000000191,21.715000000000373,34.50900000000274,-41.34199999999737,8.614000000000033,51.01899999999944,-64.15399999999636,17.408000000000357,46.586999999999534,-2.387999999999124,24.285,2.4049999999995464,-165.86599999999976,81.998999999999,-21.094000000005053,-127.8649999999999,42.79300000000035,-25.05800000000136,-72.86499999999982,23.61600000000124,-21.76499999999919,-11.789000000000003,3.540999999998462,-7.904000000000622,-18.92599999999973,56.10899999999788,-28.504999999999825,-0.838000000000072,2.7329999999992083,0.7730000000002235,-97.8506853932572,-193.72286516853805,-11.912483146068098,-50.02700000000005,37.77800000000013,35.58799999999991,-115.27999999999992,27.0089999999982,-0.1889999999946212,-14.892000000001817,4.7989999999998645,8.208999999999378
142.28200000000015,-66.90399999999954,282.5199999999995,116.4199999999994,-134.08900000000017,260.6320000000096,18.73900000000077,-185.3530000000001,204.65099999998984,151.8889999999999,-212.9780000000011,248.95000000001343,-118.34900000000346,-341.63599999999974,79.358000000002,517.7430000000015,-685.2829999999997,247.3940000000084,709.1089999999999,-300.6430000000009,97.67500000000382,-152.71899999999903,-86.71399999999778,70.69000000001324,-113.68500000000095,-406.00399999999865,86.5289999999959,32.309000000000765,-167.0270000000002,212.44499999999107,-111.34500000000004,-127.41400000000029,60.70499999999584,-262.3410000000007,63.80299999999863,-4.126000000007934,-287.28100000000154,-73.43500000000063,-11.865000000000236,-326.5119999999996,-32.32199999999992,-61.64599999999609,-112.36799999999788,35.2800000000002,26.3370000000009,-59.97899999999845,22.907999999999618,46.12700000000132,-45.99599999999669,4.678000000001248,56.87000000000069,-123.00400000000307,32.63000000000034,43.60900000000072,-4.294000000001574,26.6,-2.564999999999884,-153.7930000000003,84.80500000000006,-24.79899999998452,-127.20199999999976,42.12799999999959,-25.351000000000568,-71.66099999999993,21.986000000001127,-23.849000000001297,-17.213999999999995,7.671000000001982,-9.617999999998972,-28.67999999999995,-33.53899999999612,21.85800000000029,-0.9919999999999264,0.2920000000003142,-1.421999999999457,-97.85068539325152,-193.7228651685416,-11.912483146068098,-49.05300000000068,37.8469999999993,41.330000000000666,-96.08399999999976,118.95950000000256,0.0225000000000363,-17.818999999998653,-1.606999999998493,5.414000000000385
163.94499999999823,-64.57499999999925,280.83500000000186,131.3050000000004,-133.86799999999965,256.1400000000049,30.09799999999956,-183.474,203.5030000000006,145.48699999999997,-276.83399999999875,224.341000000004,-118.54699999999808,-351.42900000000026,75.34200000000055,509.602000000001,-691.4819999999992,260.6139999999982,715.408,-299.4019999999992,102.9480000000035,-152.46700000000146,-86.66399999999896,71.21599999998125,-109.88999999999862,-398.4850000000023,94.00100000000292,-143.7029999999993,-193.1479999999993,277.4229999999875,-108.68400000000236,-134.26899999999904,65.11900000000423,-256.2599999999996,136.80899999999951,-12.969999999995707,-290.1959999999974,-79.83999999999583,-7.373000000006868,9.665999999998576,-17.6400000000001,120.61800000000176,-101.33200000000215,36.57699999999977,26.040999999997894,-57.903000000001725,24.06299999999959,42.63699999999631,-48.76400000000558,2.5439999999989027,55.85499999999968,-15.810999999996511,-27.24600000000237,61.02799999999888,-0.4089999999990823,34.13299999999999,-2.584999999999837,-157.80600000000007,88.7820000000005,-20.83100000000968,-125.66300000000012,46.421000000000845,-28.61299999999005,-71.97200000000024,30.355999999997607,-22.954999999996065,-13.502000000000002,2.6960000000002537,-7.856000000001018,-21.5679999999999,5.758999999994785,2.336999999999989,-0.3140000000001031,-1.4709999999993784,0.0749999999996475,-97.85068539326858,-193.7228651685388,-11.912483146062414,-51.42799999999852,43.90999999999963,41.93099999999959,-96.08399999999976,118.95949999999972,0.0225000000000363,-10.11400000000009,-3.0380000000008067,8.915999999999258
190.70000000000107,-70.48200000000122,280.1629999999932,139.16499999999985,-112.33000000000004,262.42699999997967,34.45200000000028,-183.042,205.88400000001457,157.1780000000004,-291.78900000000067,230.6640000000016,-116.06099999999913,-362.9539999999992,76.56200000001263,505.06599999999935,-690.0790000000001,271.63100000000213,734.6060000000001,-294.1280000000006,96.27000000000407,-147.68700000000194,-80.86800000000096,70.53200000000288,-106.49500000000104,-390.5210000000011,99.67599999999948,-44.50999999999965,-176.83600000000013,251.77000000001044,-101.37,-145.11700000000047,66.82700000000068,-276.1359999999996,105.64899999999966,-10.504000000003089,-296.07400000000155,-85.13200000000438,-12.243999999998325,-29.576000000000136,44.70799999999997,81.21899999999869,-109.57599999999844,40.194999999999936,29.574000000002343,-53.11199999999872,25.570000000000448,48.83100000000127,-44.50400000000059,3.083999999999776,54.17699999999997,-77.99100000000294,-0.6079999999997199,54.23399999999958,-4.651000000001204,17.27900000000001,4.82900000000015,-156.20100000000008,99.82899999999972,-21.753000000001062,-122.2839999999998,47.70599999999945,-28.92500000000382,-75.18199999999986,31.22400000000312,-21.12500000000068,-15.887999999999993,6.810999999999012,-9.584999999999866,-26.954000000000637,11.46500000000401,-15.310999999999808,1.0919999999999597,0.8569999999991751,1.1600000000001387,-97.85068539325152,-193.7228651685388,-11.912483146073782,-53.89499999999998,39.27600000000098,44.9380000000005,-132.50000000000028,-177.2020000000026,8.047999999996591,-15.225999999999829,-1.721000000000572,5.669000000000324
186.7570000000001,-51.05699999999729,277.03899999999066,160.4060000000004,-116.46599999999978,257.65400000000227,47.1589999999992,-183.84499999999989,206.77499999999327,159.384,-310.4959999999991,232.59299999999712,-117.33000000000118,-373.6430000000013,77.25799999998344,500.6260000000026,-687.6150000000009,284.9240000000009,700.4369999999998,-304.5259999999999,132.05599999998867,-146.65200000000027,-76.05599999999981,68.10400000001664,-108.27199999999948,-388.937999999996,101.83100000000422,3.3850000000001046,-168.11600000000055,259.4120000000089,-96.24799999999992,-155.13699999999915,65.85699999999406,-266.9029999999999,110.49600000000056,-9.717000000000551,-298.678000000001,-88.73199999999883,-10.735999999997148,-46.4289999999977,8.0210000000001,61.8720000000053,-103.71000000000096,40.97500000000025,34.73500000000058,-56.8160000000006,27.68599999999992,52.18199999999911,-60.83899999999858,-10.755999999999233,56.53400000000062,-127.58800000000292,46.02800000000116,36.91600000000221,-0.8919999999989159,28.087,0.7120000000000459,-151.73399999999972,96.10299999999938,-24.42599999999402,-7.836000000000354,82.93800000000147,-76.9860000000051,-68.15400000000018,26.46299999999826,-25.4729999999995,-15.193000000000012,5.155999999996652,-10.232000000000596,-23.2999999999997,-3.781000000003587,23.19299999999913,0.92800000000004,4.288999999999987,1.3829999999998677,-97.85068539326288,-193.7228651685388,-11.912483146068098,-56.42300000000091,45.756000000000085,42.41399999999942,-116.65800000000031,11.745000000001935,1.4189999999985048,-13.187000000000635,-3.418999999999528,8.069000000000415
220.3980000000001,-51.59900000000164,270.9840000000213,173.47000000000037,-112.22199999999988,255.82200000001197,52.23300000000109,-184.7609999999999,206.4449999999852,172.40400000000022,-326.14000000000016,239.966000000004,-121.14100000000008,-381.7319999999995,71.59500000000207,491.0189999999972,-683.3469999999999,294.3970000000036,717.1339999999997,-328.36599999999976,130.68200000001298,-148.2469999999978,-66.66600000000074,71.91100000000006,-109.27899999999796,-384.12099999999896,108.38599999999587,-46.87399999999968,-164.65199999999953,268.7559999999962,-90.3749999999974,-169.24700000000144,68.65199999999732,-253.18500000000057,124.17300000000182,-18.09099999999262,-302.7240000000006,-93.9579999999978,-15.125000000000457,-28.441000000000827,-15.42899999999996,61.601999999993495,-105.7230000000004,46.77499999999952,34.56199999999967,-52.08800000000053,28.18999999999932,46.29800000000159,-46.6039999999964,12.36200000000025,60.06499999999875,-27.553999999997814,-32.023000000000934,61.75399999999911,-5.23900000000026,30.292,0.7869999999996935,-143.4750000000001,105.76599999999983,-25.128000000006523,-172.31400000000008,49.12899999999922,-12.918999999999414,-65.14300000000013,31.25,-28.05799999999863,-18.805000000000003,7.488000000003581,-10.741999999999052,-26.966999999999786,15.522000000004256,-17.600000000000193,-1.0150000000001214,0.9790000000009512,-3.365000000000151,-97.8506853932572,-193.7228651685388,-11.912483146062414,-63.24700000000121,44.82900000000143,46.81400000000053,-102.89799999999973,13.579999999998904,7.625999999999067,-13.380999999999688,-0.0660000000010541,7.25400000000036
238.99800000000084,-52.413000000001375,276.09799999997904,189.24799999999777,-114.3250000000009,250.0,57.49899999999997,-183.0260000000001,199.4630000000143,175.29200000000031,-338.05000000000047,242.05299999998715,-119.02199999999824,-390.14200000000017,73.52300000000014,493.146999999999,-662.2019999999999,304.04100000000653,709.5830000000007,-307.7439999999996,142.13899999998603,-153.21500000000017,-59.13500000000056,67.3949999999877,-108.04100000000004,-374.30700000000456,106.33599999999888,-8.493000000001416,-153.5889999999995,275.5800000000022,-33.88500000000079,-174.16199999999833,80.92100000000073,-255.9979999999996,130.5499999999995,-9.07000000000835,-305.6669999999997,-97.32700000000136,-12.445000000002436,-39.31100000000072,20.29500000000013,65.78399999999647,-104.70100000000002,47.72600000000011,33.192999999999984,-54.89900000000034,21.95800000000077,49.34999999999832,-53.89400000000251,1.6459999999995034,52.28800000000007,-84.671000000003,4.491000000001577,50.92300000000023,-1.903000000001498,21.55,-0.2259999999999706,-139.28900000000013,113.06000000000154,-24.89699999999857,-68.58900000000006,66.76600000000121,-49.49599999999919,-79.06099999999974,32.725999999999544,-18.698000000000548,-18.338999999999995,6.143000000000143,-10.338000000000136,-25.457000000000107,3.514999999998736,6.542000000000314,2.786000000000133,-2.577000000000851,-0.3560000000000229,-97.8506853932572,-193.7228651685388,-11.912483146068098,-63.35599999999886,45.84999999999866,48.57899999999944,-106.0219999999994,24.199000000001547,-7.3610000000030595,-14.119999999999775,-3.925999999998453,6.503999999999621
260.7789999999966,-49.61799999999812,274.9270000000024,207.4270000000041,-108.04299999999928,253.77199999998084,67.34399999999994,-184.147,198.8889999999856,183.1859999999992,-350.3239999999998,244.1280000000006,-124.04300000000036,-402.2819999999996,71.85000000001764,475.41800000000194,-667.1050000000001,306.9819999999936,691.5959999999998,-286.918,166.35700000001634,-153.352000000001,-48.84499999999719,65.23500000000695,-113.30000000000098,-365.7960000000003,119.47000000000116,32.38399999999899,-126.17699999999984,283.764999999994,-111.82400000000143,-195.40800000000047,73.71800000000803,-283.9379999999998,117.58299999999906,-17.583999999999378,-305.16199999999856,-101.25699999999824,-8.667000000002645,-11.234999999999218,-0.9600000000002497,66.570999999999,-99.17299999999898,50.294999999999845,38.613999999995485,-50.41200000000004,29.071000000000424,56.68300000000386,-55.41699999999992,-1.214000000000226,52.572000000000685,-140.5179999999973,22.06199999999967,44.353000000000975,-2.3489999999981137,36.49100000000001,3.4480000000002065,-127.62600000000006,110.8019999999982,-24.328000000002703,-174.01300000000006,50.28799999999762,-11.176000000000386,-60.78299999999999,33.10400000000016,-35.73299999999904,-18.12499999999999,5.332999999998833,-11.73300000000097,-24.6610000000004,2.951000000001613,-1.3580000000004588,0.9200000000000764,-1.4110000000002287,-0.1579999999997028,-97.8506853932572,-193.7228651685409,-11.912483146068098,-63.71000000000038,49.02299999999968,45.62999999999988,-92.71700000000038,26.460999999997625,0.922000000002754,24.381999999998527,-78.06400000000053,1.062000000000296
278.6210000000011,-34.37100000000157,276.758000000018,218.39999999999972,-96.7410000000001,259.00899999999183,68.72099999999932,-186.991,197.51000000001116,192.0310000000001,-364.546,242.5050000000056,-121.9300000000004,-411.1350000000016,69.90999999998166,468.3839999999975,-661.4060000000002,310.033999999996,683.204,-345.8770000000001,171.79599999999482,-151.7629999999997,-39.49700000000291,65.74699999998757,-128.82800000000145,-352.77099999999564,119.88499999999932,13.965000000001735,-114.88200000000006,294.1040000000044,-66.03099999999813,-202.4000000000001,77.59399999999914,-244.6300000000008,134.41600000000165,-15.905999999995402,-315.479000000002,-105.84699999999998,-13.10999999999467,0.5500000000012051,-3.878999999999877,77.52100000000155,-100.53600000000245,55.50399999999911,37.35400000000482,-45.15999999999849,20.564999999999145,49.29500000000076,-61.775999999997566,-4.634999999998968,57.47999999999962,-31.664999999998145,-42.52600000000086,65.68599999999662,-7.75600000000054,27.191999999999982,-1.494000000000284,-131.588,115.0650000000013,-40.790000000004056,-65.46299999999903,74.51800000000048,-52.017000000000735,-70.6660000000003,32.79799999999966,-22.80600000000277,-17.75500000000001,7.027999999999679,-11.287999999998988,-25.16399999999948,4.305999999996857,0.7620000000002847,0.5199999999999427,3.798000000000457,-1.9850000000005248,-97.85068539326288,-193.72286516853947,-11.912483146068098,-68.85699999999986,50.58600000000126,45.65199999999976,-84.65799999999959,232.06300000000223,-37.087999999999965,-15.773999999998978,-5.279999999999063,7.372999999999763
301.69500000000085,-11.701999999999655,271.11799999997857,231.64899999999875,-114.91000000000042,245.9840000000213,82.97000000000025,-186.516,191.4549999999963,187.47400000000027,-376.7760000000002,239.68499999998585,-125.4160000000013,-421.0729999999984,69.9579999999969,461.9310000000013,-650.4819999999995,313.2569999999987,664.9489999999993,-319.3070000000006,189.25800000000663,-152.27999999999895,-30.604999999999905,65.96600000000308,-132.45399999999847,-336.78300000000263,123.23599999999716,2.6880000000005566,-88.20400000000035,302.20900000000483,-62.81900000000178,-211.13299999999956,74.43799999999783,-242.96199999999928,128.60399999999856,-34.76500000000442,-311.6039999999998,-115.23799999999936,-11.530000000004748,11.85999999999865,-7.388999999999868,76.3300000000072,-99.05499999999849,51.774000000003184,41.96799999999712,-38.86899999999969,27.72400000000061,51.03499999999599,-64.36800000000176,-2.8650000000013165,55.33400000000057,-84.23500000000104,-16.53400000000147,43.26000000000079,-3.2399999999995543,30.59700000000002,6.994000000000256,-120.58999999999996,110.02199999999787,-12.1159999999918,-169.3400000000004,51.55500000000188,-13.067000000000917,-61.98200000000007,36.51299999999935,-26.150000000001228,-20.569999999999972,8.9650000000006,-11.71900000000079,-27.20899999999986,7.236000000000331,1.9810000000006769,3.829999999999956,2.24799999999874,-0.0209999999995602,-97.8506853932572,-193.7228651685388,-11.912483146068098,-69.39700000000073,49.551999999997065,49.24299999999988,-93.55300000000072,22.571999999999548,-7.235999999994647,-12.398000000000309,-0.6339999999994461,7.535000000000025
316.7820000000006,-57.5240000000008,284.595000000013,250.64700000000076,-103.05800000000004,250.7200000000012,75.64100000000025,-228.412,196.00800000000615,194.83199999999957,-388.532,238.51300000001171,-151.83000000000106,-415.3310000000005,45.55700000000797,434.7769999999997,-670.5850000000005,306.3719999999876,649.3880000000004,-341.5679999999995,183.3250000000021,-151.15800000000092,-23.5779999999977,65.24699999999939,-148.04100000000062,-315.9940000000006,127.3010000000113,42.66499999999951,-67.01500000000067,309.8329999999919,-47.72799999999791,-221.302,80.78699999999799,-250.4539999999999,120.9179999999975,-35.809999999992215,-312.6829999999984,-117.26900000000455,-12.567000000001372,24.49799999999982,-12.902000000000058,79.21199999999544,-85.08500000000083,52.812000000000126,40.94499999999925,-45.54899999999975,22.9929999999996,54.81199999999831,-65.36899999999832,3.979000000001065,49.93399999999895,-103.17200000000072,-62.80299999999954,73.56200000000115,-5.340000000001055,37.521,-1.933999999999969,-104.9590000000002,108.46400000000358,-27.98999999999978,-53.7390000000002,72.5469999999973,-56.31099999999947,-55.54599999999965,33.8719999999995,-24.795999999997772,-17.870000000000008,1.332999999999629,-12.5780000000006,-26.235000000000497,2.138999999999669,0.484000000000151,-1.609999999999978,0.0210000000009813,2.5399999999997647,-97.8506853932572,-193.7228651685388,-11.912483146068098,-74.14899999999989,56.34000000000015,47.2440000000006,-92.40999999999956,17.69700000000114,-10.434000000003609,-14.489000000000374,1.877999999999247,3.421000000000163
362.8129999999999,-53.72000000000128,282.4100000000044,265.6899999999979,-101.27999999999986,253.89399999999117,97.80599999999993,-182.64999999999992,180.94499999999695,199.25500000000085,-402.0299999999999,232.51999999999956,-140.0369999999981,-431.0329999999993,58.130000000005566,447.693000000001,-644.6199999999998,306.2750000000051,610.8850000000003,-327.479000000001,224.7679999999832,-153.5730000000001,-12.814000000003034,63.57399999999416,-156.34299999999826,-297.58299999999736,129.43199999999706,85.95300000000066,-33.25399999999945,304.67499999999745,-49.14000000000272,-238.04599999999996,62.60300000000143,-243.06900000000056,120.68700000000376,-37.16400000000704,-313.8830000000013,-125.53099999999516,-11.852999999996428,22.820999999999003,-26.69700000000006,72.69300000000385,-100.88800000000047,44.482999999999606,45.80400000000395,-39.047000000002186,15.09399999999914,56.70800000000327,-62.33500000000163,-4.961000000000126,46.272000000000446,-154.0379999999999,-41.45000000000039,94.19599999999946,-11.626000000001111,28.679999999999996,4.2439999999999145,-103.77499999999957,116.2809999999979,-24.99400000000378,-169.76799999999983,56.96800000000053,-5.337999999994736,-54.53499999999991,30.60000000000116,-25.805000000002565,-21.094999999999995,8.549999999999613,-10.446999999999209,-27.624999999999744,6.329999999996971,-1.15600000000029,1.0500000000000398,-4.196000000000311,-3.459999999999752,-97.85068539326288,-193.7228651685388,-11.912483146068098,-75.27900000000045,50.20000000000096,52.409000000000106,-95.34500000000035,20.909000000000333,-13.48199999999906,-14.90399999999994,-3.059000000001788,3.842999999999108
366.3199999999989,-28.638999999998305,282.567999999992,278.09600000000216,-105.74799999999982,239.2340000000104,86.41700000000014,-187.27600000000004,180.27400000000853,198.64499999999907,-416.6340000000002,226.50100000000748,-141.1500000000018,-430.0889999999981,52.733999999986736,444.0489999999983,-642.6860000000001,303.44199999999546,593.5979999999986,-329.074,240.2410000000032,-148.49299999999914,-0.603000000000975,67.65200000002096,-198.5659999999996,-283.37099999999964,134.86299999999574,62.93399999999565,-12.708999999999548,321.83899999999994,-41.81599999999719,-248.84800000000095,73.19400000000087,-249.062,98.73599999999954,-32.42199999999684,-306.2919999999991,-123.46800000000258,-9.582000000000336,64.79100000000244,-15.683999999999898,97.74099999999636,-90.65099999999688,37.30899999999906,49.523999999996704,-38.39299999999923,13.757000000001083,65.09699999999725,-69.22599999999761,-11.033000000001891,52.12000000000074,-35.30900000000088,35.7670000000013,-3.343000000000984,-5.793999999997368,34.97999999999999,3.721000000000174,-84.59000000000003,104.713000000001,-26.33699999998953,-32.90900000000079,70.62999999999988,-62.12500000000887,-53.01100000000005,30.49699999999973,-24.508999999994785,-13.830000000000007,5.214000000000851,-12.037999999999728,-25.617000000000445,3.8690000000030977,-3.869000000000256,1.776999999999962,0.2530000000007248,-0.0320000000002096,-97.8506853932572,-193.7228651685416,-11.912483146068098,-75.19399999999905,55.71999999999946,48.11399999999821,-82.90500000000023,-242.2680000000014,46.46600000000376,-10.769999999999412,1.6430000000013931,-0.3639999999990095
390.4969999999992,-2.665999999999258,277.96599999999216,283.25499999999977,-94.00300000000072,261.5479999999934,93.44699999999904,-189.57,169.9579999999969,198.1110000000001,-421.284,221.48500000000692,-147.820999999999,-435.5000000000018,50.04900000001271,433.498000000003,-647.0279999999999,298.7790000000132,567.3850000000001,-351.4650000000003,240.2220000000057,-136.89200000000028,11.075000000002431,60.484999999994216,-170.56700000000262,-227.1280000000047,128.0029999999897,60.026000000002,12.24500000000006,321.3680000000068,-36.58000000000072,-257.4609999999993,62.8659999999968,-231.77599999999927,308.33399999999926,26.71500000000151,-326.0230000000007,-117.66400000000203,-15.876000000002932,56.81500000000028,-25.345000000000084,91.34000000000242,-80.7360000000017,35.24500000000046,46.12099999999941,-29.659999999998377,3.645000000000209,58.292000000000144,-17.313000000001466,-87.2889999999984,64.61099999999931,-165.88600000000042,-55.53499999999758,80.94800000000077,-3.76900000000262,28.656000000000013,5.438999999999794,-80.70599999999999,105.11399999999897,-25.18300000001545,-92.64599999999987,60.462000000001126,-33.01399999999717,-53.08999999999955,30.758000000000152,-22.458000000005995,-16.87700000000003,6.485000000000696,-11.136999999999375,-21.96699999999936,-0.9399999999970988,11.943999999999733,-0.4160000000000607,-0.0770000000017034,2.5509999999997035,-97.85068539326288,-193.7228651685388,-11.912483146073782,-73.98100000000056,52.89500000000089,45.834000000002106,-61.67899999999946,12.62700000000052,-9.171000000009144,-11.070999999999742,1.0179999999991196,0.8240000000000691
418.2600000000008,-42.0960000000008,282.66600000001745,313.0919999999975,-110.09799999999927,237.90200000000823,93.01300000000056,-190.56700000000023,164.086999999995,201.14500000000103,-435.2409999999999,219.8359999999866,-148.01099999999963,-443.50200000000086,46.12999999999374,478.44499999999925,-639.027,309.375,571.4000000000012,-291.8369999999996,267.16900000000123,-189.57699999999988,47.614999999998986,49.487999999996646,-226.5519999999981,-224.30099999999695,130.7610000000068,148.58600000000024,47.78699999999958,318.11500000000024,-34.821999999999775,-256.2240000000003,70.42199999999639,-229.6310000000005,158.635000000001,-21.60599999999704,-316.5719999999993,-125.97999999999844,-10.411999999996624,64.08199999999908,-63.47799999999992,65.47799999999597,-76.32399999999961,26.0249999999985,52.98500000000104,-24.33200000000113,0.6699999999995043,62.05100000000243,-112.06300000000056,51.3300000000001,24.510000000000787,-98.8379999999978,162.67899999999713,-50.055000000000405,0.5740000000002965,40.777000000000015,5.545000000000044,-72.59299999999982,100.33400000000086,-25.85399999999254,-79.07900000000012,52.56899999999973,-33.267000000000735,-40.539000000000414,27.540000000001896,-24.849999999997863,-16.077999999999992,2.6809999999983347,-15.061000000000035,-23.76199999999997,7.742999999999256,-17.767999999999518,3.8320000000001455,1.795000000001323,-0.5719999999996617,-97.85068539325152,-193.7228651685388,-11.91248314605673,-75.00699999999938,51.96300000000065,48.79499999999979,-64.85500000000002,9.471999999999523,-11.037999999996371,-11.41099999999966,-6.377000000000521,1.910999999999774
437.19199999999887,-4.761999999999489,286.2429999999904,320.94900000000166,-106.26699999999973,242.6150000000007,94.41599999999966,-193.63199999999983,160.09500000000116,200.32099999999812,-453.1450000000001,209.19200000000728,-151.5989999999988,-438.34400000000073,41.858000000002,373.9199999999983,-655.464,283.56999999998607,532.2239999999994,-342.9549999999992,234.4479999999976,-134.30500000000052,39.79300000000024,79.25999999999931,-222.71900000000076,-182.1010000000001,120.4719999999952,73.38100000000054,67.27400000000046,322.36299999999574,-29.722000000001003,-265.0890000000004,69.92200000000821,-223.9850000000004,173.4129999999965,-20.801000000005843,-314.0209999999996,-124.8260000000016,-10.333000000002812,89.12499999999852,-56.413000000000224,82.90399999999636,-70.13400000000019,17.801000000002887,47.10700000001111,-14.359999999999218,-10.84900000000033,60.23000000000138,-19.968000000000075,-82.02500000000015,48.35799999999893,-103.1090000000006,-200.30399999999705,114.00600000000054,0.755000000000905,25.44099999999996,6.262999999999863,-63.07700000000054,104.40699999999909,-28.796999999997297,-79.41199999999924,49.12300000000016,-31.00600000000213,-37.8460000000004,22.187999999999874,-24.30400000000077,-12.923000000000018,2.1860000000003765,-14.118000000000563,-22.851,-2.0050000000026102,-12.466000000000577,1.8969999999999487,-3.2400000000009754,-3.4679999999994493,-97.85068539326004,-193.7228651685388,-11.912483146068098,-77.3210000000006,51.44399999999792,43.765999999999394,-60.34500000000023,-2.236999999999512,-9.769000000000004,-7.924000000001286,-7.024999999998727,0.3569999999996298
464.8870000000017,-20.61600000000112,287.4390000000176,329.6279999999996,-118.80299999999976,231.8479999999909,96.14600000000024,-197.481,150.23200000000543,196.52700000000323,-462.1169999999999,208.7769999999864,-154.40499999999986,-447.9799999999983,38.03699999998571,450.5280000000028,-643.634,296.4230000000043,530.077,-343.61300000000057,236.04100000000017,-124.06900000000007,53.02800000000048,54.6139999999923,-233.46099999999976,-152.3869999999988,116.47900000000392,153.4009999999995,100.55599999999885,316.3149999999973,-28.666999999998666,-266.00799999999793,69.92199999999684,-212.27599999999995,168.47300000000303,-23.241999999993368,-315.0190000000009,-123.6659999999972,-10.308999999995194,93.6790000000002,-61.28399999999985,80.12099999999691,-60.99100000000135,5.787999999998306,52.141999999992095,-5.113000000000056,-20.465999999998985,60.49199999999928,-114.85000000000127,30.19800000000004,28.48200000000105,-99.39099999999996,-13.853000000003137,15.796000000000276,5.172999999999206,32.09199999999996,10.717000000000354,-45.34299999999973,93.59500000000054,-31.890999999995984,-135.61600000000027,33.17399999999964,-6.3049999999975626,-39.671999999999485,19.050999999998908,-23.98099999999772,-16.08799999999997,3.803000000002044,-14.694000000000074,-23.86100000000013,-2.494000000001506,-5.892000000000053,2.2999999999999687,-4.16399999999868,2.5069999999992376,-97.85068539325437,-193.7228651685388,-11.912483146068098,-74.24899999999752,57.61600000000158,41.98499999999967,-59.46500000000015,-23.61600000000124,-6.729000000001406,-36.24999999999972,48.892000000000735,4.415000000000191
492.6359999999988,-23.884999999998517,290.84499999999025,344.85799999999927,-103.51200000000205,256.97099999999864,91.67699999999996,-202.7000000000001,142.85899999999856,200.9969999999981,-465.85800000000006,198.84000000001836,-146.87800000000095,-468.9580000000007,53.26000000000022,355.016999999998,-660.4409999999998,276.9900000000007,523.0469999999997,-317.25999999999954,247.4249999999984,-125.19499999999935,65.34699999999987,54.49200000000474,-248.58700000000056,-118.46899999999891,107.64200000000984,155.13300000000072,122.49500000000069,306.40900000000784,-30.12200000000007,-267.69800000000146,66.57699999999522,-263.6009999999999,266.87100000000044,-30.732000000000426,-312.73999999999944,-118.03300000000264,-10.504000000003089,93.39099999999974,-67.18399999999995,73.46200000000636,-38.25099999999964,1.2100000000003774,47.90999999999599,-9.55200000000218,-29.01800000000065,65.86300000000165,-61.998999999997295,-24.826000000000192,36.0519999999994,-103.57499999999789,-22.171000000000163,14.70199999999977,13.733000000001994,31.40300000000007,15.225999999999829,-44.44200000000009,98.3140000000006,-32.80600000000504,-0.923999999999836,67.7109999999999,-50.34400000000119,-39.9160000000002,16.73799999999801,-21.96099999999888,-14.48299999999998,4.303999999999064,-13.513000000000376,-21.88900000000018,-1.5929999999968911,-8.243999999999119,-1.4040000000000497,-3.0799999999999272,0.1950000000000784,-97.85068539326574,-193.7228651685388,-11.912483146062414,-71.7880000000008,46.11500000000035,40.70600000000013,-53.99200000000022,-24.14100000000019,-18.52400000000216,12.610999999999706,-58.81200000000035,-2.603000000000577
521.1000000000013,-32.701000000000136,291.7109999999866,346.9220000000007,-135.705999999999,220.0800000000072,92.77000000000017,-202.92600000000007,138.52500000000418,199.391,-474.135,194.3849999999884,-162.075999999999,-445.8580000000012,25.464000000010856,415.485000000001,-652.0630000000001,281.77499999999327,475.4320000000007,-434.1589999999997,214.12299999999505,-123.00800000000152,84.26699999999983,48.81600000001072,-260.0609999999989,-82.779000000005,97.44899999998324,172.1480000000014,142.96899999999937,293.96399999999403,-29.438000000001807,-271.18700000000047,64.58800000000338,-181.3919999999996,139.97799999999927,-2.9539999999997235,-308.7339999999997,-112.6890000000003,-13.51399999999785,116.27100000000326,-79.52000000000012,69.57400000000007,-61.193999999998994,-28.29499999999996,41.93700000000149,18.593000000001325,-31.71800000000076,53.47299999999677,-58.469000000002325,-38.14100000000025,27.10699999999946,-123.12600000000202,-80.89499999999816,-14.562999999998285,37.90899999999908,34.83300000000003,19.270999999999816,-61.10100000000003,123.9539999999991,-15.783999999996468,-65.61999999999983,44.8820000000012,-27.94799999999782,-39.1449999999999,16.459000000003243,-15.4420000000016,-5.767999999999995,-0.1519999999999299,-11.472999999999445,-21.90999999999974,0.6379999999978736,-6.623000000000445,3.1220000000000248,-3.8340000000005143,-1.578999999999553,-97.85068539325437,-193.72286516854305,-11.912483146073782,-69.34100000000285,52.32499999999902,32.2250000000011,-55.039000000000016,-26.00399999999752,-11.473999999986972,-7.524999999999693,-10.917000000000598,3.6659999999997694
545.4970000000003,-21.527000000000385,294.36000000000604,352.1969999999982,-123.62899999999968,234.70499999998535,89.3259999999998,-208.352,128.99199999999382,190.74099999999987,-479.88,182.58100000000468,-165.8990000000017,-439.7399999999976,25.024000000007614,395.4650000000015,-668.8760000000002,277.72200000001703,467.9630000000003,-375.8350000000007,242.1820000000025,-134.01299999999878,103.09599999999932,35.65699999999197,-268.12299999999993,-44.89999999999554,94.38400000001366,184.41499999999564,191.8670000000006,302.8679999999895,-25.289000000000783,-267.5240000000002,62.370999999996,-197.4610000000013,144.2479999999989,-28.59500000000708,-306.34700000000095,-107.49199999999632,-8.849999999995362,110.39099999999848,-85.2129999999999,58.34899999999834,-39.50100000000134,-36.39599999999916,39.27899999999909,3.165999999998803,-53.3079999999984,57.81499999999937,-61.91699999999969,-53.82099999999923,23.263000000000037,-75.38200000000188,-20.058000000003062,25.97199999999873,48.18600000000117,26.759999999999984,33.868000000000364,-17.150000000000176,79.89600000000081,-34.491000000002714,-65.45300000000083,46.831000000000245,-24.045000000000982,-29.010000000000247,16.538999999997372,-24.110999999999198,-18.57700000000002,-2.562000000000353,-11.3900000000001,-19.483999999999924,-7.384999999999309,-5.492999999999881,-0.5449999999998845,-4.55999999999932,2.2009999999994534,15.54700000000082,-232.9340000000002,33.07500000000232,-67.56399999999871,45.14900000000068,30.13599999999883,-43.535999999999575,-16.313000000002376,-5.433000000010679,-10.439999999999827,-8.20099999999968,-2.5029999999986785
577.0889999999994,-32.18699999999899,292.7619999999933,366.2560000000013,-136.24499999999955,222.38700000000333,83.65500000000026,-209.7769999999997,125.67199999998591,184.0280000000007,-485.376,178.18600000000515,-158.18699999999808,-441.18100000000027,18.02999999999884,323.5990000000015,-685.7939999999999,253.6129999999957,453.06700000000006,-374.3449999999996,261.8280000000027,-111.77399999999976,106.06500000000096,46.15499999999884,-278.0090000000001,-8.76800000000344,85.6939999999895,203.76900000000265,199.127,274.7190000000046,-15.29999999999916,-263.50300000000004,61.493000000007214,-225.13099999999892,187.7880000000005,-46.02599999999484,-296.22799999999927,-104.42199999999956,-11.786000000006425,180.304000000001,-150.2600000000001,40.90600000000677,-33.32399999999893,-52.16000000000065,33.044000000001006,9.087999999999852,-61.58300000000168,44.17399999999816,-55.031999999999925,-70.98700000000093,14.562000000000808,-96.62099999999896,-71.04099999999676,-8.328999999997677,62.4449999999996,23.05799999999998,39.95800000000003,-13.673999999999609,90.8329999999978,-29.77899999999636,-72.332999999999,48.78999999999962,-23.79799999999932,-36.38399999999962,11.068000000000213,-18.699000000003707,-12.454999999999972,-0.9839999999996962,-12.487000000000137,-22.072000000000003,-5.7799999999986085,-7.573999999999614,0.5619999999999514,-4.300000000000637,-0.0569999999996184,15.557999999998628,-590.0620000000004,-31.60399999999868,-67.28400000000079,26.46499999999889,27.54200000000111,-41.13900000000044,-15.918999999999528,-7.961999999997715,-14.07700000000034,-10.812000000001376,3.252999999999417
602.6600000000002,-46.34200000000135,292.7610000000186,368.1690000000003,-134.49800000000067,223.6940000000004,82.7060000000003,-210.2450000000001,120.23900000001504,178.05399999999736,-481.9989999999999,172.6799999999912,-165.26800000000037,-431.49099999999976,16.185999999993328,383.92899999999486,-681.7259999999998,270.87400000000343,431.78899999999913,-371.15800000000047,278.2899999999927,-105.7389999999998,113.99399999999956,43.54200000000219,-275.0050000000016,32.355000000001155,74.1570000000138,234.2829999999992,221.5499999999992,261.34700000001203,-20.04900000000021,-265.7359999999997,55.99399999999832,-193.76900000000035,119.72699999999747,-22.67500000000382,-287.9950000000008,-100.63800000000356,-12.072000000000571,116.32399999999734,-113.74299999999948,40.74099999999135,-9.72799999999978,-57.82000000000096,27.60400000000232,9.104000000002088,-86.84099999999972,40.99500000000376,-54.843999999997095,-83.58199999999982,6.9710000000000605,-106.84699999999908,-84.49400000000082,-18.50700000000245,74.90499999999827,18.63999999999999,65.51800000000014,-12.429999999999808,96.79300000000096,-24.603000000013253,-57.82400000000081,50.92400000000055,-25.69599999999923,-36.16099999999989,20.04100000000335,-21.38599999999542,-17.103,2.7050000000002683,-14.40900000000056,-26.70700000000039,-1.9040000000018156,-7.001999999999953,0.2309999999998702,-4.979000000000156,-2.832000000000079,46.91850000000102,-215.28599999999895,32.88549999999759,-73.35799999999892,17.94800000000123,22.473999999999705,-44.96299999999991,-9.387000000000969,-12.963999999999489,-10.75999999999908,-6.564000000000192,-0.2219999999994115
626.7330000000001,-56.81299999999965,292.7729999999883,378.7459999999996,-140.96699999999913,213.5740000000169,66.39300000000077,-224.5490000000004,131.61599999998543,183.76300000000185,-478.478,168.78699999999753,-161.6500000000002,-430.7020000000023,10.584000000017111,316.44299999999816,-691.7500000000003,247.75399999998623,409.53500000000247,-385.4419999999997,283.00800000000663,-95.03400000000111,120.535000000001,43.68900000001759,-292.51199999999926,62.24300000000085,61.71899999999368,221.13000000000227,245.1260000000005,250.4879999999957,-19.913999999999987,-263.91800000000103,47.949000000005526,-94.70599999999934,285.4350000000039,-6.835999999998421,-283.65499999999884,-99.00199999999586,-13.629000000003089,117.37300000000062,-107.5160000000004,33.00200000001041,9.84899999999982,-42.450999999999794,30.72799999999916,17.694000000000187,-102.64099999999983,31.6949999999963,-27.51100000000406,-180.96299999999985,7.501999999999498,-105.5170000000004,-112.5329999999991,-17.322999999998956,75.26400000000137,-8.12299999999997,87.7529999999993,8.434999999999349,95.6460000000007,-31.87899999999217,-63.19900000000018,65.34899999999766,-22.503000000000384,-29.968000000000217,23.52499999999793,-21.057000000001835,-16.691000000000056,2.416999999999802,-10.832999999999515,-23.292,1.6990000000021157,-5.416999999999916,0.9520000000001972,-4.341999999999757,-0.1609999999999445,46.918499999998176,-215.2860000000004,32.88549999999759,-66.3090000000011,-4.032000000000835,17.59100000000018,-42.11999999999989,-16.49799999999857,-8.267000000000735,-31.1230000000009,33.25000000000102,4.648999999999148
647.9010000000002,-60.46899999999766,296.33799999999155,381.7870000000013,-136.5470000000002,215.1489999999967,83.82999999999896,-210.83499999999975,114.67300000001616,168.4519999999992,-505.42300000000006,164.038000000005,-161.16600000000005,-421.8989999999991,8.910999999989144,313.71800000000576,-693.5600000000001,244.28700000000845,389.1849999999977,-399.14800000000025,285.07700000000114,-82.36599999999896,124.07100000000072,38.95299999999224,-287.75100000000293,103.02199999999856,51.69699999999011,246.66199999999776,267.01300000000003,244.1469999999981,-19.49599999999805,-259.7139999999968,49.37199999999393,-143.56700000000018,175.30500000000018,-17.33400000000529,-275.330000000001,-100.03399999999942,-16.584000000000287,114.4440000000003,-115.37800000000048,34.179999999992106,-49.512,-86.2259999999992,17.903999999998632,26.291999999997984,-116.7180000000002,27.622000000002345,-53.80899999999542,-140.43999999999954,-6.0940000000002215,-110.59899999999914,-148.21000000000026,-13.98499999999956,92.78699999999844,-21.90000000000003,114.63500000000052,-5.803000000000225,119.35900000000004,-15.697999999997592,-55.6759999999997,70.67300000000216,-22.7450000000033,-24.356000000000225,33.95399999999995,-19.819000000001097,-16.380000000000017,5.384999999998286,-8.811000000000035,-23.32800000000006,-5.065999999999349,-3.7110000000012633,3.192999999999824,-2.2370000000009327,1.8329999999998847,-7.981999999998379,-314.54999999999984,-8.263999999991256,-63.92199999999946,-22.07300000000032,16.454000000000235,-29.211000000000094,-18.56699999999876,-10.527999999999338,9.791000000001304,-46.661000000000286,-0.0879999999995106
685.0219999999993,-40.08500000000197,286.8650000000116,391.104,-141.48100000000028,214.4900000000007,82.03100000000063,-201.29400000000004,106.0420000000022,183.16400000000212,-504.0110000000002,161.9509999999991,-159.10100000000114,-424.6739999999989,5.652000000009139,277.1609999999953,-707.8029999999998,231.7139999999881,374.4700000000023,-407.35099999999954,288.65299999999934,-75.64199999999914,127.40000000000008,40.685999999982414,-287.8489999999971,134.77100000000064,34.53400000000784,264.264,287.1600000000001,232.1839999999952,-2.382000000000062,-256.0560000000009,44.63500000000522,-133.18099999999902,177.20699999999852,-19.68999999999141,-272.57299999999987,-74.65500000000134,-27.83199999998942,116.95899999999996,-124.0559999999995,25.036000000000055,19.19099999999929,-70.97300000000075,18.94300000000157,29.6100000000024,-128.31599999999952,21.88400000000001,-88.39399999999955,-134.37899999999985,-11.889999999999644,-177.4579999999986,-232.33299999999983,-42.40300000000161,124.06500000000165,-29.244000000000003,139.45899999999938,17.1200000000006,110.25199999999984,-26.519999999993612,-46.99499999999972,76.19499999999846,-24.37999999999647,-26.64299999999997,38.8069999999999,-14.671999999995933,-18.213999999999952,3.155000000000996,-9.42399999999992,-24.022999999999683,1.6179999999963002,-6.593999999999767,-1.8559999999999024,-4.386999999998409,1.4629999999996812,63.77899999999954,-224.7,26.559999999994943,-71.5769999999992,-45.826999999999884,13.889999999999247,-28.285999999999945,-14.332999999999174,-10.233000000005177,-10.466000000000976,-12.51399999999876,-1.6730000000009682
677.2660000000002,-94.35400000000128,292.8470000000061,402.1429999999995,-154.204,197.44899999998324,76.24299999999948,-198.23299999999972,103.7599999999884,213.2409999999993,-479.57500000000016,194.8120000000017,-158.32200000000114,-420.4790000000002,4.759999999987485,296.1880000000008,-713.4140000000002,234.08200000001216,362.15699999999913,-421.9110000000004,289.83200000000124,-65.87800000000072,131.4869999999985,38.32999999999629,-286.58299999999883,172.67800000000193,23.424999999997453,284.7610000000003,299.35799999999944,219.62200000000396,-12.555000000000405,-255.7230000000004,33.35499999999456,-123.82800000000174,184.75899999999967,-17.559000000005653,-261.3759999999999,-86.20900000000233,-27.28900000000749,222.57199999999955,-238.382,15.515000000004877,-8.579000000000292,-76.84999999999889,15.744000000000824,36.15599999999972,-144.93499999999955,12.527000000000044,-34.12500000000023,-254.04800000000023,-8.465999999999951,-134.64400000000296,-178.87599999999964,-24.181999999998997,157.47399999999914,-53.07499999999998,158.31800000000058,9.57599999999914,128.81200000000064,-10.730000000000928,-43.957000000000335,76.48300000000177,-14.496000000002596,-9.199999999999877,36.33100000000127,-17.716000000001486,-17.677999999999994,4.034999999998945,-9.150999999999954,-26.868999999999943,3.702000000004091,-3.869000000000256,4.390999999999945,2.7209999999996626,-2.1249999999994884,24.40499999999872,-202.63450000000063,12.18099999999822,-121.54600000000072,-69.84399999999766,39.08799999999957,-25.93999999999994,-18.35800000000063,-9.78099999999813,-7.876999999999157,-4.805999999999244,2.544000000000324
695.7360000000008,-106.92300000000046,293.28599999998914,410.8159999999998,-144.8980000000006,208.7890000000016,93.82399999999932,-195.1270000000001,102.18499999998583,186.357000000001,-511.1959999999996,155.4200000000037,-159.42799999999693,-414.8510000000016,3.589000000010856,236.1760000000004,-723.4740000000002,207.7639999999974,347.9639999999989,-427.966,283.74599999999646,-56.01800000000026,131.2659999999994,36.32800000000316,-280.6690000000003,208.01099999999903,10.608000000001994,279.2870000000022,352.38800000000055,247.357999999997,58.56599999999901,-245.4090000000008,49.25000000000637,-85.90300000000042,124.8139999999978,-5.439000000001215,-255.40400000000005,-82.36400000000117,-26.9649999999956,142.26099999999917,-159.7510000000007,15.301999999996951,-8.908000000000982,-80.39100000000303,16.393999999996822,43.06399999999826,-161.948000000001,13.519999999999754,-88.1710000000055,-235.00099999999972,-5.647000000000446,-148.24800000000096,-228.4910000000025,-24.58000000000027,184.86699999999985,-95.06,137.79499999999985,31.224000000000277,125.56299999999963,-16.2900000000036,-30.579999999999075,78.93599999999878,-18.88500000000022,-10.77500000000029,35.146999999997774,-15.259000000003198,-15.063000000000049,5.325000000001978,-6.801999999998998,-13.57100000000031,28.670999999997093,-19.58699999999993,4.496000000000056,-3.125,-1.8129999999999316,24.405000000001564,-202.6344999999992,12.18099999999822,-23.96399999999801,-104.97700000000236,-11.77899999999994,-11.379999999999768,-14.88300000000038,-10.586000000000697,-8.454000000000406,-7.956000000001495,-0.6439999999997781
704.361999999999,-161.6459999999989,290.78400000000784,419.7599999999994,-150.61399999999878,201.50100000000748,81.79499999999962,-154.67100000000045,71.36200000002191,180.79699999999832,-520.4219999999999,154.5889999999872,-155.9560000000019,-408.2839999999976,0.8910000000014406,220.47400000000152,-736.9,202.86800000001224,331.11800000000073,-432.525,277.89900000000216,-43.19500000000005,138.22800000000086,37.926999999990585,-274.42000000000064,241.22899999999845,4.687000000012631,293.1329999999974,355.941,233.21500000000697,-63.86300000000063,-264.0269999999987,14.885999999989965,-138.38899999999938,238.12100000000385,-15.42299999999841,-250.5240000000001,-79.77899999999636,-27.502000000004045,146.0010000000011,-158.37799999999973,17.601999999999407,-86.35199999999799,-60.1949999999988,-6.432999999998401,46.40400000000113,-180.4089999999988,8.815999999995938,-43.075999999996384,-333.18299999999965,-0.7989999999992392,-155.68899999999817,-271.678,-0.8170000000006894,193.33400000000157,-150.251,107.67600000000002,35.03000000000043,128.95400000000024,-15.796000000000276,-84.35200000000123,79.8940000000016,-9.389999999996236,1.523000000000252,33.355000000000246,-15.746999999998934,-16.15000000000002,3.821999999999548,-4.885000000000161,-23.722999999999672,3.5370000000000346,-1.3169999999988136,4.118999999999939,-2.704000000001372,-2.237000000000222,34.260000000000446,-322.6470000000006,-5.077999999997473,-68.68400000000179,-136.67199999999866,14.361000000000956,-6.728000000000378,-15.910000000002356,-6.103999999999132,-6.922999999999036,-10.009999999999764,0.9000000000000341
714.9900000000002,-126.59699999999816,283.7279999999964,430.295000000001,-157.74800000000084,189.4900000000007,101.67800000000112,-182.9459999999997,112.97700000000076,186.25199999999893,-521.7390000000001,156.05500000001484,-158.37800000000044,-412.8710000000012,1.0139999999864813,181.95200000000116,-758.095999999999,186.2919999999804,329.8839999999984,-435.0519999999997,275.7569999999987,-34.920999999999935,143.7330000000003,34.815000000025975,-271.1299999999994,285.4190000000017,-6.396000000017921,319.04200000000174,373.9440000000002,232.8610000000026,62.5079999999997,-235.76400000000035,52.67900000000054,-88.48899999999986,206.0609999999997,-5.420000000003711,-234.55499999999887,-87.1340000000032,-23.963000000003376,73.91499999999951,-194.567,47.60800000000245,76.99399999999912,-96.07000000000028,39.90999999999758,49.64300000000037,-197.80200000000008,2.0780000000058862,-121.13299999999754,-372.2520000000003,3.3900000000002706,-160.26399999999796,-292.2409999999985,-1.426000000000727,204.23600000000025,-220.788,127.54100000000008,58.82700000000085,112.05799999999896,-32.64800000000605,-11.77899999999994,67.03899999999692,-12.475000000000591,-2.201999999999771,25.210000000001287,-11.547999999999092,-14.975999999999967,4.421999999999571,-7.350000000000989,-23.51900000000029,-1.3640000000009422,-8.607000000000653,1.5270000000001005,-1.221999999998502,2.125999999999806,40.51800000000014,-331.26199999999955,4.153000000002294,-102.50499999999931,-175.2350000000007,29.041999999999742,-2.535999999999916,-20.911000000000968,-12.5,-6.954000000000349,-2.869000000001165,0.7570000000001187
717.203,-162.16900000000294,279.004000000009,440.76400000000007,-152.13799999999935,205.370999999991,117.13400000000009,-177.98599999999993,106.48200000000544,177.57700000000227,-525.9929999999997,145.09299999999712,-157.02099999999888,-402.4259999999998,-0.878999999986263,190.1520000000005,-759.0090000000004,176.44000000000233,326.4859999999999,-426.735,259.97300000000223,-21.637000000001198,149.93299999999863,36.10799999999017,-275.9749999999997,292.016000000001,-15.34399999998186,328.4230000000008,385.9739999999988,235.39499999999407,-52.358999999998446,-282.10599999999886,2.52100000000155,-79.05299999999897,212.96899999999823,5.072000000006938,-280.71900000000056,-13.08599999999842,-4.85799999999017,196.7830000000021,-147.21100000000007,32.73299999999608,-53.16399999999959,-49.17999999999836,10.153999999999996,60.78799999999944,-223.95000000000067,2.886999999998352,-44.47000000000117,-435.005000000001,12.100999999999829,-161.36700000000133,-331.3970000000012,4.073999999999955,274.8699999999985,-206.22100000000003,-2.9810000000004777,44.44899999999876,143.1260000000009,-10.051999999996042,51.34900000000045,50.70100000000082,-15.820999999999684,0.1879999999999881,23.79300000000057,-4.289999999997463,-11.072999999999931,3.535999999999717,-4.364999999999952,-27.835999999999927,-36.77099999999882,13.03000000000054,2.427999999999919,-1.3580000000004588,0.6810000000001537,36.330999999998426,-481.7160000000001,-34.668000000004895,-54.33799999999849,-199.14500000000143,11.44000000000034,4.910999999999888,-22.027999999997405,-3.3050000000059754,-3.277000000001351,-9.003999999998769,2.598000000000411
703.058,-147.21299999999928,275.9889999999814,442.5529999999995,-163.90499999999977,191.3819999999987,123.39999999999948,-177.4239999999999,109.728999999993,183.6119999999994,-527.091,141.74800000000687,-163.60600000000005,-403.5870000000017,-4.5050000000173895,140.45399999999972,-785.454,163.51400000000922,319.7890000000001,-437.25000000000006,254.13899999999785,-13.403999999999884,157.84600000000069,37.24400000000969,-255.6640000000016,336.090999999999,-20.765000000005784,350.8159999999976,414.9180000000016,245.2080000000024,13.477000000000317,-254.1550000000001,34.36300000000756,-69.1040000000001,223.7710000000021,9.15499999999838,-238.37599999999952,-52.62700000000109,-16.705000000001746,167.9489999999987,-148.95199999999988,19.0490000000068,50.57599999999951,-102.39400000000104,30.096000000003187,65.9480000000002,-238.0979999999994,-2.675999999996748,-64.48700000000258,-425.62899999999786,11.284999999999457,-154.91300000000194,-359.8569999999995,14.15500000000236,243.15300000000093,-336.064,139.75699999999946,51.80400000000063,125.08900000000123,-20.72799999999688,-3.1769999999994525,49.9590000000012,-11.78300000000263,-28.529999999999944,53.02099999999825,-20.25800000000117,-11.024999999999974,0.119000000000824,-3.570999999999458,-7.851999999999748,27.627999999998565,-17.450000000000898,6.747000000000103,-5.841000000000918,2.0369999999999777,55.40499999999895,-294.94200000000035,14.859000000001288,-45.38800000000265,-234.0849999999989,10.990999999999929,6.012000000000484,-17.0739999999995,-8.550999999994247,-5.637000000000114,-12.781000000001086,2.702999999999633
732.6830000000001,-227.53700000000092,280.62700000000405,467.4049999999994,-163.65800000000092,207.97099999999773,144.5760000000007,-176.39400000000052,112.81699999999546,169.559000000001,-525.5449999999996,141.7109999999866,-159.9720000000005,-394.9569999999994,-6.468999999992775,134.6369999999979,-786.8819999999985,149.60899999998674,316.771,-429.16399999999993,235.7849999999985,-2.181999999999107,170.2050000000014,37.633999999980006,-249.34999999999832,365.9940000000006,-21.019999999998618,337.1190000000013,432.3459999999997,257.0320000000038,58.64699999999914,-257.99100000000124,35.33899999999903,-89.30100000000039,127.3779999999988,-48.16299999999956,-245.7930000000005,-50.69300000000112,-23.072000000001932,163.72499999999943,-146.85699999999997,3.345000000001619,-23.278999999999428,-49.71399999999733,8.605999999997493,77.13200000000029,-249.53100000000035,-5.957000000000789,-61.24899999999798,-463.7830000000008,6.619999999999493,-158.33999999999833,-386.57699999999977,19.65199999999641,248.90800000000013,-361.22600000000006,97.13900000000066,69.84899999999996,121.68399999999906,-21.42300000000432,-3.4400000000005093,58.562999999998056,-10.318000000000891,6.534999999999513,-0.3550000000018372,-4.858000000001539,-11.521000000000114,1.958999999996536,-3.2980000000009118,-22.744000000000145,-31.47299999999973,10.795000000000243,0.3259999999999152,-1.8159999999994625,-3.569999999999851,32.01500000000124,-253.90299999999968,17.608999999998787,-35.72499999999934,-246.62099999999896,4.916000000000054,10.546999999999684,-22.58600000000115,1.148000000000593,-6.396999999998343,-4.63799999999992,2.143999999999835
717.9839999999998,-198.23299999999904,278.6740000000009,471.6980000000007,-182.4919999999992,187.11000000000692,148.0649999999997,-141.1519999999996,99.98799999998482,182.28599999999915,-531.8270000000012,134.57100000000537,-166.03000000000063,-391.28800000000297,-6.872999999995955,92.89899999999987,-806.7030000000017,134.375,321.0880000000003,-426.973,223.2600000000048,5.017000000000849,175.81699999999785,42.444000000000415,-235.27100000000016,399.5359999999948,-22.095000000012988,394.7969999999998,427.24800000000016,252.1419999999921,-14.113000000000396,-278.1400000000019,11.462999999992007,-50.48199999999952,242.0909999999992,9.185999999999694,-235.12500000000077,-46.92999999999756,-19.05500000000302,195.81000000000017,-149.86400000000015,16.22899999999845,25.834999999999297,-67.03600000000165,20.88600000000156,86.82699999999954,-262.1290000000002,-7.717999999999847,-78.4089999999992,-468.9220000000006,0.4140000000006694,-161.2230000000011,-400.2010000000013,16.87000000000012,320.5959999999976,-354.097,1.9609999999993024,98.54800000000026,84.29199999999923,-41.638000000000375,-0.9850000000000136,43.24600000000203,-9.535999999997102,29.9669999999999,1.878000000002089,11.932000000001608,-10.49699999999998,1.376000000001909,-3.413999999999362,-10.133000000000436,31.677000000001957,-24.39899999999966,2.366999999999919,-4.851999999999634,0.7359999999998479,57.040000000000646,-352.57900000000006,-0.0119999999867559,-63.23900000000151,-238.89700000000005,-16.8270000000021,7.851000000000141,-26.93700000000092,-5.193999999994503,-6.6770000000005325,-6.568999999998937,1.153000000000759
708.625,-223.27599999999848,276.07499999999163,475.6839999999997,-183.8000000000008,213.34199999998876,165.94199999999972,-174.04499999999956,115.52700000002004,174.14999999999736,-534.0540000000004,128.71099999999842,-170.89599999999905,-417.8579999999954,-2.087000000005901,100.848000000002,-801.2740000000022,126.34300000001986,322.4490000000003,-430.485,201.8799999999942,14.032000000000266,189.59700000000052,45.99600000001374,-222.508000000002,426.85800000000427,-22.70499999999629,482.2489999999988,444.0769999999993,280.2120000000059,57.49100000000169,-255.46799999999905,36.2730000000056,-34.08500000000032,247.32700000000136,32.06199999999626,-231.6119999999998,-44.0339999999992,-19.27499999999327,204.5310000000001,-151.8659999999997,10.675000000003363,36.05500000000035,-72.77699999999925,15.952000000004318,97.12199999999882,-279.30999999999955,-18.49700000000212,-42.39200000000096,-542.2470000000004,17.785999999999547,-159.4789999999989,-436.17399999999975,33.335000000002424,312.4090000000024,-406.8319999999998,-8.853999999999473,71.87899999999914,117.1520000000001,-18.06699999999637,1.3590000000007765,46.79700000000082,-8.762000000001535,13.998000000000133,14.754000000002064,-5.060000000003129,-10.721999999999989,4.17500000000075,-3.2600000000002183,-26.478999999999782,-39.64799999999968,13.275000000000148,6.460000000000044,-6.018999999999153,-0.7500000000000284,63.16499999999792,-382.2519999999997,-9.015000000005102,7.00999999999965,-225.7540000000006,0.8200000000016416,9.79600000000005,-38.612000000000535,-5.076000000002523,-5.424000000000717,-11.533000000000015,2.800999999999476
704.5370000000001,-239.72200000000043,279.2840000000069,492.625000000001,-192.2470000000004,220.0190000000248,174.10899999999998,-173.08800000000062,115.44200000000728,161.04400000000396,-549.7779999999991,113.34199999998872,-163.51200000000006,-351.8959999999993,-35.76699999998709,52.12099999999964,-823.8219999999984,108.55699999999617,315.4680000000013,-430.2640000000001,193.3840000000032,25.63099999999849,194.896,42.89599999999609,-193.8129999999973,493.9300000000003,-26.34299999999712,408.50200000000143,457.4649999999998,262.0429999999942,63.603999999998,-282.3759999999993,14.23899999999776,-56.56000000000034,196.94299999999885,-43.06699999999637,-226.80700000000087,-40.10900000000106,-20.874000000003434,232.826,-164.52000000000027,0.4089999999905558,44.80800000000045,-71.85800000000029,9.658999999993512,102.25200000000144,-286.1159999999998,-14.388999999999896,-56.8870000000004,-575.9950000000003,16.897000000000162,-156.25,-431.3929999999999,22.29600000000005,317.5319999999999,-442.343,-21.12599999999958,83.37900000000005,98.19999999999992,-27.001000000007025,11.06499999999926,52.67699999999991,-10.701999999997724,10.475999999999884,13.63799999999742,1.224000000001979,-11.626000000000047,1.6179999999991423,-1.389000000000351,-6.721000000000288,35.275000000001455,-17.34000000000009,4.658000000000051,0.1709999999988554,1.5350000000005082,66.29100000000108,-351.8390000000011,-1.416000000006079,-24.736999999998943,-445.89499999999873,48.79700000000042,13.143999999999778,-34.94399999999871,-2.664000000004308,-5.8760000000006585,-2.459999999999241,3.928000000000509
698.9369999999999,-253.81600000000049,280.90799999999945,494.8819999999998,-217.68299999999957,206.1159999999745,190.0780000000005,-179.0849999999999,115.404999999987,201.8329999999992,-530.7749999999999,123.21800000001986,-171.86999999999983,-375.7229999999993,-22.559000000001102,20.849999999995816,-833.2979999999992,98.05899999998928,319.00899999999695,-430.838,183.81899999999405,39.51100000000167,209.86599999999956,52.79499999999189,-187.65500000000088,494.7549999999978,-27.942000000007283,465.2469999999994,449.29600000000033,249.3280000000027,-1.187999999999079,-269.1810000000004,4.084000000000287,-39.16300000000064,234.92899999999963,3.0279999999947904,-223.17299999999847,-36.6359999999986,-25.250000000005457,212.39199999999985,-148.34599999999938,4.589999999996053,57.36500000000007,-58.54500000000087,11.754999999999429,106.86199999999816,-275.882,-19.44899999999734,-54.64500000000498,-552.8700000000015,14.969000000000676,-184.72900000000152,-611.3869999999991,107.5269999999989,325.6259999999997,-473.1210000000005,-26.52199999999993,87.57700000000028,112.012,-22.86399999999276,13.647000000000276,46.56399999999792,-10.4590000000087,20.201000000000136,15.702000000001703,0.8849999999995362,-7.472999999999974,1.399000000000683,-1.4899999999997249,-16.512999999999778,-1.4130000000022849,-4.852999999999952,3.8869999999999294,-1.713000000000875,0.9049999999994895,69.81799999999794,-351.25499999999903,-5.935999999996966,-15.756999999999266,-343.5900000000004,10.221999999998843,25.51400000000044,-40.83300000000065,-7.454999999993106,-2.3609999999990805,-12.666000000001532,-0.2720000000010714
706.3609999999999,-229.30000000000064,292.00499999999465,496.8659999999993,-227.7169999999998,217.11400000001504,202.95399999999967,-185.4859999999995,112.5729999999976,177.3939999999982,-540.9379999999999,99.63299999997162,-167.21000000000004,-369.2319999999995,-30.77299999999923,113.4580000000028,-811.257999999998,89.18499999999767,320.4600000000028,-428.65400000000005,182.7030000000036,49.0949999999998,212.48800000000188,54.84599999999773,-202.74100000000035,529.2200000000037,-33.702999999991334,491.446000000002,450.1510000000003,248.57200000000148,17.141000000000872,-286.69800000000123,10.022000000003572,7.592000000001065,233.7299999999999,-7.183999999995194,-218.99999999999977,-34.81800000000135,-25.73899999999867,219.5750000000004,-158.4850000000003,-0.3789999999867177,67.76799999999952,-63.01399999999831,6.683000000003858,123.18100000000244,-342.2760000000011,-29.376000000002023,-54.7429999999963,-584.4779999999986,19.650000000000038,-109.9899999999991,-317.5780000000003,-35.326999999998066,299.9290000000002,-501.65099999999967,-27.59800000000041,96.31200000000037,101.41899999999993,-24.579000000005635,20.57499999999948,44.6770000000015,-6.511999999992213,17.359000000000435,18.686999999999895,3.3749999999997726,-9.12499999999996,-0.0820000000004483,-1.9170000000002572,-15.301000000000188,-2.7500000000031832,-3.48900000000043,8.28300000000004,-4.907999999998935,-3.4770000000001744,79.3360000000007,-345.7790000000017,2.343999999999369,-4.831000000001495,-367.8830000000005,9.185000000000798,26.94100000000006,-56.6110000000009,-12.757000000004837,-1.0219999999989682,-9.237999999999149,0.988000000000966
683.1920000000001,-272.8669999999994,286.6820000000189,509.25499999999954,-234.87799999999908,225.10999999999515,213.86399999999952,-184.93600000000043,112.83000000000813,179.2820000000006,-543.9449999999994,98.1570000000147,-170.07499999999993,-361.1790000000042,-32.86200000000008,-9.356999999999973,-810.2020000000039,63.09799999999086,327.301,-416.72399999999993,186.34000000000697,61.76099999999849,225.31099999999924,55.33500000001368,-156.54100000000142,556.8859999999972,-24.341000000003987,505.2869999999984,456.4479999999996,242.58399999999935,63.4539999999987,-268.483999999998,5.340000000001055,-17.602000000000828,237.77700000000263,4.296999999996842,-218.2840000000013,-64.42499999999995,-25.09099999999762,234.24500000000137,-167.22699999999975,8.825999999987744,77.69700000000057,-59.78900000000351,2.4299999999982447,119.656999999998,-326.54799999999966,-27.142000000003463,-48.83400000000222,-591.7069999999995,19.365999999999417,-139.06399999999906,-492.389,46.75399999999854,350.97399999999936,-532.6690000000003,-37.79899999999898,111.7999999999995,107.09700000000026,-22.63799999999492,26.72199999999947,40.761000000000536,-5.224999999995816,29.111999999999227,13.998000000000845,0.1250000000027284,-8.628999999999998,4.6720000000021855,-2.1419999999992,-14.69499999999968,-5.824999999998681,-3.104999999999336,7.719999999999949,1.5419999999991774,-0.7349999999995305,85.7910000000004,-345.31399999999906,-6.796000000002778,0.7330000000024484,-390.0260000000003,14.08399999999972,23.577999999999832,-83.77399999999682,-11.718000000001894,-1.6130000000003974,-14.01299999999992,2.2619999999989204
662.536,-311.1260000000016,284.59499999999025,512.4100000000005,-254.19200000000188,216.773000000012,209.79800000000068,-198.14099999999968,111.52299999998831,182.3129999999992,-518.543000000001,107.75200000000495,-165.61800000000062,-360.311999999999,-37.93900000000576,-23.23299999999904,-860.7309999999984,70.92300000001615,340.8060000000006,-424.8649999999998,181.9769999999949,73.6060000000009,225.0959999999992,59.57000000000789,-130.62799999999868,584.6359999999976,-36.53600000000097,519.6330000000017,450.2380000000002,234.73500000000055,30.031999999999925,-275.8299999999992,-5.713000000002921,-9.689999999999088,243.28199999999924,-4.430999999999585,-209.1679999999997,-23.342999999999847,-27.55099999999402,245.9869999999995,-170.99900000000048,-5.98099999998567,82.89900000000188,-104.77699999999857,-0.0100000000031741,114.37200000000018,-302.96400000000006,-31.808999999998377,-52.81499999999824,-602.8130000000004,22.002999999999417,-130.93600000000265,-484.8219999999998,40.435999999999694,308.15100000000086,-553.4849999999999,-28.918000000000887,109.88800000000012,108.12999999999988,-27.22200000000612,25.657000000001062,45.437999999998624,-5.114999999995007,30.48700000000011,12.257999999997082,3.3879999999953725,-8.865999999999996,3.316999999998416,0.1269999999991,-13.360999999999734,-4.230000000001155,-5.2070000000000505,5.446000000000062,-1.071999999999207,0.1639999999994756,86.04100000000017,-366.964999999999,8.084000000002334,-2.02300000000264,-388.848999999999,6.374999999999886,30.77100000000001,-83.98600000000158,-7.26699999999596,0.468999999999653,-8.85200000000168,-1.403999999999428
679.887,-270.3889999999973,288.11000000000604,508.1299999999999,-257.73399999999924,225.0360000000001,232.92399999999984,-190.4050000000005,104.0290000000141,189.77100000000175,-597.1969999999999,81.27400000000762,-180.01000000000005,-380.2030000000002,-33.93599999999424,19.092000000000557,-804.3659999999988,45.32400000000507,361.0549999999989,-422.213,156.27399999999625,85.77499999999816,234.67100000000016,60.48599999999169,-66.4119999999997,609.5650000000035,-34.654999999997926,513.5549999999995,462.0629999999998,243.40200000000323,25.67600000000141,-289.37600000000145,-13.40300000000525,10.056000000000154,230.61799999999835,-0.7330000000024484,-205.0300000000007,-19.094999999998663,-33.27700000000959,246.07000000000028,-166.9309999999996,7.054999999991196,101.1749999999978,-19.174000000001,-3.410999999999831,109.34599999999932,-264.57300000000004,-30.483999999995604,-52.23100000000045,-607.1339999999992,24.77800000000059,-128.6719999999974,-504.57600000000014,55.66900000000032,296.8670000000003,-597.2729999999998,-29.054,127.1340000000002,102.30800000000072,-25.67699999999604,30.86799999999954,47.10800000000006,-6.62800000001198,34.07000000000053,10.10300000000086,3.561000000001968,-6.962000000000046,5.362999999999829,-1.8039999999999168,-28.25900000000061,-33.06899999999473,10.191999999999268,13.313999999999917,-4.601999999999862,-0.5409999999997694,88.15700000000106,-348.0649999999997,3.0300000000011096,-0.4139999999978272,-418.741,14.479000000000042,28.24099999999987,-99.41399999999874,-9.777000000002545,-1.3689999999996871,-13.2979999999975,0.4369999999994434
671.267,-299.8580000000004,288.9889999999923,512.3710000000002,-270.48499999999933,217.72499999999584,235.7529999999997,-190.2139999999996,101.9649999999956,168.10299999999927,-535.696999999999,63.18400000000111,-164.9860000000004,-345.9259999999972,-42.09000000000742,-68.6710000000005,-844.6529999999996,49.37799999997878,376.67800000000113,-438.6070000000004,126.3059999999996,98.26100000000224,240.89700000000107,59.38700000001518,-92.3249999999996,628.0219999999986,-35.93799999998737,560.3160000000003,450.8660000000002,230.23699999999965,13.5879999999986,-276.21599999999944,1.1349999999993088,36.524,217.4170000000004,-3.8819999999986976,-197.7709999999988,2.877999999998337,-30.85299999999052,259.93199999999774,-190.2239999999999,0.1650000000040563,100.9900000000016,-150.65799999999854,-3.305999999992082,155.35600000000045,-439.15899999999937,-31.274000000001934,-48.20200000000057,-613.069999999999,32.82600000000002,-126.13900000000058,-506.4149999999984,47.04399999999964,294.332,-575.2560000000002,-47.11399999999984,129.1559999999997,111.90299999999952,-15.155000000004293,33.15199999999976,44.11800000000028,-5.4959999999994125,32.49499999999941,15.819000000001893,6.299000000001342,-10.25399999999994,2.0740000000017744,-2.2589999999993893,-19.695999999999717,-0.0979999999970004,-8.749000000000251,9.637000000000029,-0.8459999999999468,-1.2050000000002117,96.25199999999836,-364.5010000000013,5.684999999999718,4.916000000000054,-411.5470000000016,10.988000000000396,28.72599999999963,-109.96399999999936,-22.1589999999992,1.2559999999993463,-6.596000000001823,1.997000000000071
663.7880000000002,-310.2720000000005,274.9759999999924,504.53899999999976,-278.0320000000003,207.8119999999899,247.76200000000017,-192.20200000000105,98.59599999999772,160.85199999999986,-533.2060000000013,62.926999999990585,-166.15099999999927,-288.20800000000304,-62.35300000000734,-28.60699999999952,-825.9080000000012,37.13300000001709,381.3949999999977,-458.0109999999997,97.00300000000652,108.75699999999996,250.04299999999944,60.08299999998599,-40.98700000000122,642.9100000000005,-35.974000000010165,551.6359999999992,462.8779999999999,244.15899999999056,38.94200000000012,-277.1119999999996,-10.88799999999992,28.43299999999971,246.6489999999993,13.89800000000605,-199.81700000000015,-42.23700000000008,-32.17800000001034,258.4000000000003,-201.2900000000002,0.1650000000040563,102.19899999999882,-84.92899999999963,-2.7610000000038326,126.06800000000078,-358.2080000000019,-30.837999999999965,-39.53999999999951,-591.9960000000003,37.988,-126.72699999999963,-500.41000000000224,50.72900000000118,380.5239999999998,-606.9050000000004,-86.53200000000041,140.73700000000002,91.38700000000028,-29.510999999990872,30.30299999999926,50.207000000000335,-5.45399999999745,34.918000000000404,15.665999999998805,3.594999999995707,-10.322999999999992,3.469999999998663,1.9179999999991535,-17.02099999999973,-3.680000000002792,-1.8609999999995352,11.249000000000107,-0.684000000001106,-0.3369999999996764,90.38400000000024,-351.54699999999934,3.997999999995727,3.0859999999989896,-433.99200000000064,12.99099999999953,35.8540000000005,-110.91200000000184,-20.856000000003405,-0.0060000000004833,-17.608999999998787,1.7189999999999372
666.553,-328.098,275.68300000000363,513.3580000000002,-276.5280000000004,210.77900000000227,248.583,-187.2399999999999,94.4340000000011,164.08999999999878,-546.0439999999991,53.64999999999327,-173.12500000000028,-359.24999999999727,-38.96499999998469,-68.92399999999839,-811.4840000000015,25.964999999996508,435.92100000000187,-440.06299999999993,98.27299999999468,122.07300000000032,254.101,57.33700000000681,-21.624000000002752,664.6019999999993,-32.79999999999745,595.5109999999991,460.9349999999999,268.9760000000092,27.03600000000108,-286.1430000000013,-23.760999999990418,50.86199999999934,224.08900000000077,24.518000000000484,-193.47800000000035,-18.1699999999978,-27.03199999999697,257.64599999999973,-205.79999999999927,-1.5930000000139444,116.63999999999815,-91.98000000000091,-10.79400000000419,127.25399999999922,-356.2819999999988,-34.75300000000061,-61.37099999999691,-632.1120000000008,8.025999999999556,-123.67399999999977,-510.172,64.81699999999933,219.30600000000027,-610.9369999999991,-9.429999999999694,146.03500000000054,97.43699999999932,-24.46900000001051,20.75500000000119,61.21599999999887,-12.416999999999234,38.32599999999999,22.871000000000663,4.430999999999585,-12.876000000000063,9.692000000001144,1.0710000000003106,-18.851000000000084,0.6899999999973261,-6.054000000000315,12.762999999999993,-3.599999999998716,-2.7839999999997644,96.89600000000382,-346.1379999999991,2.8170000000045547,0.9759999999999992,-438.86599999999873,17.059000000000424,31.53999999999968,-123.00999999999932,-16.61699999999655,-5.246999999998536,-10.96600000000194,4.447000000000401
662.8659999999996,-317.241,266.9930000000022,505.0650000000001,-284.751,193.92100000000028,250.24100000000047,-185.25199999999984,89.91699999999128,173.21600000000217,-541.431,62.976000000003296,-190.93799999999987,-276.2290000000064,-72.83900000002177,-63.70500000000448,-812.7729999999985,18.95700000000033,438.75699999999824,-450.98600000000033,87.07900000000564,130.7879999999983,263.69200000000035,58.32499999999072,4.428000000004317,677.1959999999979,-32.05600000001141,576.6650000000027,463.6050000000001,254.32700000000068,56.87099999999816,-271.7500000000001,-4.364000000009582,-26.350999999999654,214.36899999999923,-31.93999999999733,-180.34699999999967,-11.294000000003734,-33.70400000000018,259.8690000000005,-211.24500000000097,2.91100000000597,119.84700000000146,-89.81799999999964,-9.213999999997212,125.77600000000189,-362.7479999999992,-36.53300000000286,-56.214000000002784,-624.5309999999989,41.96900000000028,-129.49100000000158,-562.7469999999988,71.91400000000101,241.57299999999964,-612.2410000000002,-18.518999999999863,150.65600000000003,87.56500000000074,-19.745000000000346,46.12199999999973,67.92000000000087,-5.591000000003987,40.1689999999995,34.00300000000129,5.437999999998056,-14.352999999999929,9.763999999998418,1.90900000000056,-24.492000000000047,2.9569999999978336,-3.839999999999577,19.107999999999947,4.012999999999067,-2.7810000000002333,95.8190000000002,-353.3060000000006,7.067999999998165,13.753000000002658,-481.8819999999988,22.593999999999426,38.47300000000047,-114.15700000000017,-22.65899999999874,-1.9510000000011016,-8.374999999998067,2.763000000000204
673.4160000000003,-329.5959999999994,263.0490000000009,500.72100000000006,-278.5730000000001,189.68500000000856,244.5459999999997,-180.70599999999928,80.79800000000432,152.36099999999908,-552.0289999999989,39.63600000001861,-162.05700000000007,-270.10199999999713,-68.82399999999507,-59.99800000000164,-800.0,17.505000000005566,422.7490000000017,-459.81299999999976,96.1909999999989,146.97999999999922,267.4030000000016,61.08399999998255,20.815999999999235,696.1030000000022,-28.856999999993604,599.1999999999975,456.858,261.0109999999964,34.427000000002295,-282.1840000000009,-17.321999999990112,154.79299999999938,237.0880000000028,-0.6280000000060681,-175.58499999999952,-16.111000000000786,-31.902999999999796,253.4150000000011,-227.59300000000025,-11.017000000003918,125.87400000000171,-84.57799999999907,-16.13399999999956,126.9059999999996,-361.5610000000004,-24.633999999997517,-61.083999999999605,-598.9310000000017,33.492999999999995,-115.51000000000045,-484.5700000000022,62.80599999999765,258.7109999999996,-614.0720000000001,-42.513999999999896,155.95799999999969,93.0329999999998,-14.995999999996457,50.31400000000019,74.05799999999942,-6.640999999996211,46.53700000000072,44.06999999999925,11.704000000008818,-11.369999999999967,11.706000000000929,2.3790000000005307,-19.041,-7.653999999996586,11.950000000000216,57.91599999999999,7.670000000000243,-1.8410000000002924,95.87099999999964,-352.06599999999924,7.344999999997981,25.742999999997096,-388.339000000002,-8.06699999999978,33.755000000000024,-121.91899999999976,-29.071000000004688,0.0879999999995106,-9.96499999999969,3.002999999999645
674.8219999999997,-361.5940000000009,254.24800000000687,491.0949999999998,-277.01799999999963,176.9660000000158,234.81900000000024,-177.3709999999994,71.16700000001401,164.11400000000071,-546.135000000001,47.362999999995736,-175.9439999999998,-339.83200000000124,-48.31500000000233,-89.01299999999424,-797.1980000000002,3.954999999996289,398.2169999999997,-472.46800000000064,86.02899999999636,163.82300000000214,271.31999999999863,60.32700000000659,45.8139999999986,706.0500000000019,-21.058000000016364,630.0899999999998,446.618,268.3170000000018,45.038999999999874,-273.79399999999805,-12.27400000000216,51.0770000000008,205.54099999999949,-22.235999999998057,-167.4190000000003,-1.1469999999974334,-28.179999999997563,258.3619999999996,-236.74000000000035,1.758000000006632,106.43899999999746,-64.72100000000012,-30.007999999997992,124.13999999999989,-365.7070000000005,-30.19100000000208,-59.9410000000006,-603.7749999999988,44.82799999999969,-122.2929999999991,-478.7409999999966,59.20200000000193,250.9919999999994,-622.5350000000005,-36.296000000000106,151.3539999999999,92.18899999999906,-12.389999999993506,48.51100000000059,87.38999999999919,-3.1100000000037653,64.86299999999972,60.51499999999805,2.23399999999856,-12.649000000000132,22.5830000000002,1.1129999999994311,-27.148000000000398,15.93599999999924,-18.45399999999984,20.725999999999978,2.674000000000376,-5.614999999999526,87.07599999999616,-346.4860000000016,3.824000000003025,-38.52799999999945,-443.40799999999945,42.15000000000089,175.02799999999965,417.7689999999984,120.19999999999982,0.1530000000016684,-12.53200000000163,6.266000000000815
674.4930000000004,-324.1100000000003,239.56299999999828,488.086,-269.6489999999997,167.8459999999859,233.76400000000004,-165.00900000000058,61.730999999986125,154.92199999999912,-541.1640000000006,36.15799999997762,-167.71200000000022,-289.7669999999948,-59.30200000000241,-94.8060000000055,-783.0600000000004,-2.087000000005901,425.83099999999945,-439.1849999999998,83.04500000000417,174.41599999999937,270.6019999999995,57.83699999999499,61.5949999999998,723.7299999999976,-24.49899999999161,654.6670000000006,426.737,276.6169999999988,42.981000000000336,-271.6450000000009,-17.200000000002547,87.28200000000044,213.99899999999832,19.48300000000245,-160.69200000000023,-25.216999999997824,-31.151999999997315,252.6009999999985,-264.824999999999,-13.556000000005495,179.8039999999986,-69.94200000000035,13.460999999995238,127.8269999999992,-442.4990000000008,-34.609999999997854,-78.25400000000116,-702.1180000000015,88.52100000000007,-123.87099999999975,-472.53200000000106,63.559000000000765,245.487,-593.3179999999993,15.390999999999622,151.0460000000002,92.474,-3.7900000000036016,48.711000000000126,102.64200000000017,-1.680999999996402,58.399,65.97600000000057,-3.406000000001086,-14.367999999999892,20.12100000000032,5.396000000000356,-26.10199999999949,10.796999999996617,-4.67000000000013,10.537000000000065,0.55499999999995,-3.438000000000585,87.86300000000438,-357.72599999999954,13.333000000000084,-3.636000000000194,-430.9269999999998,21.858999999999185,26.61900000000017,-155.91899999999723,-28.713999999990847,0.98599999999891,-4.275999999998703,5.46499999999952
680.001,-388.0179999999996,234.10599999999704,480.553,-264.4130000000004,147.887999999989,235.93999999999937,-154.35099999999977,54.63900000002013,169.4739999999996,-542.416,43.53000000000975,-155.9190000000001,-265.8149999999978,-59.26499999998214,-105.32899999999472,-773.9489999999989,-9.106999999994514,434.67100000000016,-458.8439999999984,74.74300000000085,188.40199999999925,273.32899999999967,58.32500000001346,88.99400000000242,733.4540000000004,-22.09499999999025,685.4140000000001,411.743,286.59099999999853,54.235999999997375,-270.1429999999988,-15.91200000000299,88.85299999999887,203.16500000000133,-1.7950000000041657,-151.35999999999967,-14.966000000003987,-33.50199999999859,233.51500000000271,-238.01700000000068,3.858000000002448,108.60300000000224,-113.25100000000248,-32.30899999999792,114.76800000000082,-306.7360000000008,-11.266999999998006,-64.54099999999983,-472.70499999999913,1.839999999999975,-128.05500000000052,-460.2080000000001,62.6829999999984,247.6910000000004,-624.2369999999994,-64.2479999999992,159.97100000000017,98.01000000000072,-6.702000000007047,52.12099999999964,115.01100000000122,-5.837999999999965,73.86900000000018,71.84400000000153,-8.804000000003498,-10.663,22.475000000000023,7.090999999999781,-20.68700000000021,12.830000000002428,-0.0270000000000436,17.65699999999999,-0.1840000000001396,-0.6169999999997344,89.88999999999692,-363.5850000000005,4.751999999996315,70.81000000000017,-362.20399999999984,-21.45699999999948,261.94699999999995,143.9189999999968,17.439999999999145,0.5660000000005994,0.729999999998654,4.628999999999905
686.1040000000003,-362.18899999999934,218.5920000000124,479.453,-249.65199999999967,141.0530000000108,241.0740000000004,-142.42500000000007,47.77799999999388,95.04200000000084,-546.4249999999993,5.151000000000749,-166.2949999999995,-302.0660000000021,-52.35600000000886,-119.2260000000033,-761.2380000000002,-10.826999999994769,420.723000000001,-456.0970000000012,83.20999999999685,241.06999999999917,269.8810000000009,34.97299999999086,111.57899999999756,744.6710000000024,-12.81699999999546,708.9069999999992,384.4460000000001,302.01399999999694,57.5790000000012,-266.23500000000035,-19.60399999999254,90.82599999999984,192.73100000000056,2.801999999996952,-138.51300000000035,-11.46800000000212,-31.89700000000357,215.6899999999979,-218.58000000000004,3.4539999999992688,80.13899999999978,-228.8679999999971,-18.398999999999432,74.09600000000012,-308.3959999999962,-4.681000000005042,-71.07699999999966,-541.8649999999985,29.87099999999998,-128.19700000000012,-445.666,52.512000000001535,243.41599999999917,-596.6730000000013,23.50399999999979,127.28499999999984,152.89000000000073,11.700000000007549,65.1459999999993,133.2899999999995,-5.93300000000454,53.50699999999975,93.8939999999974,4.027999999999565,-11.178000000000043,20.618999999999232,8.263999999999783,-22.51499999999993,13.006999999998923,0.892000000000337,19.12800000000008,1.4029999999991103,-4.464999999999719,82.96500000000151,-361.6529999999983,4.9930000000074415,1.1269999999996116,-389.1449999999992,10.034999999999172,52.31599999999972,-9.574999999998113,0.8179999999924803,3.906999999999528,0.4090000000019245,-0.9990000000001942
684.6859999999992,-323.61800000000045,197.99800000000687,480.925,-242.6520000000004,122.75399999998626,255.88300000000004,-77.2270000000006,18.982000000005428,154.61699999999894,-533.3740000000006,29.724000000010165,-158.48399999999998,-278.3900000000017,-50.65899999999601,-117.36399999999776,-750.7029999999986,-14.19700000001285,424.0829999999988,-450.9069999999994,94.14000000000442,219.61700000000235,279.755999999999,56.92100000001119,140.35000000000082,750.1289999999983,-11.92599999999402,734.9429999999998,370.989,309.7170000000005,59.08000000000016,-257.650000000001,-25.324000000000524,101.0540000000006,182.4339999999978,-4.84000000000151,-123.639,-10.909999999995534,-27.619000000004235,239.6320000000003,-318.4119999999993,-29.876000000001568,213.1670000000014,-82.69200000000296,32.132000000001426,145.5919999999992,-424.1940000000028,-45.13899999999467,-72.65099999999904,-516.0339999999991,20.33700000000209,-128.76899999999978,-436.3189999999975,47.3780000000005,176.71899999999994,-533.180999999999,23.85499999999965,155.2749999999996,94.435,-8.86200000001054,85.14700000000062,144.8410000000024,-16.237999999987096,62.443000000000026,92.9550000000006,-12.356999999997242,-7.559999999999967,20.772999999996955,5.943999999999505,-14.457000000000164,5.13300000000072,20.08699999999948,21.717999999999904,4.579999999999984,-5.369999999999919,77.81400000000076,-381.0510000000022,3.655999999995174,4.197999999999524,-370.2860000000016,2.528000000000929,-155.61099999999968,-189.0730000000019,-36.05299999999261,8.15199999999976,3.726999999997816,-4.274999999999807
688.3560000000002,-417.76899999999983,184.05699999998436,482.2869999999999,-228.3389999999997,107.37300000000688,244.99299999999985,-112.0750000000001,35.93799999998737,155.0849999999997,-515.41,29.554000000007363,-156.68799999999976,-220.4319999999996,-66.43100000001141,-125.92800000000466,-740.1120000000049,-9.582000000000336,423.4700000000004,-450.8720000000011,118.0970000000002,234.3439999999987,271.04500000000087,60.375999999996566,175.96899999999778,747.663,-7.947000000012849,745.5460000000016,355.32000000000005,321.6120000000046,-2.006000000000085,-241.25200000000007,1.8859999999904176,110.21499999999946,166.6690000000017,9.582000000000336,-117.49700000000018,-14.886999999998809,-26.281999999991967,208.2510000000013,-250.78500000000048,-18.823999999995067,115.20799999999838,-147.30699999999786,-11.636000000004287,103.67999999999996,-357.2399999999988,-29.672000000005028,-80.7530000000014,-501.7120000000034,13.352999999997904,-125.84799999999916,-384.44200000000137,16.538999999997372,252.75000000000037,-567.398,-36.06899999999982,158.05900000000042,108.0299999999994,2.637000000004264,60.72999999999951,165.72599999999795,-1.6630000000077416,64.4440000000003,102.89899999999932,-8.206000000001268,-6.562000000000001,25.73400000000277,7.121000000000777,-18.51300000000009,25.554999999997108,-8.109000000000322,17.77999999999995,0.8030000000005089,-0.7770000000000721,71.70399999999972,-402.3519999999991,-1.6209999999944102,-53.89099999999871,-392.1859999999981,4.683999999998889,64.44900000000047,41.39700000000346,3.026999999997315,12.282000000000435,6.440000000000623,-3.529000000000337
688.7619999999998,-374.30499999999967,163.35500000000138,490.69,-214.3500000000003,91.2960000000112,251.13699999999997,-93.85799999999875,27.68499999999676,128.95200000000102,-523.6520000000013,18.93299999999272,-158.91300000000115,-291.7630000000031,-32.97099999997499,-150.01199999999812,-745.8649999999977,-7.66599999999471,428.540000000001,-443.5919999999996,144.07400000000052,245.3310000000016,269.06899999999894,59.35099999999238,204.96800000000235,741.0300000000007,-1.294000000007145,763.5909999999996,338.944,315.3320000000008,49.47600000000136,-243.4689999999989,-24.77999999999838,163.1069999999994,142.31399999999894,23.56000000000904,-104.8109999999994,-16.851000000002614,-26.550000000008826,201.25699999999824,-258.1609999999998,-27.89900000000216,40.17699999999991,-166.66099999999915,-51.03199999999788,85.3180000000009,-348.003,-25.378999999998086,-84.43399999999883,-437.2559999999965,-31.138999999998877,-130.0139999999999,-379.367000000002,13.03000000000054,218.522999999999,-500.7550000000009,-30.566000000000315,163.0019999999998,106.35599999999954,12.878000000000611,16.376999999999953,170.93399999999974,9.337999999996782,61.16099999999989,112.67400000000124,-14.168999999998276,-3.0570000000000874,19.675000000000864,7.425000000000637,-11.529000000000169,22.012000000006537,5.342000000000269,20.58800000000005,5.394000000001142,-4.872999999999905,58.24900000000071,-410.123999999999,-18.17300000000728,53.31400000000031,-279.5320000000004,-27.87699999999944,69.71299999999943,44.84899999999925,-3.714000000002216,13.343999999999312,5.664999999999054,-5.423999999999296
690.9109999999998,-379.73300000000165,139.52600000000075,495.98800000000017,-205.1119999999997,78.8569999999936,251.2730000000001,-90.13000000000062,23.04699999999684,133.3660000000009,-511.0929999999996,12.743999999997868,-129.34199999999834,-217.9139999999961,-62.70700000002307,-138.90099999999848,-734.3140000000005,-15.588999999999942,436.7869999999982,-431.4859999999996,173.41899999998986,260.5229999999977,263.7420000000006,66.33300000000872,241.16400000000056,731.3289999999995,3.8819999999986976,774.0049999999997,319.8269999999997,304.54699999999093,50.41499999999815,-234.9060000000037,-18.4509999999932,71.98700000000144,171.26700000000028,-41.65000000000418,-81.67600000000022,54.95300000000043,-39.69700000000103,168.8350000000014,-232.2010000000006,-20.87999999999965,145.61599999999828,-239.09400000000005,-1.4459999999985484,81.83300000000031,-349.24000000000035,-33.886000000001104,-75.24699999999882,-449.68600000000265,3.423999999999694,-132.6970000000017,-338.1869999999992,-26.00400000000036,209.1819999999984,-470.8559999999992,-17.903999999999343,171.687,120.05000000000052,15.00900000000911,78.30300000000037,183.03200000000004,-1.4009999999984757,71.46199999999965,116.09699999999918,-17.50200000000177,-2.5689999999999102,26.917000000000257,7.338999999998919,-7.788999999999646,12.093999999996186,20.261999999999603,21.433000000000035,5.747999999998399,-3.982000000000596,100.21299999999655,-588.7570000000011,20.96599999999853,2.2259999999988622,-288.43700000000183,-32.49200000000059,247.7809999999998,241.58499999999776,27.990999999997257,14.708000000000254,14.435000000000286,-5.025000000000546
690.5169999999998,-388.5719999999992,123.1689999999844,503.40099999999984,-190.05399999999997,64.06299999998737,271.1759999999998,-71.03699999999975,17.664000000013402,128.66799999999898,-496.8689999999981,11.852999999996428,-123.39500000000072,-224.2030000000057,-59.9369999999908,-148.6879999999985,-732.3089999999979,-7.617000000004737,454.4620000000009,-430.1029999999997,200.01800000000003,265.1180000000011,251.52300000000025,66.14999999999327,243.95399999999935,730.5970000000002,-0.1709999999775391,786.891,304.8000000000002,296.9790000000103,54.184000000000765,-212.2089999999957,-24.297999999998865,130.33900000000074,144.38800000000072,23.36400000000367,-78.99799999999999,-3.962000000001353,-28.808999999989737,154.46699999999964,-223.95799999999892,-44.56200000000763,3.148000000001616,-190.07000000000005,-70.15700000000038,60.25699999999858,-289.87300000000005,-26.9079999999974,-80.49399999999594,-405.5630000000008,-36.512000000000455,-127.49299999999836,-314.7520000000043,-42.48800000000017,223.3100000000036,-411.1760000000004,-45.08000000000081,181.99000000000004,140.93699999999956,21.27099999999018,87.13199999999972,183.78999999999905,-3.619000000003325,82.03800000000037,124.1710000000012,-17.980999999997493,-1.424000000000003,26.598999999995957,7.273999999999603,-8.641000000000076,22.62600000000248,7.193000000000893,20.30999999999992,8.668000000001541,-1.6289999999997915,-39.0260000000012,-270.03699999999924,-69.15899999999624,-5.178999999998268,-262.5939999999986,-43.37199999999939,-107.62500000000016,-101.76999999999909,-33.251999999998816,16.200000000000614,5.675999999999704,-7.918999999999698
693.8470000000009,-394.981,102.90600000000724,509.5450000000003,-186.28,51.72100000002047,259.93200000000024,-78.87400000000042,25.084999999990032,135.902999999999,-490.62700000000063,11.93799999998646,-110.94499999999954,-213.9160000000004,-57.605000000012296,-156.9940000000031,-723.3580000000018,-9.39899999998488,474.9629999999996,-429.543000000001,217.85300000000237,288.06800000000123,239.14699999999985,62.48800000000756,304.2280000000005,688.5099999999994,13.439999999991414,788.7899999999995,295.035,295.3919999999925,55.61600000000056,-220.8200000000005,-34.6740000000068,128.29499999999996,148.3399999999989,11.260999999990418,-73.72799999999984,-2.071999999998297,-32.5800000000072,228.6779999999993,-341.3110000000003,-81.23099999999113,120.88400000000092,-253.06500000000085,-6.826999999998407,43.45100000000173,-232.1210000000008,-26.4220000000023,-80.78900000000431,-360.19900000000007,-51.30300000000148,-130.24400000000185,-287.2379999999964,-63.495000000000346,158.00100000000157,-284.1550000000012,11.848000000000525,172.438,114.4670000000005,22.21600000000308,45.05400000000037,184.17800000000284,7.05600000000004,77.55599999999987,114.412999999999,-13.629000000003089,0.941999999999954,25.886000000002696,6.46899999999988,-12.312000000000012,36.69499999999744,-2.6730000000000587,-29.224999999999923,-3.93100000000004,0.4770000000000607,54.2790000000025,-566.6840000000008,-10.626999999999498,-6.918999999999187,-232.04900000000063,-58.23999999999927,236.3030000000002,230.3660000000008,24.164000000001806,20.186999999999955,12.62100000000146,-6.105999999999767
686.6529999999997,-395.65199999999976,85.48499999999422,515.1669999999996,-174.87700000000004,41.50399999998626,275.146,-61.49899999999917,19.446000000016284,135.59800000000166,-482.8180000000003,5.103000000008251,-102.02000000000028,-205.9789999999964,-56.81099999997059,-159.70499999999674,-718.5119999999984,-6.946000000016284,391.06800000000135,-474.3780000000001,168.27400000000807,291.57699999999807,231.56299999999987,59.10599999999704,349.8739999999998,656.0980000000001,15.453999999999724,792.6110000000001,277.06300000000005,295.7520000000045,62.833999999998014,-207.69500000000107,-26.7949999999928,110.41899999999885,91.8200000000013,-13.02499999999327,-64.25800000000024,3.3389999999997144,-32.43400000000065,164.18000000000177,-285.77999999999975,-73.73100000000932,-38.06299999999965,-234.28399999999957,-79.41000000000145,65.32299999999793,-483.950999999999,-62.26199999999835,-86.50499999999965,-324.76199999999835,-70.0199999999981,-132.5109999999995,-254.8310000000015,-83.85499999999979,211.66999999999803,-487.3490000000004,-12.749999999999773,170.07399999999996,129.98500000000064,7.26399999999785,71.22099999999989,179.66499999999996,3.2680000000027576,68.85099999999973,108.88300000000017,-15.096999999997252,-1.6359999999999708,26.313000000001807,7.005000000000905,-7.8530000000000655,28.372000000001663,7.492999999999483,78.24799999999996,15.476999999998498,-9.931000000000267,-19.434000000001102,-431.5910000000002,-59.65500000000361,3.041999999999234,-199.71699999999828,-68.3240000000012,-96.50199999999955,-84.89100000000178,-43.25600000000236,15.479000000000552,12.79299999999921,-7.5919999999996435
692.4779999999984,-400.4919999999999,71.47300000001451,527.1419999999999,-176.45200000000008,29.430999999999585,295.20399999999984,-50.29900000000112,6.420999999977539,142.2249999999991,-469.0280000000001,-1.72099999999773,-86.95799999999991,-200.9430000000009,-58.17900000001828,-164.98700000000213,-710.7820000000004,-9.313999999994849,499.37400000000025,-450.0779999999992,214.00699999999236,296.857,220.6869999999995,54.44400000001224,330.6909999999988,679.8290000000009,19.84799999997904,789.123,261.1739999999997,295.01299999999446,125.3200000000021,-210.4299999999995,-15.747000000010305,150.30299999999954,187.45600000000024,19.64100000000144,-55.55799999999991,6.790000000000873,-39.861999999993714,164.72399999999823,-292.3700000000011,-79.72399999998743,92.72499999999866,-313.0809999999997,-21.02599999999484,30.738999999999805,-316.78799999999967,-49.8170000000016,-86.07500000000243,-291.21999999999844,-80.7770000000005,-157.3129999999992,-267.66600000000267,-73.83600000000001,194.56200000000197,-297.4889999999988,-58.224000000000586,177.89600000000013,120.85799999999836,21.612000000004628,76.91499999999962,170.95999999999947,1.5530000000012478,69.32100000000041,115.15600000000175,-15.863000000001648,-0.0919999999999809,26.691999999999894,10.065000000000168,-8.332999999999657,23.26000000000477,5.791999999999575,22.04700000000006,6.8240000000002965,-4.757000000000033,-61.96899999999914,-338.8859999999994,-84.48500000000081,-3.562999999999761,-171.0390000000018,-73.76699999999943,72.24599999999981,71.3780000000014,-17.581000000001268,14.703999999998985,5.955000000000155,-3.4680000000008704
684.0840000000014,-410.6909999999999,61.742999999978565,534.4619999999999,-171.18800000000007,28.539999999998145,295.13700000000006,-55.16899999999936,11.47399999999834,188.3880000000005,-449.1350000000011,25.768999999991134,-80.87900000000019,-192.42800000000105,-65.12499999998909,-185.03999999999792,-709.5129999999983,-6.127999999989697,479.9320000000023,-478.4199999999999,203.2170000000065,307.4089999999984,204.4890000000009,47.4849999999833,385.1080000000025,611.7699999999999,2.3320000000239816,796.1549999999999,232.161,282.4960000000033,21.482000000000312,-212.98500000000047,-75.82400000000007,148.12000000000012,166.1139999999989,10.49199999999928,-52.20500000000001,11.124000000000931,-38.78799999999956,142.70899999999926,-296.02199999999925,-88.52500000000418,10.603000000000408,-247.7969999999999,-50.96500000000788,25.043999999999755,-308.972,-49.74899999999707,-120.08500000000026,-212.58900000000267,-127.45900000000034,-121.76699999999984,-182.06199999999623,-122.63499999999964,135.37599999999657,-263.6359999999996,5.053999999999803,171.25699999999995,127.30499999999978,9.057999999993172,108.1300000000006,153.23099999999954,-11.471000000000233,71.69799999999995,108.38599999999872,-10.021999999997888,-1.2280000000000513,27.47799999999927,8.217999999999392,-11.840000000000115,20.32799999999497,6.736000000000786,-39.25099999999997,-1.8309999999985396,6.294000000000466,-26.974000000001297,-506.9839999999999,-56.21399999999994,-5.499000000000365,-137.40499999999827,-83.64600000000024,78.5269999999997,79.33999999999912,-0.0149999999962346,12.681999999999505,13.16099999999949,-3.846000000000061
683.1130000000002,-409.8740000000007,45.32400000002781,543.7450000000006,-168.79899999999992,16.272000000003572,295.55800000000005,-68.87100000000004,19.31200000001354,108.39,-501.93499999999744,37.79300000001058,-70.02500000000111,-185.1349999999968,-65.45400000002246,-164.18500000000336,-691.6260000000023,-10.938000000010106,483.1659999999943,-489.152,203.57699999999568,316.68700000000456,204.7730000000001,45.16600000001745,405.6929999999994,596.6089999999994,9.826999999995678,797.963,214.4420000000004,262.70700000000033,139.54099999999983,-207.9129999999992,-33.22699999999941,145.32000000000096,157.7460000000002,3.4480000000030486,-44.8750000000004,17.406999999997197,-42.456000000004224,148.04700000000253,-299.93999999999943,-97.69299999999248,-2.9949999999985266,-261.17500000000007,-57.32999999999606,13.086000000001263,-264.6240000000006,-46.875,-95.34599999999784,-220.23300000000177,-108.86099999999884,-131.52800000000013,-157.4009999999987,-128.65099999999927,184.0970000000027,-266.4140000000003,-78.64299999999957,163.89299999999983,124.13000000000096,9.76500000000442,134.96899999999954,159.37099999999873,-14.593999999999596,70.74800000000003,106.56499999999768,-14.722000000000437,-2.523000000000053,24.791999999999348,8.562999999999477,-9.54499999999996,18.47500000000082,7.290000000000418,21.449999999999925,1.6539999999992006,-4.993000000000336,-64.59999999999582,-434.8559999999992,-71.81999999999675,-9.697000000002731,-113.01200000000053,-89.67600000000004,68.80999999999986,59.112000000001785,-14.31299999999851,13.487000000000648,7.2850000000016735,-7.198999999999955
675.7100000000008,-421.3259999999991,41.73599999999169,545.6180000000003,-175.97200000000015,16.039999999998145,330.117,-40.02399999999966,-3.234999999995125,130.2250000000015,-455.55999999999983,-43.93299999999272,-60.28999999999911,-180.43200000000184,-67.93199999997341,-154.36699999999632,-679.5560000000023,-6.2979999999924985,504.5720000000017,-504.38900000000046,197.1490000000017,352.4899999999974,190.804,11.242999999990388,432.6519999999988,582.4730000000002,11.596000000008644,790.8090000000001,190.56599999999972,243.81700000000137,29.780999999999835,-226.9120000000015,-85.55299999999306,176.73099999999948,159.01000000000067,9.106999999994514,-67.11499999999972,-34.40600000000131,-54.5470000000023,137.06699999999898,-304.7710000000009,-94.13500000000568,-16.733000000002107,-262.17399999999884,-54.61700000000178,-1.3139999999992824,-153.89199999999903,-39.66700000000287,-68.76999999999782,-264.50799999999504,-62.66000000000105,-139.69700000000103,-139.70600000000104,-129.48100000000125,113.36999999999762,-206.05399999999747,-26.95300000000032,165.12800000000016,126.2689999999992,18.988000000001648,-14.319000000000417,145.66599999999994,31.265999999999394,94.2149999999998,83.8590000000039,-23.07999999999879,-1.9589999999999108,21.91799999999944,7.122000000001094,-6.399000000000399,15.783999999996468,8.281999999999812,81.85400000000004,18.007000000000062,-10.1700000000001,-73.7700000000018,-481.4270000000022,-48.79700000000184,-7.697999999996341,-85.76000000000192,-98.31999999999825,258.2330000000006,212.491,34.31099999999674,18.87100000000004,1.7759999999981346,-1.4830000000003452
674.2519999999985,-421.2820000000008,36.2920000000031,554.1689999999995,-185.72999999999985,10.46200000000681,306.006,-78.75000000000085,21.630999999979394,128.6939999999987,-415.24800000000255,-30.298000000016145,-58.81200000000035,-171.53000000000134,-69.27500000001601,-110.37300000000414,-667.7120000000002,-8.312999999998283,473.3000000000004,-528.7259999999989,181.1590000000024,335.5000000000018,178.40599999999966,34.288999999989755,454.8159999999996,540.8670000000001,8.593999999993684,776.986,169.60400000000035,219.7329999999965,139.6649999999994,-213.7129999999985,-55.7070000000067,181.61099999999948,170.85599999999772,5.902000000003227,-12.710999999999473,86.298000000005,-37.48799999999619,135.2579999999989,-298.2370000000003,-101.70300000000908,-22.399999999998958,-231.6540000000032,-58.80200000000286,1.7700000000019145,-266.37500000000216,-63.48899999999844,-107.00500000000376,-174.29800000000455,-120.22899999999908,-144.05999999999892,-122.85499999999844,-137.06099999999708,167.91699999999992,-273.2970000000023,-99.11999999999992,180.819,115.3480000000016,-5.65199999999777,79.64000000000055,137.8629999999987,4.161999999996624,58.32700000000024,109.01199999999848,-3.592000000003281,0.6460000000000576,25.696000000002076,8.136999999999261,-9.079999999999444,12.021000000004278,6.081999999999255,25.40300000000002,4.992000000000019,-4.117999999999711,-94.7810000000004,-404.7049999999985,-95.38599999999632,-15.10499999999979,-74.66000000000008,-95.33300000000082,84.15799999999933,67.68199999999922,-13.693000000000666,12.9950000000008,8.752000000001203,-8.629999999999427
665.1839999999993,-422.9699999999994,36.31599999998798,560.9859999999998,-188.82999999999973,11.804000000006454,361.386,-39.5939999999996,-7.592999999974381,138.53599999999915,-405.5709999999976,-7.494999999994434,-47.3009999999988,-162.82699999999863,-77.11199999998826,-141.19000000000028,-654.1449999999998,-5.005000000005566,450.2900000000011,-541.6300000000007,154.7179999999912,351.03499999999883,165.58200000000056,28.150000000005093,465.6860000000023,517.3779999999994,0.4519999999956781,759.0909999999999,151.1879999999998,197.98600000000303,76.64299999999855,-225.0500000000017,-95.87399999999208,199.3620000000007,170.26400000000308,5.077999999991789,-51.971000000000345,-15.564000000000531,-52.83200000000079,145.03600000000176,-308.61400000000003,-110.29599999999392,-17.00100000000191,-433.6079999999981,-97.64999999999873,-20.657000000002768,-243.84699999999955,-64.75500000000238,-154.10200000000032,-58.06600000000231,-184.384,-158.45099999999945,-67.5260000000037,-151.83000000000106,85.53200000000061,-159.1750000000019,-59.48099999999954,179.819,111.0679999999988,4.510999999990872,123.69600000000034,136.08000000000118,-15.75899999999706,77.10399999999993,90.9639999999996,-9.749999999996817,0.4859999999998976,19.344999999995597,6.221999999999639,-10.079999999999956,14.449999999999363,4.318000000000666,24.82799999999994,2.369999999999095,-1.3860000000001094,-101.54499999999872,-383.4580000000017,-99.03900000000476,-26.56700000000285,-43.9629999999994,-100.82100000000054,70.42400000000058,46.30300000000034,-10.190000000000056,15.722999999998422,3.498999999999341,-4.063999999999624
661.5320000000025,-431.90000000000026,32.324000000016895,563.642,-203.58800000000025,13.817999999992026,348.01399999999995,-70.23099999999971,4.455999999981941,125.04800000000104,-436.6110000000021,-44.51899999999114,-43.66500000000002,-159.671000000003,-75.2440000000206,-189.0709999999956,-640.634,-1.0870000000068103,529.9410000000023,-561.2899999999996,159.23400000000356,337.62299999999925,200.28999999999968,23.413000000005013,483.0079999999981,486.4680000000007,3.869000000008782,752.4239999999999,132.6270000000001,171.23400000000402,134.91900000000214,-231.34699999999955,-73.46200000000636,209.832999999999,176.3149999999996,3.2470000000103028,-23.790000000000333,37.56999999999948,-48.64499999999907,140.43299999999874,-303.64099999999894,-120.89900000000851,-39.73999999999762,-143.3620000000019,-46.55700000000138,-18.45700000000079,-215.25000000000037,-64.00799999999549,-125.50899999999956,-105.54199999999696,-140.6320000000008,-155.6520000000006,-76.19299999999498,-144.46399999999926,98.61399999999776,-145.11499999999842,-58.369000000000426,189.60499999999988,107.99499999999966,3.11300000000756,159.80199999999982,137.11800000000096,-12.747000000001664,75.64199999999985,86.3049999999987,-7.868000000001984,1.7940000000001175,18.349000000003457,8.829000000000065,-5.629000000000417,18.709999999998672,8.789999999999054,-41.60800000000009,-4.353999999999303,4.124999999999801,-99.10500000000296,-354.8720000000003,-124.12099999999668,-38.21799999999769,-45.336000000000354,-100.38200000000046,-97.4579999999996,-91.89499999999953,-60.400999999995975,15.14500000000112,1.381000000000654,-2.6070000000004256
658.1459999999993,-429.193,35.16799999999876,571.1480000000008,-215.46700000000013,13.831000000004678,333.483,-83.06100000000072,4.3329999999969,137.62199999999893,-420.7669999999979,-30.81100000001697,-33.72200000000163,-154.0559999999914,-82.42199999999684,-131.88800000000356,-633.6419999999976,0.5010000000083892,499.013999999994,-556.3810000000018,165.26499999999942,367.792,160.0529999999992,15.966000000003078,545.7359999999994,466.7099999999991,3.3699999999953434,729.5359999999998,118.13000000000002,143.93299999999272,86.86899999999866,-240.14899999999955,-113.68400000000064,224.3850000000009,173.4189999999984,5.181999999990694,-21.053999999999466,38.97099999999796,-46.76500000000488,134.7059999999999,-285.7990000000001,-91.55199999999012,-53.20600000000013,-182.77399999999773,-62.838999999991074,-32.86399999999787,-205.36599999999797,-72.52200000000357,-113.70699999999944,-51.61099999999692,-145.19499999999965,-143.58200000000068,-46.61000000000399,-148.95300000000304,85.22400000000516,-114.9789999999996,-37.6730000000002,177.23200000000006,132.153000000001,-3.565000000003238,-29.06600000000026,127.00199999999882,37.722000000002254,68.12600000000018,81.56999999999925,-15.703999999999496,1.18999999999998,17.095000000000482,3.71900000000096,-3.8719999999997863,11.00799999999822,5.722000000000094,21.89900000000016,7.052000000000192,-1.9169999999995468,-113.9409999999998,-363.8619999999975,-104.39700000000016,-52.17499999999973,-17.318999999997686,-102.05799999999954,246.33699999999905,185.0859999999983,21.83299999999804,12.3509999999996,12.522999999998774,-10.240000000000292
648.5899999999987,-435.64,37.68299999999272,571.9829999999987,-231.26599999999996,14.513999999985572,373.66100000000006,-76.90300000000008,-0.5739999999832435,140.7730000000015,-398.21000000000026,-11.583999999993466,-26.785999999999888,-146.9880000000046,-79.67499999999745,-129.65699999999742,-624.7500000000002,-1.502000000004955,488.79100000000335,-574.1959999999978,175.80000000000382,371.9830000000002,163.703000000001,7.886000000007698,510.2760000000018,416.040000000001,-6.970999999998639,708.1290000000005,103.40999999999951,112.13999999999942,101.20000000000005,-218.3729999999997,-70.12899999999718,191.46999999999963,141.6889999999995,-3.0939999999986867,-14.061000000000234,45.23599999999988,-50.61099999999215,135.28599999999926,-281.9900000000004,-120.36800000000768,-48.66300000000194,-193.4989999999999,-65.36000000000399,-41.92500000000052,-180.00499999999988,-67.73000000000025,-105.11700000000133,0.4459999999994579,-147.9069999999993,-123.5129999999998,-23.601999999999634,-155.49899999999752,-0.925000000000864,-16.825000000000045,-26.42299999999977,217.155,84.89099999999894,-0.8969999999976608,133.9820000000003,127.85499999999956,-13.015000000001464,62.28899999999982,76.94400000000314,-5.017000000003691,5.401999999999951,18.513999999998987,7.196999999999321,-1.837000000000444,13.867000000004737,7.375000000000398,19.47499999999991,1.981999999999573,-4.476999999999975,-118.47500000000082,-348.6770000000007,-104.57499999999982,-56.90000000000168,30.349999999998545,-104.24799999999976,-81.5419999999989,-76.66499999999985,-59.3659999999943,14.037999999999329,1.9300000000015416,-8.11999999999955
637.9220000000004,-450.92,39.42899999999554,577.0800000000008,-238.12099999999992,28.601000000003296,384.1750000000001,-85.19000000000005,2.4419999999963693,146.88200000000222,-419.25700000000177,-33.3259999999882,-16.763999999999157,-146.8810000000019,-79.358000000002,-103.94900000000008,-646.157999999997,5.506000000013955,531.653,-600.0340000000023,160.99199999999882,382.471000000001,167.89699999999925,4.663000000005013,520.5089999999984,375.4539999999992,-8.484000000021297,693.6,87.94700000000049,81.42700000000787,139.3640000000005,-233.68600000000012,-86.04799999999386,260.46400000000034,189.1930000000002,12.29200000000219,-11.805000000000376,40.52199999999857,-46.24000000000024,136.73700000000224,-277.97800000000024,-126.76399999999148,-74.39799999999934,-174.4730000000004,-66.31399999999985,-48.59100000000183,-128.70100000000093,-54.022999999995136,-95.2939999999984,10.82399999999666,-131.13700000000108,-115.44900000000098,29.635999999999285,-160.93199999999968,-6.577000000004318,59.4760000000008,-53.09799999999996,199.47500000000005,100.17600000000044,17.30400000000145,93.2699999999997,120.92600000000289,8.983999999998105,71.875,75.77699999999936,-12.00299999999288,2.085999999999899,16.90499999999986,8.303000000000793,1.4630000000003918,12.777999999997292,10.304000000000713,20.903000000000027,4.3130000000005,-4.731999999999914,-120.94399999999725,-340.22500000000093,-106.85700000000224,-50.22600000000068,40.728999999998905,-95.18800000000029,89.3029999999996,60.30199999999866,-6.293000000005122,13.945000000001071,5.742000000000758,-6.660000000000821
639.443,-441.601,44.93400000001202,581.4859999999995,-252.45800000000003,25.330000000008116,393.76399999999984,-101.40499999999976,-1.5380000000050131,146.33099999999786,-404.1730000000001,-32.34800000002451,-14.382999999999411,-147.25599999999872,-74.4019999999864,-133.48100000000045,-582.3390000000018,-8.814000000006672,516.8090000000007,-611.3419999999991,157.81899999999496,393.8079999999985,164.14100000000076,-3.1860000000051514,524.5240000000024,340.54900000000146,-13.634999999999309,643.2339999999996,102.4560000000001,69.8479999999904,146.61299999999926,-248.06900000000095,-87.24300000000085,255.5970000000002,189.3100000000004,-1.0189999999965949,-22.49399999999966,9.59100000000035,-48.706000000004224,139.11299999999756,-313.0089999999996,-130.7429999999954,-66.48500000000013,-195.43600000000083,-66.46500000000515,-56.682999999998174,-125.90399999999988,-56.16400000000112,-96.07400000000156,64.23399999999901,-137.96200000000027,-101.11100000000022,59.34100000000058,-161.25000000000114,32.90400000000204,67.16199999999901,-48.77299999999991,221.96699999999996,103.1470000000013,-22.022000000004027,56.47700000000029,120.67299999999932,23.508000000003904,77.76200000000024,66.99399999999969,-8.441000000004806,8.206000000000113,16.234000000000037,11.721000000000004,3.9950000000004593,14.456000000001268,8.643999999999608,19.60300000000004,6.310999999999467,-3.6880000000003577,-122.86100000000032,-308.5250000000002,-113.52899999999975,2.156000000002223,147.43899999999996,-96.27399999999966,251.9849999999991,186.0240000000033,18.66200000000049,17.46699999999919,3.914000000000328,-8.668999999999016
627.5239999999997,-440.4239999999998,42.02899999997953,574.991,-267.973,21.98399999999765,408.1730000000004,-104.40299999999922,1.6840000000001965,151.78200000000004,-406.1769999999996,-34.496999999987565,-0.1170000000016102,-113.51300000000036,-80.94499999999698,-98.8710000000026,-626.0590000000036,15.344000000004598,524.4930000000011,-627.4519999999995,159.69200000000683,405.2030000000002,169.977999999999,-6.34700000000521,527.1359999999987,309.7329999999985,-18.75,670.2170000000002,56.49599999999992,1.9350000000031289,51.28799999999956,-188.7879999999996,-79.51700000000983,255.18999999999963,172.21700000000055,16.22899999999845,18.921999999999883,78.03400000000238,-49.359000000004016,119.21800000000076,-229.3769999999995,-90.84500000000162,-82.56899999999803,-141.96699999999964,-58.1359999999961,-57.698000000002025,-91.20200000000123,-45.42600000000334,-100.17699999999934,57.11900000000014,-122.79199999999976,-138.25399999999777,16.56199999999899,-132.36100000000022,72.95599999999922,59.85399999999856,-47.91099999999986,227.93500000000003,119.49199999999962,-20.12300000000096,244.32800000000012,127.43099999999856,-30.26500000000283,78.70499999999971,68.16100000000063,-5.324999999999136,7.7280000000000015,16.5079999999989,8.70999999999924,2.5509999999997035,16.665999999997894,8.169999999999789,19.2499999999999,5.521000000000242,-4.504000000000019,-119.24099999999952,-283.7079999999986,-110.62899999998876,-66.24900000000196,78.2430000000005,-101.69400000000051,52.731,29.128000000000043,-24.848000000002912,18.06800000000095,4.985999999999535,-7.631000000000654
631.3400000000001,-441.43000000000006,43.73800000000756,588.7550000000005,-271.587,37.13400000001457,397.3059999999997,-118.7570000000008,12.085000000001855,152.78500000000008,-406.3009999999992,-32.05599999998867,3.0609999999995807,-131.07299999999782,-77.57500000000164,-115.39599999999837,-598.8679999999988,11.316000000010716,525.2689999999973,-647.8180000000009,167.21800000000258,416.8680000000009,164.26500000000033,-6.275000000005093,524.0780000000001,267.73100000000056,-17.968999999993684,629.9439999999997,44.57099999999983,-11.754999999993744,84.80800000000386,-233.6790000000008,-100.04299999999375,235.85700000000003,204.3199999999985,21.129999999993743,-7.343000000000188,18.4599999999989,-46.40499999999293,123.20100000000023,-236.44199999999955,-104.73000000000638,-59.370000000001255,-145.77600000000075,-52.21499999999537,-58.91899999999737,-75.89299999999923,-39.4649999999956,-112.27399999999932,112.87000000000376,-165.07099999999895,-107.5850000000031,105.08400000000506,-147.27000000000032,88.17400000000362,72.496000000001,-33.20800000000048,233.494,124.31799999999951,6.476000000009208,115.80199999999934,119.21000000000106,10.608000000001994,91.29200000000031,70.67699999999775,-2.5880000000029213,8.661999999999992,16.07400000000041,10.799000000000092,5.6709999999995375,14.584000000002106,6.03100000000012,26.36800000000008,6.323000000000434,-8.17999999999941,-116.8890000000033,-248.69700000000137,-110.86100000001124,-54.44300000000055,108.26599999999758,-106.96300000000036,153.5880000000006,73.30299999999852,-1.2509999999963384,18.51599999999962,7.441000000000031,-12.394999999999357
638.3980000000037,-415.78900000000016,47.82700000000659,582.4739999999991,-288.047,27.319999999986067,423.3279999999997,-125.00600000000048,2.23399999999856,152.7809999999988,-401.348999999999,-32.4460000000272,12.356000000001188,-126.20000000000005,-75.45200000001842,-118.59400000000164,-598.6879999999985,10.046999999985928,547.0460000000003,-671.6549999999984,172.87599999999657,434.742,167.24200000000025,-7.7759999999898355,515.3940000000006,240.32399999999967,-18.7979999999925,606.794,32.31699999999975,-33.29500000000962,141.995,-227.14699999999937,-89.52600000000075,300.0269999999993,131.11800000000073,18.1220000000053,14.37700000000035,47.27500000000191,-50.64700000000357,108.793,-216.0660000000007,-95.74599999999693,-59.04499999999757,-121.43199999999864,-46.32000000000858,-47.973000000001775,-86.66399999999896,-49.93000000000052,-100.66099999999948,72.46700000000033,-108.93400000000072,-88.65399999999681,166.68999999999983,-167.36099999999965,80.52999999999884,82.1409999999986,-27.31700000000004,243.568,78.04100000000034,-2.118000000007214,127.76600000000045,116.2969999999973,6.788000000000238,75.29599999999981,63.94600000000139,3.842000000003054,10.57199999999998,15.803999999999974,15.28899999999993,16.264000000000323,35.56199999999876,2.482999999999436,19.834,8.916999999999575,-6.674999999999898,-103.06400000000052,-227.92100000000065,-107.09199999998872,-58.95199999999932,118.96500000000005,-101.95799999999906,66.15199999999959,17.832999999998833,-16.83400000000006,26.11599999999896,5.870999999999071,-11.146999999999707
620.9419999999966,-438.078,40.429999999992106,593.5240000000007,-292.869,33.31299999999828,432.6930000000005,-132.0769999999996,4.5900000000074215,154.33400000000006,-407.5199999999995,-31.017999999971835,14.18899999999894,-123.96200000000022,-76.52599999998984,-114.63599999999587,-590.1430000000005,19.32299999998577,545.9499999999991,-687.5349999999997,183.4899999999948,441.7339999999996,162.69800000000032,-5.82200000001194,509.31799999999896,208.94899999999976,-15.955000000008113,584.8379999999999,12.262000000000484,-61.86500000000024,116.60699999999622,-222.45399999999904,-95.20899999999985,273.360000000001,165.55999999999926,17.169000000001233,20.17299999999977,51.521999999999935,-53.68099999999458,118.72400000000027,-193.00499999999943,-84.61899999999787,-37.30400000000316,-73.54500000000144,-41.527999999999565,-20.819000000000187,-59.30800000000147,-48.3880000000056,-83.9240000000018,63.17099999999982,-107.45700000000085,-124.15900000000022,30.09999999999877,-85.91600000000028,83.33099999999831,65.28600000000324,-33.8559999999994,252.64099999999996,121.28900000000016,11.004000000002634,31.456000000000017,119.80100000000108,53.4940000000006,97.24500000000002,61.70700000000125,-7.080000000001974,12.138000000000028,14.351000000002044,10.465000000000655,11.458999999999977,10.675000000003363,11.562000000000694,24.24199999999992,4.646000000001038,-8.446000000000708,-94.06099999999924,-212.6610000000028,-104.35500000000388,-55.54699999999855,100.18100000000344,-115.813,168.2210000000012,59.37600000000032,-19.097000000004986,21.38000000000062,8.319000000000187,-13.369000000000142
621.4200000000005,-445.06299999999993,43.42000000001463,592.8899999999999,-302.345,41.13700000000336,438.7119999999996,-141.37999999999948,5.28599999997823,165.5239999999992,-399.9450000000024,-35.340000000019245,25.419000000000835,-122.96200000000113,-77.46600000000399,-121.14300000000073,-591.9370000000015,23.609000000010383,452.6760000000024,-690.1690000000002,135.4310000000055,451.2919999999994,158.46099999999836,-2.0510000000058426,491.8810000000008,186.0600000000005,-9.375,564.0620000000006,-11.918000000000006,-79.22399999999925,96.90400000000068,-209.5360000000028,-103.73500000000604,285.0049999999996,162.7350000000007,21.727999999995973,33.6669999999998,68.89099999999644,-51.4030000000048,120.82599999999957,-188.69200000000035,-91.28400000000738,-15.44800000000066,-71.00700000000018,-47.93099999999981,-13.917999999998187,-58.630999999999744,-69.91899999999873,-69.63700000000017,33.50199999999859,-90.9169999999989,-84.66300000000047,62.801999999999225,-100.11599999999989,40.09100000000103,56.97499999999991,-4.305000000000092,247.9070000000001,94.79699999999907,-0.4390000000057625,133.82999999999967,114.53300000000011,9.639999999996007,97.60199999999983,60.411999999999466,-2.1729999999990923,11.148999999999898,15.749999999999886,11.513999999999667,8.782999999999674,12.850999999994883,7.889000000000124,21.33300000000009,7.67099999999914,-5.321999999999605,-79.69099999999685,-195.33099999999308,-94.30000000000403,-52.58800000000292,77.2529999999989,-126.17699999999984,116.13599999999876,37.1830000000017,-1.9109999999955107,25.01000000000033,7.273000000000707,-12.704000000000804
628.961000000001,-469.384,34.801999999990585,592.1660000000003,-315.211,30.993999999986958,452.4230000000003,-147.28099999999955,6.372000000010303,189.7960000000012,-410.7019999999977,-12.352999999984604,29.74200000000025,-119.3140000000028,-72.44799999998577,-128.6890000000028,-595.2789999999993,23.034000000006927,531.8609999999978,-732.7930000000009,189.62400000000343,465.17300000000006,155.30200000000178,2.722000000017033,487.4069999999989,158.81299999999996,-2.5879999999915526,531.662,-2.606000000000108,-91.1679999999933,175.45100000000105,-224.88799999999856,-91.8639999999982,282.87000000000046,162.60400000000033,21.973000000002685,23.21500000000043,38.02499999999896,-55.80499999999802,117.98600000000192,-169.35600000000193,-84.67399999999543,44.16700000000162,-77.83199999999795,-76.73999999999523,-1.247000000000753,-52.03799999999888,-63.44299999999521,-28.20599999999729,-27.2829999999999,-53.80099999999999,-56.93100000000016,29.180999999999813,-95.3329999999994,41.06800000000135,20.023999999997955,-23.30000000000041,260.834,61.80699999999959,-0.4699999999957072,235.586,101.52400000000056,-31.734999999997623,123.07200000000016,27.509000000000583,-12.943000000001348,10.23700000000014,13.910999999995964,12.845000000000084,11.483000000000487,8.905000000004293,10.514999999999477,23.902999999999786,9.735000000000582,-4.834999999999923,-61.86799999999835,-163.71500000000196,-92.48000000000047,-35.85599999999829,23.089000000001647,-97.28700000000003,120.36400000000071,24.00299999999902,-18.19799999999532,71.78700000000049,-38.653999999999655,5.362999999999829
586.5189999999984,-454.577,31.324000000017804,606.2749999999994,-314.6599999999999,38.76900000000205,460.53,-156.19000000000085,8.80099999999402,148.01099999999963,-417.1240000000012,-20.569000000023152,38.23500000000024,-119.2229999999995,-73.80400000001828,-126.19399999999814,-592.1969999999988,26.452999999992244,509.7740000000044,-743.6489999999992,180.02899999999045,469.0970000000007,149.58299999999838,9.630999999990308,472.2460000000012,133.82799999999975,4.4429999999920256,517.2449999999998,-26.41500000000008,-112.05400000000054,81.3999999999993,-228.40799999999604,-116.90699999999195,290.7779999999995,156.55900000000003,27.71599999999808,40.96499999999992,53.308000000004085,-52.02600000000075,136.27799999999866,-172.8449999999981,-79.04100000000653,-28.40600000000109,-32.70800000000236,-26.745000000005348,14.99499999999898,-57.453000000001,-58.67600000000266,-21.73800000000199,-6.268000000000029,-85.37900000000036,-50.77300000000093,-42.867999999998574,-72.33300000000042,8.54800000000182,-12.25599999999929,-7.226999999999606,256.05599999999987,113.06200000000076,4.108000000007905,140.034,104.7930000000008,7.724000000001752,56.58399999999997,69.36099999999925,7.401000000004387,9.692999999999865,14.415000000002465,10.15899999999874,6.880999999999915,11.374000000000706,11.593000000000586,18.909999999999982,8.804999999999552,-9.507000000000687,-42.44700000000421,-162.17300000000137,-72.22900000000436,-21.15100000000041,-12.665000000001214,-79.9350000000004,124.45199999999944,24.587999999999965,-3.616000000005215,-25.342000000000557,48.403999999999314,-31.08699999999942
612.1700000000004,-444.218,31.957999999985987,606.7700000000002,-325.61300000000006,35.5350000000044,463.87,-154.82399999999927,10.669000000007143,112.06899999999962,-411.2459999999999,-52.37999999999374,41.00200000000029,-120.75199999999882,-64.15999999999258,-131.36900000000082,-586.3249999999994,24.63399999999183,504.4799999999952,-762.9469999999998,171.41800000000558,479.6149999999997,136.41300000000172,15.784000000007836,462.2230000000002,111.71600000000056,10.98700000000008,477.3859999999999,-15.7740000000004,-104.19299999999794,126.7300000000006,-235.7080000000053,-106.11000000000104,259.75800000000004,175.1640000000009,30.298000000004777,45.9220000000002,60.05199999999604,-50.33600000000433,133.4530000000001,-143.16599999999937,-62.87199999999302,38.446000000001845,-51.281000000000176,-40.15799999999672,28.11800000000062,-65.92499999999859,-43.717000000003736,-6.570999999999572,-32.41600000000062,-66.30899999999968,10.465999999999552,-8.908000000002403,-71.42000000000053,31.749999999999545,-23.46499999999878,6.550000000000011,268.02399999999994,57.82899999999955,-7.990000000006603,126.9750000000002,99.5129999999989,27.805000000000742,92.77700000000006,61.33099999999985,12.601000000000797,11.52300000000004,12.372000000002004,15.260000000000671,-0.0440000000004658,-12.80200000000491,18.432999999998856,19.92900000000013,3.837000000000046,-5.096999999999952,-8.293999999997936,-143.57299999999782,-58.83799999999724,-6.433999999998719,-37.72199999999941,-52.22399999999965,124.58199999999948,17.96500000000094,-10.8949999999993,19.373999999999118,4.650999999998362,-7.295000000000584
620.3100000000006,-448.971,23.46099999999751,614.894000000001,-322.5620000000001,33.2890000000134,480.0209999999993,-163.7270000000001,16.260000000011132,177.66300000000115,-393.8660000000027,-26.39199999998709,49.11699999999826,-116.08600000000138,-61.67000000000371,-133.18800000000124,-581.4750000000004,26.903999999990447,493.2800000000043,-795.9720000000004,173.60800000000154,481.5449999999999,129.66599999999886,25.64700000000357,444.75599999999815,94.85899999999958,22.99800000000687,478.6860000000004,-48.52299999999943,-129.950000000008,103.96399999999916,-145.90499999999906,-36.66299999999865,292.51199999999994,148.087000000001,31.341999999995096,56.063999999999936,57.778999999999314,-47.86399999999276,156.61000000000058,-131.25,-52.612999999996646,61.88199999999995,-55.15399999999886,-22.424999999998363,45.36200000000008,-85.22400000000232,-22.621999999995523,14.092999999999734,-27.50199999999836,-48.43900000000048,21.88400000000001,-49.484999999998536,-42.85399999999981,14.73399999999856,-21.979999999999222,4.990999999999701,260.45000000000016,112.02899999999973,6.335999999998876,160.93800000000016,105.32500000000198,-3.449000000000524,142.239,31.52900000000045,-12.08800000000565,12.300000000000022,15.625,10.63299999999998,14.442000000000377,33.16000000000372,-4.814999999999259,25.93900000000016,9.358999999999185,-4.38699999999983,33.29700000000173,-153.19800000000328,-23.94100000000208,14.546999999998889,-44.454999999999245,-21.887000000000967,71.54900000000026,-15.790000000001214,-11.920000000003483,19.919000000000157,-0.5099999999998772,-8.643999999999608
641.7140000000018,-444.044,21.19199999999637,633.0979999999983,-322.69999999999965,39.06199999998989,486.215,-165.25200000000098,27.880999999979394,172.7710000000002,-397.3140000000001,-38.86700000000474,47.91800000000137,-119.21099999999568,-47.73000000000138,-137.52099999999814,-577.8230000000008,32.7270000000226,453.4949999999981,-789.4329999999997,143.92100000000028,482.0670000000007,140.10700000000045,37.16999999999189,434.58900000000256,75.3930000000004,33.91100000001188,486.2569999999991,-86.23100000000008,-148.33399999999983,132.66199999999913,-187.4360000000024,-42.218000000002576,282.0370000000004,135.8249999999984,36.77300000000514,60.143999999999664,66.26300000000356,-41.15000000000464,173.71100000000013,-111.44400000000304,-30.44400000001133,88.85799999999904,-113.051999999999,-16.43600000000447,55.06300000000124,-101.54600000000188,-2.12099999999964,27.520000000001232,-31.8300000000022,-25.93600000000009,12.611000000001129,-101.7120000000034,-11.041999999999064,16.881999999998243,-18.75,4.310000000000258,268.5880000000001,46.75300000000036,-4.4440000000008695,149.50899999999976,99.72799999999891,6.545999999997321,104.64099999999998,52.82399999999967,1.2170000000025991,11.291000000000029,11.87699999999836,14.306999999999448,5.54300000000012,-21.011000000004287,20.808999999999852,26.29899999999985,1.811999999999614,-1.800999999999675,54.0869999999984,-127.61299999999665,-19.64399999999955,31.936999999999216,-40.17200000000116,1.7960000000002196,131.99400000000026,18.48900000000242,-13.588999999996076,24.23900000000145,4.007000000001426,-10.259999999999536
600.5919999999946,-452.5220000000001,15.221999999994296,633.1530000000015,-324.6830000000003,37.12199999999939,496.6020000000015,-167.4749999999989,32.40900000000693,183.2759999999979,-397.4490000000003,-18.396000000007007,38.788999999999874,-130.35000000000423,-36.29100000000562,-143.34699999999998,-566.4919999999995,36.1699999999928,466.52199999999766,-813.8260000000002,159.89999999999327,492.5460000000001,103.08299999999946,46.86300000000756,421.9619999999978,62.86999999999949,53.89399999999114,422.1720000000005,-59.51900000000023,-131.00599999999076,123.70300000000044,-149.83499999999594,-32.78900000000249,282.1289999999994,136.02300000000014,38.03100000000086,71.84000000000026,57.94999999999959,-30.22999999999456,189.3419999999992,-90.11499999999728,-7.439999999996871,110.4629999999986,-89.15100000000109,7.513000000000147,64.76499999999987,-78.40399999999761,19.249999999999545,46.28300000000252,-36.77999999999884,-13.810999999999751,32.45900000000006,-88.72599999999693,1.0219999999989682,-17.288000000002057,-9.860000000000468,20.57000000000002,260.7040000000001,81.344,-3.461000000004333,162.70200000000017,102.45299999999986,6.857000000002245,72.95599999999993,81.6270000000003,17.957000000001244,17.262999999999984,15.875999999997248,13.268000000000768,11.287999999999698,8.646000000004506,10.37900000000036,28.139000000000003,7.539000000001295,-6.024999999999636,85.12499999999932,-131.60100000000057,-1.8100000000004,46.13500000000101,-60.302999999998974,16.79500000000047,134.46500000000017,21.056999999998997,-14.426000000003114,27.11999999999932,-0.2070000000003347,-9.008000000000038
640.0580000000048,-453.6580000000001,4.650999999989836,643.365,-327.44600000000014,33.92300000000432,501.4439999999993,-171.32100000000037,39.588000000003376,151.8620000000027,-400.30799999999545,-49.04799999999341,73.47900000000038,-99.063000000001,-38.48899999998139,-151.7879999999991,-559.6220000000017,46.15400000000136,455.1879999999983,-826.176000000001,154.91899999999532,494.8059999999998,97.8180000000009,60.85199999999986,404.1730000000001,48.71600000000029,66.14999999999327,421.08300000000014,-81.87700000000007,-136.02300000000014,129.3520000000001,-181.241,-30.902000000003227,272.4560000000004,125.19400000000049,42.120999999997366,78.83099999999956,79.76400000000012,-10.644999999999529,200.77300000000093,-75.89800000000082,1.6660000000001671,113.1260000000026,-134.44900000000075,7.889000000000124,72.0959999999991,-93.10899999999832,22.241000000002487,52.95999999999594,-45.34299999999689,-8.793000000000006,83.05000000000007,-62.27499999999964,-6.526999999999816,53.13700000000381,-47.96000000000049,12.05800000000039,255.87399999999965,112.48100000000036,7.782000000008793,148.29499999999987,104.21300000000002,13.51099999999974,155.88700000000006,27.168999999999244,-8.764999999999645,17.497000000000007,13.697000000001935,16.165000000000873,12.265000000000017,12.355999999999767,11.221999999999356,28.558999999999912,4.33400000000006,-3.5410000000005937,97.43399999999838,-115.8110000000022,-2.52999999999588,52.64099999999985,-57.44600000000162,21.195000000000164,191.44900000000007,55.45799999999872,-9.393000000000027,24.24699999999973,1.3880000000000337,-8.40299999999985
603.8419999999974,-456.90599999999966,0.7810000000063155,648.6569999999972,-331.47899999999987,31.580000000008116,505.13499999999993,-174.51400000000064,44.10399999999299,181.6689999999994,-392.5260000000037,-13.794000000007143,51.40199999999879,-116.02399999999876,-27.953999999999724,-162.29000000000156,-547.3539999999957,56.054999999992106,448.8400000000013,-842.7680000000009,158.5570000000189,494.838,97.37399999999994,72.24099999998543,387.530000000001,41.082999999999714,83.64200000000892,425.5629999999997,-131.64200000000008,-147.1860000000106,123.62300000000062,-38.86699999999905,5.597000000000207,279.14700000000005,113.7749999999997,41.61900000000287,88.45600000000005,64.65400000000159,-8.764000000007854,204.97500000000173,-76.6900000000021,-12.328999999999724,137.3660000000001,-105.36199999999953,0.4210000000000491,72.40699999999833,-84.48700000000144,6.780999999995174,53.89000000000408,-46.878000000003794,-15.48000000000087,84.73999999999933,-61.74000000000319,-5.674999999999386,-17.196000000001277,17.315999999999576,2.2419999999996776,260.5789999999999,47.67399999999995,4.028999999991356,164.9000000000001,106.68100000000038,7.97099999999773,111.65399999999995,58.8019999999986,0.7360000000005584,17.502999999999957,13.397999999997978,17.940999999999008,18.19500000000005,8.625000000000682,11.706999999999825,25.99499999999999,6.20399999999961,-4.363000000000028,114.02899999999931,-85.95599999999877,-2.2240000000010696,51.12500000000182,-63.96500000000458,18.34199999999981,88.24500000000057,21.395999999998597,-5.581999999998288,31.761000000000195,-2.0109999999988304,-9.261000000000765
619.1220000000044,-459.985,-7.616999999981999,652.5180000000006,-336.85400000000027,29.19899999997142,512.4179999999996,-178.97299999999916,42.41899999999532,143.2709999999986,-384.1859999999997,5.395000000021355,76.34699999999981,-102.17299999999908,-34.02100000000701,-169.8030000000017,-541.4070000000038,56.79900000000089,438.7180000000001,-862.4810000000025,158.48399999999856,491.58199999999965,94.51899999999895,82.87400000001526,367.7139999999994,36.5230000000004,96.99800000000778,372.927,-93.0569999999996,-108.00799999999526,138.19100000000049,-110.41299999999978,-2.098999999998341,314.4189999999998,69.55499999999972,11.029999999993834,108.19600000000024,62.57699999999886,-4.24199999999928,199.73399999999515,-42.44899999999916,4.0100000000052205,64.61099999999931,-86.2499999999983,45.33400000000256,58.652000000000726,-53.77200000000073,7.708999999999833,48.15199999999607,-34.50900000000274,-18.46699999999828,72.53100000000074,-55.62699999999836,-12.770000000000437,5.227000000002136,-16.248999999999114,1.1309999999994602,249.2970000000003,85.7689999999998,-0.433999999995649,151.26999999999987,109.01499999999942,8.298000000002048,100.29000000000003,58.11100000000096,2.873999999997068,17.794000000000043,14.773000000002412,20.198000000000604,18.583000000000283,10.899999999998045,14.836999999999987,26.506000000000185,7.583999999999946,-2.5199999999998117,110.66299999999956,-66.72900000000368,-10.09300000000053,39.73699999999951,-54.351999999994405,10.195999999999117,149.17199999999866,51.88400000000115,-9.038999999995667,33.281000000000915,10.708999999999946,-11.17399999999975
630.675999999994,-468.9080000000004,-10.47399999999925,653.8040000000024,-344.51199999999955,28.25900000002548,517.1289999999999,-187.30500000000063,45.99600000001374,154.99599999999987,-376.75800000000095,-18.676000000004933,79.02300000000082,-94.70799999999711,-31.04200000000219,-192.67899999999827,-524.8809999999992,66.06500000000324,419.6590000000015,-876.6179999999963,158.43499999998585,494.1040000000001,84.80300000000085,91.72399999999924,346.8959999999996,25.02199999999988,111.96199999997134,384.6829999999997,-158.1380000000003,-115.16100000000051,151.06199999999887,-122.77200000000336,-15.241000000003169,214.1030000000001,198.3779999999996,62.72500000000037,116.47800000000004,58.983999999998105,-4.9080000000003565,197.32099999999943,-21.00999999999829,-4.894999999999072,83.44199999999944,-89.41300000000183,16.586000000000922,51.836000000000126,-26.90899999999772,0.506999999998925,36.30200000000059,-19.47299999999359,-14.215000000000089,78.24699999999893,-66.29300000000171,-9.631999999999152,-6.979000000001179,5.460999999999672,-0.8839999999999293,243.82700000000028,84.80699999999999,9.100999999998294,158.19799999999978,111.26699999999944,7.396999999997433,111.445,63.61800000000102,-6.259000000000015,20.09999999999996,16.41700000000128,17.997999999998626,20.61100000000025,12.036999999997988,15.483000000000402,26.126000000000005,6.323000000000434,-2.476000000000056,113.70200000000068,-42.93599999999742,-19.325999999995247,28.43499999999892,-38.11300000000131,6.075000000001296,191.8180000000007,86.22500000000173,-12.229000000007773,33.07799999999901,5.974999999997976,-11.955000000000382
603.5280000000057,-471.125,-12.036000000011882,655.7879999999983,-347.9419999999997,25.610999999980777,513.4960000000007,-183.51299999999924,45.21500000000742,155.46600000000126,-359.69200000000114,-20.055999999999585,94.25600000000004,-95.9450000000004,-35.009999999988395,-181.21300000000247,-517.9230000000018,59.02100000000701,411.230999999998,-892.5629999999956,151.8440000000055,506.333,72.21600000000024,87.4259999999822,333.3120000000008,20.467000000000013,114.51500000002852,334.90500000000054,-122.17199999999976,-81.6159999999968,157.84199999999942,-107.5529999999958,-2.3499999999899046,263.6300000000002,92.54200000000026,18.07300000000396,135.7140000000001,49.3220000000008,-4.480000000000928,178.55200000000195,-23.508999999998537,-25.702000000012504,75.14500000000055,-88.12099999999816,14.635999999995876,39.16100000000142,-42.06100000000106,-8.395999999999049,-1.839999999998554,-189.66700000000287,86.30099999999885,47.630000000000905,-7.208999999994603,-19.93100000000112,-2.161000000000968,13.620999999997707,-6.607999999999947,239.89099999999937,82.89000000000044,4.412999999999556,154.47700000000032,115.25200000000098,6.756999999998925,97.681,62.45799999999946,-3.964000000001988,21.994999999999987,18.045000000000755,20.10000000000076,24.512999999999607,15.32900000000268,15.400999999999954,25.78800000000001,9.5870000000005,-7.361999999999824,110.00999999999976,-26.573999999999387,-29.48300000000472,11.012999999999806,47.07000000000221,84.02299999999912,143.94400000000047,79.32399999999973,-18.996999999995975,30.329999999999306,13.733999999999469,-13.432000000000244
620.3489999999988,-478.913,-19.82399999999416,649.6620000000007,-356.48300000000074,22.533999999996013,512.7439999999992,-182.96100000000024,41.942999999992026,151.7499999999984,-368.71699999999805,-35.4010000000244,100.17100000000028,-86.1660000000029,-35.90100000001257,-217.53199999999424,-506.1339999999973,65.28299999999945,391.26600000000167,-906.5150000000074,144.05500000000302,475.2600000000001,79.09799999999976,103.2470000000103,309.11299999999926,13.277000000000072,120.39800000000014,337.48999999999967,-155.84300000000013,-67.16999999999871,167.83700000000294,-98.60800000000154,-19.1340000000082,282.7939999999998,82.65499999999975,38.39100000000144,149.42300000000017,48.182000000002745,-8.947000000000571,151.66600000000017,-19.53100000000063,-44.786999999985255,67.1779999999984,-63.21300000000178,10.013000000003558,30.562000000000467,-16.40899999999874,-9.57300000000032,43.09100000000399,179.79100000000017,-113.1219999999999,21.12500000000068,22.033999999996468,-14.031999999998844,-8.116999999998598,30.800000000002115,-12.417999999999552,236.4180000000005,82.57499999999993,5.133000000012089,157.123,115.01399999999931,8.941000000004351,103.816,70.23300000000035,-2.794999999997572,19.20800000000007,15.986999999998377,14.887000000000228,24.03899999999979,20.76699999999505,15.030000000000143,29.373999999999967,8.647999999999456,-8.056000000000552,102.56300000000353,-19.82100000000173,-36.914999999999054,2.849000000000501,-6.728000000001089,-4.841999999999302,140.39099999999962,129.37799999999982,-9.210000000001628,30.32800000000151,14.01000000000181,-14.68799999999959
606.1949999999968,-488.841,-18.93299999999272,650.0290000000007,-359.05799999999954,23.81600000001072,508.9030000000008,-187.00900000000047,40.51600000000235,170.59600000000046,-327.5880000000029,-22.04599999997754,108.92699999999992,-85.4979999999955,-37.28000000000975,-198.82499999999936,-534.8510000000033,58.73999999998887,379.3119999999988,-916.5899999999964,127.40499999999884,486.8939999999995,66.6640000000001,91.96799999999712,287.64400000000023,12.068000000000012,123.3389999999872,324.90000000000094,-170.28999999999996,-44.23199999999952,178.8979999999981,-93.56999999999972,-29.381999999998243,284.389,78.3140000000003,34.874999999999545,159.1089999999994,42.516999999998006,-16.692999999997937,134.1859999999997,20.38599999999917,-31.5490000000068,67.84400000000232,-75.19800000000032,6.353999999998905,35.65699999999765,-15.72400000000016,-14.956999999998288,13.23399999999424,6.757000000004609,-16.074999999999307,43.08900000000051,-8.422999999999092,-9.180000000000632,-15.890999999999169,43.5169999999971,-17.24800000000002,242.22499999999985,77.87999999999968,3.075999999987289,159.88100000000003,113.59599999999972,2.2519999999985885,103.182,66.08599999999996,-0.4729999999995016,22.08899999999989,19.568000000001007,20.542999999999267,24.524999999999864,18.890000000004648,17.602999999999724,19.89200000000011,12.577000000000282,-5.836999999999648,102.52999999999588,-5.088000000000648,-42.39800000000287,2.5509999999997035,9.415000000001328,-14.449000000000469,129.92299999999943,68.325999999999,-34.293000000002394,30.752999999998565,15.251000000000658,-16.544999999999277
597.5320000000011,-482.2029999999998,-16.930999999999585,645.1120000000003,-363.3510000000001,21.997000000010303,508.2179999999994,-187.30999999999935,40.24600000000192,157.8140000000019,-347.3259999999982,-44.445999999993546,119.80799999999904,-83.05100000000039,-35.65699999999197,-212.1190000000041,-473.4129999999993,53.99200000001656,360.07999999999925,-929.0890000000048,115.79600000000028,483.3919999999999,60.52399999999949,93.10299999999644,274.4250000000008,8.872000000000213,122.16800000001058,307.9439999999991,-179.7789999999999,-24.054000000001,182.99200000000155,-94.93100000000254,-37.34200000000101,260.52599999999995,104.75500000000012,37.78699999999162,149.6600000000008,37.54500000000007,-45.34400000000005,112.38099999999918,10.033999999998857,-40.67400000000134,74.14499999999862,-52.047999999999206,3.631999999998925,39.91100000000074,-8.162000000001512,-11.328000000003158,10.302999999998974,5.715999999995347,-14.107000000001335,25.258999999999787,12.755999999995993,-11.697999999999809,-14.88300000000322,43.76200000000097,-16.033000000000186,239.19,73.87799999999984,1.391000000000986,149.98800000000008,109.2480000000009,7.096000000001368,100.28499999999998,56.597999999999615,-10.250999999999522,22.45600000000003,14.221000000000572,18.572000000001765,27.55100000000041,14.489999999995009,18.692000000000064,20.520999999999745,7.888999999998703,-2.3969999999998493,101.19600000000446,-5.712999999997237,-38.75400000000013,-0.7139999999992597,8.77699999999777,-9.358000000000288,126.1710000000008,80.90200000000038,-31.911999999999807,29.283000000000925,12.241999999997688,-13.828000000000884
592.5380000000018,-478.5690000000002,-20.850000000018557,638.664,-368.9810000000001,20.372999999995045,505.1310000000001,-186.39399999999995,35.314999999991414,176.54699999999934,-306.26499999999623,-29.38200000000961,124.54600000000084,-81.46600000000035,-34.98500000000604,-208.8709999999992,-455.8770000000038,54.66299999998228,348.8640000000032,-934.4539999999996,98.6449999999877,501.2070000000001,45.83499999999958,78.69900000000598,256.26800000000003,3.1189999999995166,123.81600000001072,299.9449999999996,-184.3520000000005,-7.202000000006592,185.863999999998,-94.04599999999732,-43.88999999999896,282.826,51.69400000000053,36.05400000000145,205.33399999999983,41.424999999998136,-23.772999999994227,104.80600000000209,-8.703999999997336,-50.78800000000001,69.84600000000114,-136.3190000000003,1.3579999999990378,43.75599999999906,0.0979999999998426,-14.946999999995114,12.556000000000722,5.232999999998356,-17.535999999999774,28.390999999999167,2.463000000005877,-13.072999999998558,3.8079999999979455,21.106000000000336,-26.480000000000103,234.4299999999997,70.98900000000015,1.178000000004431,156.05899999999977,99.94099999999976,1.5069999999980157,88.04200000000003,53.66500000000087,-4.223999999999251,21.981000000000076,13.48199999999906,16.491999999999507,27.076999999999884,17.990000000003192,14.822999999999809,14.744000000000312,9.638000000001057,-7.075999999999993,82.89800000000014,-11.209000000002334,-25.77499999999304,-1.0270000000019763,-5.613999999999919,-9.590000000000032,144.5840000000004,95.20899999999985,-28.35399999999595,32.82699999999892,13.385000000002378,-14.940999999998894
583.001999999999,-471.4680000000001,-19.22599999998056,620.832999999999,-364.8619999999994,20.874000000003434,503.8390000000007,-188.6120000000005,34.22900000000482,164.06399999999906,-330.65200000000345,-66.72300000000178,134.04199999999946,-76.17200000000253,-35.9749999999849,-232.3139999999995,-423.52599999999256,56.00600000000213,330.5000000000007,-943.6739999999986,83.06800000000294,464.2180000000003,52.31500000000011,90.74699999998757,248.56300000000005,6.307000000000329,124.02399999996304,291.3460000000015,-197.32699999999923,4.279000000008182,174.56399999999803,-43.47900000000209,-31.82399999999461,288.934,36.54500000000098,34.36300000000756,197.9420000000005,45.96300000000042,-20.343000000002576,90.6499999999994,18.57299999999782,-28.13099999999622,79.90199999999845,-26.85400000000016,6.808000000000902,58.083000000002016,8.320000000000505,-6.974000000002434,16.666000000000736,-0.2160000000003492,-19.418999999999187,30.15399999999886,-3.741000000002259,-9.728000000001202,-25.430000000000064,24.55700000000149,-2.271999999999963,227.36500000000035,62.15000000000046,-5.767000000003009,141.05300000000014,98.58700000000056,2.645999999998594,91.08599999999996,54.03499999999895,-4.376000000002023,25.28699999999997,12.828999999999269,16.474999999999795,25.94100000000026,15.271000000001322,15.330000000000156,16.87299999999965,9.86599999999953,-3.856000000000392,127.05699999999638,7.25100000000225,-43.06900000000837,2.0330000000029718,-7.013999999998077,-6.605999999999312,130.83099999999916,83.47699999999918,-32.15600000000336,35.724000000000444,11.676999999997406,-12.83600000000007
574.9169999999992,-466.8139999999994,-17.10199999999986,621.7450000000014,-360.2930000000008,17.737000000010994,501.3329999999996,-188.33900000000057,33.166000000005624,200.40500000000063,-271.25599999999963,-41.27199999998084,144.69200000000058,-74.46600000000103,-35.375999999996566,-202.80100000000232,-417.92599999999993,51.20800000001964,320.40999999999826,-952.9849999999954,66.52899999999136,478.7249999999997,37.66300000000058,84.4970000000103,237.74099999999976,2.4879999999996016,128.5640000000285,295.46200000000056,-210.57500000000005,10.839999999996053,199.1640000000018,-102.90200000000029,-22.57700000000113,268.158,57.63399999999877,31.56099999999924,203.98499999999945,41.67400000000043,-24.084000000004835,97.6290000000006,23.68600000000072,-19.66499999999769,61.05200000000082,-58.80599999999845,-2.0539999999982683,48.27399999999784,-25.12800000000084,-3.5730000000000928,18.9690000000013,-9.093999999998914,-13.86099999999999,37.958000000000425,-19.17100000000005,-7.068999999999903,-8.446999999995342,12.1610000000004,-2.693000000000012,237.33000000000004,63.77299999999977,0.2929999999992105,145.94699999999995,78.46799999999945,2.309999999999945,81.24400000000004,41.924000000000206,-1.389000000000351,21.096000000000004,9.91199999999992,17.110999999999876,32.764999999999844,25.027000000000044,12.194000000000926,8.0090000000002,6.179000000000201,-3.067999999999671,111.36800000000449,-9.512000000000851,-25.797000000000025,6.499999999999773,-23.26100000000224,5.09399999999971,184.03899999999996,88.87400000000127,-45.929000000001,28.10900000000061,14.846000000000004,-16.734000000001004
557.5049999999976,-449.991,-18.54200000000219,605.6959999999975,-356.7299999999996,12.51199999999244,453.8579999999982,-174.18699999999916,30.835000000001852,195.51999999999907,-299.0959999999973,-38.90400000002501,156.0209999999998,-65.94900000000052,-36.59600000000864,-203.22299999999984,-393.4239999999989,50.06199999997989,303.9850000000001,-950.3990000000044,50.500000000010914,482.17800000000005,29.12199999999956,81.9819999999936,230.33599999999976,4.53200000000038,129.98099999999795,275.9029999999996,-194.67900000000037,16.55799999999772,186.7580000000032,-42.48599999999669,-23.14400000000205,272.479,58.40299999999985,27.30699999999615,203.13599999999997,40.625,-21.514999999999414,94.42999999999984,16.8059999999997,-17.25500000000011,84.29399999999987,-79.77000000000203,18.588999999997213,43.60200000000134,-48.19200000000024,-8.791999999999689,19.73899999999844,-8.935999999999922,-14.271999999999707,43.372999999999706,-20.31900000000064,-7.556000000001006,-4.651000000001204,6.283999999999423,-7.51199999999983,215.7500000000006,55.92899999999972,-6.434000000001561,130.50999999999993,77.66400000000004,8.017000000000962,77.39099999999995,38.98599999999988,-1.452000000000453,21.435,6.775999999999272,15.166999999999575,22.19699999999989,-8.642000000003236,21.272999999999342,5.320999999999998,5.787999999999727,-4.878000000000071,113.02499999999895,-17.714999999998327,-19.906999999994923,11.26299999999958,-18.76800000000003,4.890000000000327,87.6720000000006,81.27900000000068,-25.356999999996788,26.40300000000053,10.572000000001935,-11.22000000000014
551.7539999999997,-434.3820000000008,-24.06100000000606,594.4400000000002,-354.82200000000006,14.098999999987427,540.7360000000011,-212.26900000000057,22.851999999988948,201.54699999999931,-279.7800000000052,-42.01700000000983,166.1670000000001,-72.70199999999818,-33.83799999999155,-197.89600000000007,-380.1360000000045,50.30500000000302,284.62900000000104,-953.0460000000004,36.474999999995816,472.14300000000014,15.74200000000019,84.81500000000324,231.38699999999943,-1.4389999999998793,135.97399999998743,272.83099999999934,-197.15300000000013,13.116999999999734,199.64299999999756,-23.68200000000229,-23.13299999999572,269.462,82.8000000000003,33.087000000000444,130.54699999999997,25.89500000000271,-6.56099999999924,101.22700000000007,-16.275999999999158,-31.982000000004973,79.21000000000049,-84.69400000000178,12.298000000004096,39.37100000000271,-40.537999999997965,-1.803999999998496,7.881000000000426,-143.21600000000103,61.946999999999264,43.19500000000005,-27.895999999998367,-9.904000000000224,-11.524000000002845,3.972999999999161,-7.802999999999827,215.13299999999944,58.44999999999985,-6.596999999987929,128.20399999999984,73.73199999999969,8.890000000002374,70.45199999999996,39.54900000000095,-0.3419999999948686,15.280000000000005,3.719999999998436,16.557000000000244,24.30999999999983,6.821000000002186,18.85999999999939,0.0250000000001193,3.1790000000000878,-3.441000000000116,113.8149999999996,-20.001999999999494,-19.47600000000307,10.665999999997666,-31.779000000000224,9.365999999999984,117.48999999999938,77.34499999999969,-27.222000000000435,19.759999999999422,5.0019999999989295,-9.938999999999965
539.670000000001,-416.5109999999984,-24.144999999998618,581.2849999999997,-343.55099999999936,8.764999999993961,490.5439999999999,-194.04499999999985,20.45900000000529,205.29000000000224,-263.17999999999984,-38.65999999998167,172.17200000000048,-68.89600000000087,-28.78400000001875,-193.7729999999988,-362.2009999999989,48.864000000003216,264.80999999999995,-951.2299999999982,22.850999999991476,469.94799999999975,7.784000000000191,91.23500000000604,231.8570000000008,9.694999999999965,151.07399999999416,252.9229999999984,-172.86299999999954,19.177000000001957,200.1649999999984,-58.29800000000205,-46.39300000000048,283.136,30.919999999998996,24.297999999998865,185.99499999999975,36.84599999999705,-10.47399999999925,108.78000000000156,4.786999999998898,-11.260999999990418,70.87300000000027,-89.96699999999578,12.271000000004053,39.18299999999704,-55.2030000000002,-5.795000000000528,21.12500000000068,-21.593999999998918,-10.500000000000398,38.79500000000178,-30.324999999999136,-2.517999999997756,-6.880999999998494,-0.8690000000001419,-2.0280000000006737,215.578,97.49000000000052,9.575999999992746,125.80400000000012,72.04200000000043,9.717000000000551,61.29900000000008,32.2969999999998,3.905999999994947,15.873999999999988,4.645000000002142,18.83100000000013,18.917000000000428,9.694999999999254,21.31700000000052,-3.5870000000002733,6.42700000000076,-4.24899999999937,105.0329999999974,-21.79800000000114,-21.636999999998352,9.7849999999994,-33.962999999999965,10.285999999999262,115.34500000000064,79.77300000000014,-24.51500000000237,15.17599999999959,12.117000000000644,-10.16699999999986
524.9850000000038,-403.1750000000002,-26.526000000012573,570.3579999999988,-338.1110000000007,5.823000000009415,452.64800000000207,-184.67500000000143,28.685999999993328,164.264,-287.212999999997,-31.87199999999848,184.469,-74.80199999999968,-35.070999999993546,-183.10199999999952,-350.0299999999981,45.21500000000742,242.64200000000076,-945.5719999999984,10.59600000003229,466.1540000000002,-3.441000000000116,91.00399999999809,220.31199999999984,-2.6760000000003004,138.39100000000144,260.58100000000195,-169.69800000000035,-3.583000000003267,198.0380000000025,-54.0489999999977,-46.5020000000095,258.67799999999994,78.63900000000115,39.19100000000526,191.7809999999996,37.36000000000104,-6.664999999998145,120.29699999999366,-4.711000000000354,-21.33800000001429,72.95199999999795,-90.8140000000003,14.990999999992027,33.53500000000054,-37.19600000000014,1.5649999999993724,36.7289999999997,124.87800000000108,-91.92799999999863,33.36400000000026,-26.749000000000933,-5.645000000001232,-5.975999999998294,-5.732999999997901,-1.7659999999999343,204.79799999999955,15.494999999999948,-15.717000000006465,114.28100000000008,69.43600000000032,11.526000000003478,57.07500000000003,34.12000000000006,3.5310000000038144,11.210999999999949,0.441000000000713,20.009999999999195,17.40300000000019,10.962000000006356,15.909000000000615,-8.367999999999753,2.64399999999938,-1.4400000000009072,101.3180000000034,-44.62599999999952,-22.561999999999216,8.054000000001338,-31.098999999997545,7.316000000000145,110.08700000000005,75.86999999999762,-21.34699999999725,11.852000000000372,5.271999999999366,-4.169999999999163
520.8129999999983,-381.2810000000013,-35.15599999998358,562.4850000000038,-323.8289999999992,4.4429999999920256,512.9439999999988,-208.98799999999935,18.665000000009968,213.5260000000017,-257.52600000000143,-42.12700000000496,196.22600000000008,-77.96599999999785,-28.467000000000557,-236.82600000000207,-386.7439999999988,53.51599999999053,225.4729999999995,-934.4449999999996,-2.5270000000091386,459.2789999999999,-13.844999999999883,92.50500000000557,230.72899999999947,0.8890000000000953,152.0870000000059,263.07199999999966,-211.2030000000001,-2.422999999998865,203.946000000002,-7.947000000001481,38.17700000000741,273.333,44.96999999999929,38.00699999999324,192.0720000000003,32.70300000000361,-0.4149999999981446,133.42900000000668,-17.746999999999957,-19.78199999998651,75.47200000000203,-83.26399999999978,13.040000000000871,40.71700000000078,-49.009000000003766,3.601000000003296,17.164999999999964,-25.3120000000024,-8.232000000000994,29.903999999999087,-24.512000000004264,-5.746000000000606,-2.591000000001032,2.41800000000012,1.104000000000127,203.904,97.03699999999957,5.494000000010146,122.02199999999992,78.23399999999907,9.58599999999592,60.04199999999997,34.39200000000113,-1.2080000000025848,10.780000000000012,-0.4089999999990823,18.62700000000075,20.208999999999836,1.7909999999915271,23.65099999999956,-5.307000000000173,-1.2660000000010996,-1.2899999999994805,91.94299999999772,-44.00400000000104,-21.420000000000528,8.51600000000019,-28.94600000000196,5.5239999999997735,107.60199999999998,88.97500000000207,-27.29100000000244,10.877000000000692,1.8190000000004147,-2.849000000000501
505.94199999999887,-369.3519999999992,-38.73300000002473,552.425999999997,-317.6880000000011,1.8430000000080329,444.14600000000064,-184.60199999999816,25.438999999983025,224.26699999999755,-254.8699999999997,-57.567999999992026,207.4079999999995,-79.2509999999993,-30.12699999999313,-151.73799999999744,-202.81300000000329,22.04600000002301,202.58200000000105,-922.3720000000014,-13.805999999999583,449.503,-25.3619999999998,98.7179999999853,229.8569999999998,-0.2299999999998192,154.9440000000004,256.6149999999993,-198.75900000000007,-4.53499999999849,168.20899999999597,-71.82599999999866,-47.72300000000769,277.40600000000023,22.136000000000426,42.43099999999913,196.96400000000125,30.18199999999638,3.014999999993506,148.16299999999956,-50.36599999999965,-40.32600000000457,72.46199999999874,-77.54500000000064,17.11700000000178,35.938999999999055,-49.03099999999654,1.8469999999979336,13.415000000000532,-12.957000000000107,-17.79899999999941,24.82699999999909,-24.459999999999127,-5.096000000000345,-1.6810000000020864,-7.611000000002832,0.2639999999999531,206.75999999999988,13.537000000000177,-10.626999999999498,115.27600000000008,81.66099999999972,7.644999999996571,58.5259999999999,46.787999999997965,-1.6999999999995907,6.834000000000007,3.261999999998011,24.51599999999985,14.108000000000231,7.8550000000007,23.21599999999933,-11.91299999999984,3.344000000001301,2.0719999999997185,73.4800000000007,-85.27500000000146,-0.19500000000221,-1.6789999999986094,-145.86499999999774,25.10400000000033,153.77299999999963,89.24899999999809,-32.871000000000095,10.13799999999918,12.543999999999755,-5.759999999999366
499.203,-346.21700000000004,-33.312999999975546,538.7210000000039,-303.27800000000025,-2.8440000000045984,478.1759999999992,-199.5010000000008,20.862000000010998,226.4160000000004,-241.4949999999976,-69.61700000001656,215.47300000000007,-78.4089999999992,-28.17400000001271,-180.9890000000024,-337.9760000000033,49.64599999998427,190.634,-916.818999999998,-13.867000000004737,448.912,-37.62300000000067,99.9390000000176,232.76200000000105,-6.106000000000478,156.77499999999327,243.141,-184.48499999999973,-7.744999999999891,238.0679999999984,-25.391000000001892,-2.1359999999958745,268.26199999999966,44.50499999999949,46.91800000000512,192.9939999999988,26.128999999997404,7.05600000000004,154.1809999999998,-52.65699999999924,-33.53799999999865,73.1570000000005,-70.60999999999922,7.815999999996848,48.793000000000575,-41.94300000000055,6.371999999998934,7.720999999997957,-13.635999999996784,-14.951000000000649,17.02799999999911,-18.76800000000003,-5.349999999999966,-0.6869999999935317,-6.406999999998675,0.6770000000003051,197.824,49.28099999999986,0.6469999999922038,116.467,95.8280000000002,11.711999999999987,50.20799999999994,49.55900000000071,3.472999999996773,7.552000000000003,5.210999999999899,23.896000000000583,13.989999999999725,8.536000000003696,27.31500000000011,-9.637999999999993,1.705999999998653,-4.308999999999941,92.0659999999998,-36.53899999999908,-39.5780000000002,9.188999999997804,-8.994000000001279,-0.5970000000004916,36.53800000000018,91.41100000000222,-12.801999999987856,9.715999999998814,5.355000000000132,-5.075000000000784
485.4620000000011,-329.35899999999947,-42.28500000001532,531.8870000000004,-298.4419999999986,-6.970000000001164,468.02299999999946,-193.22099999999975,16.08899999998812,247.4060000000009,-239.79199999999992,-51.74499999998261,222.53099999999927,-86.5600000000029,-27.01400000000831,-143.90399999999772,-277.1609999999896,28.51499999999305,178.46699999999487,-901.1930000000008,-21.337999999991556,440.116,-46.80099999999996,98.8399999999956,240.0999999999996,-1.9839999999994973,161.6820000000189,249.60800000000063,-186.7650000000001,-13.415999999995163,201.51400000000308,-59.82399999999757,-34.29599999999482,285.5710000000002,6.0739999999995575,41.29599999999982,192.5640000000001,19.61300000000392,6.018000000005941,167.55999999999744,-49.84400000000164,-36.58500000000231,13.870000000000005,-119.6360000000027,63.9220000000023,84.91699999999867,-210.59300000000007,-17.56599999999935,4.964000000001079,-9.676999999999223,-17.435999999999297,9.175000000001887,-16.21399999999653,-5.525999999998987,23.76999999999612,-78.95300000000134,6.6250000000003695,211.00600000000043,53.75900000000016,3.11900000000378,113.53599999999994,104.68100000000078,9.4820000000027,56.621000000000166,57.41500000000031,-0.0799999999969713,5.8880000000000265,5.5590000000023565,27.718999999999028,5.508999999999986,14.370999999999867,24.568000000000723,-9.684000000000026,6.0990000000003874,0.3410000000002355,59.70500000000243,-104.46999999999775,4.773000000000138,18.668000000002397,98.96699999999896,-3.682999999999481,179.32500000000005,111.74699999999972,-38.27200000001199,9.20600000000178,8.705000000000496,1.3869999999997162
463.5620000000017,-325.98800000000097,-42.91999999998097,519.3299999999965,-287.106,-6.970000000001164,466.3899999999984,-195.5360000000013,14.782000000013795,253.4060000000011,-234.57300000000032,-66.2230000000136,234.51999999999916,-80.72199999999725,-23.86500000000069,-126.34299999999996,-257.7150000000074,27.076000000010936,170.21200000000363,-889.3799999999999,-25.58600000002116,438.288,-54.83499999999992,101.12299999998412,243.1849999999997,-3.4240000000004045,158.96000000000186,244.0110000000004,-174.5239999999999,-16.558000000009088,198.3060000000023,-62.999999999999545,-24.432000000001608,261.08200000000005,33.39300000000094,49.14599999999609,190.25999999999925,17.74899999999775,3.7349999999946704,180.54200000000264,-33.202,-25.83599999999251,162.25900000000024,1.528000000001839,-37.84800000000246,38.11599999999942,-14.874000000000365,-5.283000000002858,5.115000000000691,-10.205000000001974,-15.308000000000275,10.183000000000677,-14.285000000000991,-6.1230000000009,-12.264999999996462,33.320000000000505,-3.957000000000477,190.64699999999988,82.62599999999978,5.187999999998283,115.78299999999996,116.26199999999898,7.004000000000588,59.31899999999999,69.70599999999934,-5.403999999998632,-4.596,10.486999999997693,31.14699999999999,8.877999999999986,15.978999999998678,31.59799999999961,-10.486000000000216,1.02900000000119,0.468999999999653,73.23900000000094,-66.62900000000604,-20.355999999998176,7.46899999999755,-12.961999999998852,1.484999999999559,60.945999999999856,107.8819999999979,-17.983999999995604,6.708999999999321,11.902000000000612,-0.8369999999999322
490.6369999999981,-285.38599999999974,-48.04700000001958,513.0620000000022,-275.45200000000136,-11.572000000001026,456.567000000004,-194.4919999999996,8.289000000013402,259.3349999999987,-216.54100000000085,-64.745999999991,240.90400000000187,-88.43700000000467,-27.391999999986183,-119.42300000000046,-265.1920000000018,26.74499999998261,162.37800000000107,-877.4380000000065,-32.65399999997953,433.5839999999999,-59.241999999999706,99.07200000000104,232.8710000000001,-18.079999999999785,147.582999999986,239.42699999999772,-166.26900000000012,-16.992999999990843,195.6049999999948,-56.04600000000346,-33.40500000000475,245.402,55.78000000000003,58.7280000000078,185.79500000000024,10.416000000003578,1.0679999999979373,177.39499999999566,-43.888999999998646,-24.4570000000067,96.48300000000064,-22.626999999999956,14.6850000000029,52.558000000001925,-7.595999999998071,0.4729999999995016,4.121999999998138,-11.946999999997844,-14.172999999999549,13.569999999998572,-16.701999999997952,-5.056999999999334,1.7609999999933734,-4.624999999998636,3.802999999999912,206.0929999999999,55.52300000000017,4.151000000001659,115.35600000000004,122.44700000000108,5.089999999995598,56.105999999999945,74.99399999999952,1.4250000000004093,6.316999999999995,13.414000000000216,33.24499999999944,9.253000000000355,14.32800000000043,36.57699999999977,-9.50199999999981,0.9349999999997748,-5.247999999999564,86.18999999999915,-43.91799999999648,-37.32899999999972,7.443000000000666,-14.053000000001248,5.8710000000004925,149.87799999999964,143.85600000000238,-24.548999999996116,3.328000000000486,15.119999999998868,1.4930000000006771
443.050999999997,-294.5350000000005,-48.45000000000255,499.4349999999997,-269.05399999999986,-15.808999999990192,453.76899999999694,-197.78300000000115,6.835999999975684,262.00299999999856,-214.4229999999993,-66.49199999999382,242.44099999999804,-88.6289999999974,-28.57699999999568,-90.78300000000183,-225.9149999999977,21.606999999994517,150.48799999999574,-863.2689999999968,-42.74900000000344,427.4599999999999,-69.1989999999997,93.6890000000176,245.21500000000032,-13.83999999999972,150.08600000001024,238.7590000000017,-156.70000000000002,-18.06599999999889,191.36400000000435,-63.387999999997646,-34.484999999995125,256.15300000000013,24.36999999999898,46.53899999999567,187.56500000000077,4.214999999999236,-8.934999999996762,182.55000000000337,-56.49600000000135,-33.63600000000133,56.45899999999813,-54.23900000000117,69.54000000000065,53.26499999999896,-13.60000000000241,3.745000000003529,7.267000000001644,-12.69900000000348,-11.915000000000475,12.812999999999874,-18.853999999998905,-4.390000000000782,3.845000000001164,-10.973999999998796,0.1870000000003813,207.75799999999973,55.17200000000031,12.59099999999762,107.706,136.54200000000003,9.216000000009217,58.18100000000008,82.06400000000116,0.461000000001377,-5.891000000000002,15.194999999999936,39.94300000000095,-3.5150000000008674,15.494000000001051,39.383000000000834,-11.526999999999887,7.462999999999909,1.3179999999998415,61.53600000000097,-107.72099999999796,3.408999999999196,12.256999999999609,-15.554999999997676,5.440000000000111,99.3620000000007,112.86699999999996,-37.12999999999624,1.049000000000433,11.520000000001572,8.216000000000179
480.1180000000045,-254.65499999999963,-47.26499999999305,492.3069999999996,-259.04099999999914,-20.27499999999236,454.5210000000026,-191.7339999999996,0.3660000000081709,266.0670000000039,-215.7410000000027,-70.33700000001772,250.98800000000097,-86.8440000000021,-30.67600000001676,-59.40699999999879,-228.08199999999488,15.661000000022796,148.42199999999934,-845.9749999999985,-47.07000000000789,422.672,-70.65200000000047,91.1869999999908,249.92400000000004,-19.632000000000005,144.39700000000357,236.6039999999998,-143.77399999999997,-16.74800000000687,193.759,-66.12799999999766,-36.02300000000014,265.9989999999997,-14.253999999999678,42.74900000000344,179.13599999999974,2.2490000000004784,-6.664999999998145,184.4789999999989,-46.46699999999839,-25.27499999999918,145.6280000000021,-20.777999999998546,-50.91199999999958,58.087000000003286,-23.583999999999605,-0.0580000000013569,7.883999999998537,-10.741999999999052,-13.034999999999286,15.591000000000577,-14.966000000003987,-8.220000000000027,5.314000000004171,-4.374000000001388,1.483999999999952,188.11000000000035,19.684000000000168,-2.31899999999996,116.163,143.84699999999953,11.718999999993684,49.09499999999998,88.68499999999955,2.4499999999989086,-11.58999999999999,12.62800000000084,47.561999999999216,10.18800000000013,50.976,29.017999999999237,-11.675000000000324,0.3230000000002064,-0.2450000000003172,93.61299999999916,-32.31499999999983,-47.96400000000176,11.45400000000052,-11.531000000002225,6.159999999999855,53.61899999999906,138.00799999999924,-16.37300000001005,-4.402000000001749,13.427999999998974,9.356999999999973
407.8579999999988,-275.1260000000002,-65.19799999998668,485.53699999999935,-254.9509999999998,-25.074000000017804,446.9969999999989,-196.3489999999979,-6.700999999998203,264.98099999999454,-200.7349999999974,-81.44499999998516,242.49100000000112,-92.80999999999722,-26.452999999992244,-58.60500000000002,-200.2749999999992,8.862999999996646,147.02800000000025,-839.3339999999966,-49.23100000000886,420.2249999999999,-75.63599999999937,85.04600000001119,254.32799999999887,-21.83300000000017,137.34099999999216,241.2859999999995,-130.00799999999995,-18.12699999999268,196.314000000001,-37.87000000000376,-15.979000000004362,249.59800000000064,15.43100000000095,42.75499999999965,178.0210000000011,1.0709999999960471,-10.364000000004124,181.8269999999984,-50.45900000000074,-29.205000000001743,98.1139999999982,-29.25000000000182,3.9429999999981646,66.0899999999998,-26.5989999999988,-7.522999999997637,-6.296999999997865,-140.45399999999972,60.18100000000004,30.33800000000042,-5.115000000000691,-7.170999999999594,2.575000000001637,-6.235000000000923,2.14199999999991,209.1070000000002,63.91099999999952,17.529000000001815,104.974,153.18900000000042,13.718000000000076,41.662,89.33700000000044,-0.8050000000025648,-16.845,21.96999999999889,49.58700000000107,-13.28099999999992,18.15499999999872,56.28499999999974,-11.492999999999752,-0.0490000000013424,-0.4120000000000345,83.63899999999944,-53.85800000000245,-22.18100000000049,7.246000000000663,-52.4169999999998,2.675000000000693,142.1130000000005,142.50299999999925,-37.61600000000272,-15.279999999999916,10.93400000000031,15.407999999999332
479.13199999999847,-223.36799999999928,-53.79600000001119,481.4979999999992,-246.4570000000009,-28.026999999997315,445.25999999999897,-192.2060000000016,-3.198999999995067,277.99999999999727,-195.78600000000392,-71.85100000001512,251.02199999999897,-90.12799999999856,-25.52499999999327,-29.48599999999999,-200.76900000001388,6.005000000004657,145.15700000000038,-809.8660000000052,-53.7599999999884,413.365,-78.81500000000088,77.84499999997934,255.5970000000009,-25.9520000000002,133.1179999999904,239.74900000000048,-117.54500000000014,-16.74800000000687,184.75299999999493,-85.53099999999745,-52.90499999999838,237.54499999999936,26.33599999999916,43.39599999999564,173.48699999999866,-7.430999999996857,-11.620999999991,166.99200000000474,-62.31599999999844,-30.84800000000314,52.50300000000152,-69.4199999999995,68.42599999999948,64.54799999999636,-28.519000000000005,3.2009999999957017,8.97499999999809,-16.980000000000928,-9.339000000001365,6.75899999999956,-27.74299999999812,-4.3759999999991805,3.1949999999994816,-4.662999999999329,0.6549999999997169,195.27300000000025,67.06000000000003,17.02900000000227,101.73,161.85199999999895,17.059000000000424,49.33700000000005,98.30999999999932,4.153000000002294,-29.916000000000007,16.115000000002055,60.23100000000028,-41.03899999999996,-14.703000000000088,71.91199999999895,-16.310000000000002,-1.7839999999992529,1.806000000000552,87.05800000000181,-82.91899999999828,-13.137000000000398,13.329999999999131,-5.323999999998819,5.288999999999078,44.83199999999954,147.27900000000034,-6.954999999999245,-21.342999999998824,9.081999999997947,19.558000000000675
430.0999999999988,-242.3770000000005,-63.720999999986816,476.9830000000013,-237.77400000000029,-34.68000000000302,442.2790000000021,-187.07499999999868,-11.377000000015869,283.3560000000034,-194.79599999999664,-63.90400000000227,253.24500000000117,-97.19500000000494,-21.460000000001852,-9.14899999999932,-176.42799999999852,1.1359999999740469,147.11300000000165,-810.2119999999957,-63.13500000001113,409.4140000000002,-79.69000000000008,72.10600000000795,271.1860000000001,-22.9140000000001,124.30400000000644,234.23400000000072,-106.53599999999985,-17.48699999999417,181.51600000000485,-77.21900000000232,-37.665000000004056,234.5890000000004,-2.4059999999991533,22.46700000000601,173.06900000000098,-10.343000000000302,-12.310999999999694,169.91299999999683,-78.83600000000115,-32.38499999999931,146.08599999999967,-9.054000000000428,-61.33699999999749,73.03600000000188,-103.23300000000016,-3.6279999999976553,12.642999999999915,-4.3400000000019645,-15.322999999999354,19.960000000000377,-20.89000000000283,-3.188000000000102,1.376999999996542,-2.932999999998742,3.352000000000288,204.5760000000001,103.763,25.84799999999632,113.097,170.39100000000076,19.787999999999784,33.62400000000001,99.31799999999951,11.925999999999704,-51.60199999999997,21.19599999999764,69.6249999999992,-45.98700000000022,12.483000000000288,68.58900000000148,-17.634999999999934,-8.89399999999938,-0.1020000000004017,93.90199999999707,-52.01400000000263,-20.69399999999177,13.486000000000333,-0.1220000000017762,3.664000000000556,133.58100000000093,133.52899999999863,-34.10000000000082,-37.42799999999989,7.057000000000357,18.746999999999048
460.8420000000024,-208.69600000000048,-69.92200000001958,472.5410000000011,-228.8669999999996,-37.89099999999053,385.52399999999807,-166.05600000000038,0.2200000000129875,288.2480000000044,-187.3080000000016,-73.57199999999011,249.22499999999985,-93.8229999999976,-27.880000000004657,13.540999999997894,-174.08499999999094,-7.934999999997672,147.48799999999846,-788.702000000012,-71.22799999999643,406.2889999999996,-81.81299999999965,69.4340000000011,259.7899999999996,-38.158999999999565,107.65400000000228,236.651999999998,-92.48100000000008,-18.054000000006454,178.33799999999655,-76.74799999999777,-39.611999999999625,238.66900000000012,8.567999999999643,45.70299999999179,166.861999999999,-8.737000000002126,-10.950000000002548,152.60600000000295,-54.06499999999994,-11.11399999999776,53.76699999999914,-68.50599999999929,73.372999999998,48.25199999999938,-2.5120000000015352,-6.515999999999167,29.375000000001705,115.81500000000348,-81.1869999999999,22.558999999998264,-11.800999999996977,-4.825999999999908,6.374999999997044,-6.400000000002137,-1.4920000000003597,204.70499999999987,78.6920000000002,22.101000000009208,107.39,183.9190000000002,24.93599999999674,30.533999999999928,114.50800000000072,9.863999999998896,-73.42100000000009,31.843000000000643,82.48900000000106,-81.08799999999974,8.180000000001542,85.94400000000064,-22.500000000000146,-10.40800000000104,1.787000000000205,86.12999999999715,-56.03299999999649,-22.110000000003534,14.74100000000078,-8.70999999999924,5.436000000000263,-2.6400000000009527,139.74600000000095,-3.890999999998712,-55.74799999999982,-6.041999999999348,23.46300000000099
406.365999999997,-232.5479999999999,-78.0029999999897,471.875,-223.91599999999983,-42.20000000000255,434.4200000000001,-179.55299999999852,-13.379000000009,286.8889999999965,-183.41399999999908,-80.45600000000377,255.3510000000017,-94.0369999999973,-24.60999999998421,37.14400000000069,-175.4760000000033,-9.935999999993328,149.70100000000457,-783.7459999999908,-94.75099999999657,399.0180000000002,-87.64499999999984,60.74200000000474,267.6560000000002,-33.70300000000057,102.80700000000706,238.4520000000009,-87.5259999999999,-15.381000000002132,176.72699999999963,-78.65600000000086,-39.12899999999127,241.5309999999998,-16.692000000000462,40.67999999999756,167.18500000000063,-16.780999999997448,-12.732000000005428,138.20799999999736,-48.17500000000052,-10.572000000001935,96.43299999999896,-34.998999999999114,1.9170000000031,51.56499999999937,-11.96599999999819,-7.602000000002818,10.448999999999842,-9.711000000004333,-13.32000000000022,20.12900000000002,-14.467999999999392,-5.513000000000545,3.598000000005186,-6.5959999999989805,1.153000000000759,200.2369999999985,78.5260000000001,26.006999999992782,104.645,199.3049999999997,30.71000000000481,24.178000000000036,116.18799999999963,17.860999999999194,-93.02099999999996,31.20700000000056,92.59099999999876,-108.94499999999994,11.195999999998207,91.13100000000004,9.455999999999776,-23.536999999998898,-34.05800000000028,95.3710000000001,-47.03700000000026,-25.159000000002152,13.082999999997469,-2.459999999999241,3.0269999999987363,113.50399999999894,164.78800000000007,-27.52699999999777,-74.71000000000032,-24.21699999999873,35.2170000000001
451.8620000000056,-193.2639999999992,-82.36099999999169,469.57400000000007,-216.81700000000035,-44.786999999996624,436.57400000000166,-175.28400000000204,-15.233999999986736,287.11000000000126,-179.48599999999715,-76.20899999999438,248.7479999999977,-101.75200000000471,-18.982000000005428,65.55600000000084,-165.64899999999625,-13.51400000000922,130.51099999999565,-711.0540000000015,-146.35000000000673,398.02400000000017,-84.12700000000086,55.35899999999856,279.9860000000002,-29.08100000000005,109.69299999999294,242.26700000000108,-74.41000000000004,-16.9620000000009,170.0930000000028,-84.6650000000011,-36.194000000000415,231.09499999999983,-4.355999999999938,45.58800000000929,158.09699999999935,-15.281000000004497,-9.375,138.32100000000196,-56.80399999999963,-20.54999999999154,144.36500000000194,-13.333000000000084,-70.377000000002,55.25399999999934,-19.140000000001574,-2.782999999999447,9.127999999998336,-8.86799999999539,-12.198999999999671,18.459000000001424,-13.59300000000303,-4.497999999999536,2.651999999994814,-2.998000000002321,-0.460000000000349,216.225,48.718999999999824,31.359999999995125,101.15500000000002,210.56099999999984,41.0979999999995,67.77999999999994,172.48699999999957,-21.26999999999839,-120.25499999999988,41.96100000000058,115.01700000000028,-140.95399999999998,17.476000000002045,104.3849999999992,-28.42299999999973,-16.850000000000875,4.879999999999996,84.89600000000337,-41.229000000004135,-23.65700000000288,12.538000000000691,-4.849000000001524,4.563000000000272,28.80100000000141,122.89800000000211,-12.551999999999452,-91.88700000000124,-23.54500000000144,49.89199999999983
401.0379999999998,-217.51399999999848,-87.68299999999272,469.4209999999998,-206.05599999999956,-52.13599999999588,480.30399999999815,-197.11700000000008,-24.792999999999665,292.53800000000183,-173.89800000000264,-74.4380000000092,252.5099999999981,-99.03599999999528,-17.236000000002605,95.2840000000009,-167.47500000000173,-20.628999999962616,112.07600000000184,-794.4119999999998,-184.2649999999821,391.89,-84.51299999999833,55.12699999999313,265.672,-39.40800000000024,90.51499999998214,246.62199999999928,-81.19900000000007,-18.877999999995158,171.75900000000297,-89.13000000000011,-41.16200000000845,225.93099999999995,-16.173999999999467,49.14499999999862,156.7459999999997,-24.336999999997037,-9.740999999996802,127.10599999999772,-37.5440000000026,-9.180000000003474,32.82599999999718,-61.06900000000053,84.30200000000241,59.705999999999904,-21.99099999999987,-8.675999999996975,11.03999999999985,-9.275000000002365,-12.783999999999196,20.061999999998648,-10.439999999999827,-5.839000000000283,2.1760000000028867,-2.593999999999141,2.1180000000001087,201.83100000000135,115.5450000000002,50.6650000000036,96.93699999999995,228.11999999999983,53.8880000000006,9.397000000000055,135.651,47.890999999998485,-128.06200000000015,46.65499999999838,119.02000000000044,-149.8980000000003,22.165999999998576,119.11699999999996,-26.397000000000048,-18.72499999999917,-3.582999999999714,90.18899999999805,-50.62899999999786,-18.89099999999644,12.839000000002445,-11.177999999998178,7.525000000001114,96.77300000000032,167.35399999999885,-1.7179999999996198,-104.90599999999972,-15.892999999999802,56.49399999999929
448.5380000000077,-184.80900000000415,-91.52800000001662,465.9359999999992,-197.85700000000048,-55.49399999999878,446.0859999999997,-173.0809999999991,-17.920000000026448,282.62300000000096,-168.5429999999997,-90.16099999998914,251.8380000000008,-97.92100000000232,-15.967000000000551,127.88799999999868,-162.8720000000044,-19.507000000021435,142.5299999999993,-698.0989999999906,-174.35300000001916,389.752,-84.14400000000057,52.77100000000701,276.7699999999997,-33.9269999999992,88.12200000002122,240.60200000000123,-56.30499999999992,-9.29599999999482,161.9139999999959,-90.9179999999992,-36.736999999993714,224.2530000000002,-14.216000000000406,51.43399999999474,150.9830000000008,-21.976000000000795,-2.391999999997552,123.69600000000104,-59.64999999999634,-15.35000000000082,140.52400000000205,-9.722999999999615,-72.94000000000551,54.62800000000243,-28.762999999997877,-5.176000000000158,10.278000000002407,-2.8809999999964475,-13.312000000000523,17.703000000000202,-10.60200000000009,-3.848999999999592,4.314999999996871,-5.608999999998332,-0.5700000000004479,218.39999999999972,49.50899999999976,57.34899999999925,92.56400000000004,245.99699999999984,63.19199999999796,16.957000000000022,147.43600000000043,52.21199999999726,-134.74599999999998,59.83000000000232,132.44100000000003,-155.5809999999994,26.82299999999884,138.7430000000009,-32.45699999999978,-12.560999999999469,0.6709999999998217,83.65499999999884,-42.91399999999612,-17.437000000001035,10.139999999998397,-45.722000000003504,11.243999999999232,18.876000000000204,136.66699999999992,15.0449999999978,-113.33999999999946,-26.813999999998828,89.69400000000007
419.7049999999877,-189.04999999999745,-96.03300000001128,468.14299999999776,-188.68499999999955,-54.02800000001662,410.9870000000001,-154.11200000000065,-13.56199999997898,300.42499999999563,-166.2649999999985,-57.50800000000709,243.50100000000052,-100.38200000000188,-8.252000000015869,158.32399999999893,-163.56799999999794,-23.88900000000831,148.94100000000208,-646.539000000007,-211.5959999999859,388.4219999999999,-81.37100000000004,51.72099999999773,283.05000000000007,-36.95599999999999,89.75900000000365,251.07399999999984,-52.497000000000014,-5.914000000007036,159.00000000000318,-97.23799999999868,-37.683000000004085,222.6310000000005,-20.86699999999979,60.40100000000166,145.64400000000006,-25.31999999999925,0.0119999999924402,113.76700000000142,-44.29100000000119,-8.78299999999399,81.4390000000003,-35.14199999999903,7.858000000004495,49.14699999999925,-20.04400000000146,-1.0620000000017171,7.625999999999067,-12.20400000000268,-8.869000000001392,14.880999999999744,-13.002999999997655,-0.7760000000004652,2.6060000000029504,-2.255999999999858,4.41200000000066,192.04500000000024,87.89099999999976,56.69599999999946,87.92400000000002,264.6320000000003,76.71799999999962,14.353000000000016,163.04800000000057,62.30200000000536,-141.014,68.72099999999932,146.03400000000022,-166.31400000000056,37.63900000000149,147.9229999999987,-33.20500000000024,-12.955000000000894,1.9269999999998788,82.40299999999934,-33.50800000000618,-18.702000000001817,13.389000000000806,2.344000000002211,2.909999999999968,90.19899999999978,177.55499999999955,21.52100000000132,-117.52400000000024,8.118999999999232,93.84200000000078
412.65300000000025,-184.27700000000016,-102.22199999998338,463.1840000000011,-182.28500000000025,-60.92499999999745,376.6640000000024,-133.635000000001,-2.050000000008368,290.65200000000004,-159.51299999999833,-71.26399999999649,248.02800000000215,-100.45399999999631,-4.113999999981388,189.79500000000087,-139.91099999999506,-30.33499999999094,136.89200000000028,-645.8439999999996,-257.92300000000523,388.1269999999993,-81.59100000000024,50.82999999999629,298.3579999999996,-24.849000000000387,87.9509999999982,252.722,-55.68200000000001,1.6600000000039472,149.84699999999407,-102.04800000000203,-31.628999999998086,214.44899999999905,-23.532000000000156,62.57299999999759,137.6580000000004,-29.455999999998998,7.336000000009335,114.34899999999855,-39.06000000000063,-1.4770000000112304,67.97400000000096,-87.14900000000227,33.269999999998845,47.73099999999886,-20.61099999999953,-3.097000000002481,7.560000000000855,-0.4300000000000636,-7.138999999997964,15.982000000002472,-8.188000000001239,0.0469999999992865,4.64200000000119,-6.425000000001546,-0.5710000000007653,192.8309999999996,120.9690000000002,88.80000000000337,81.44099999999987,278.89299999999935,84.07900000000268,5.43699999999987,171.82299999999913,68.62199999999916,-139.74899999999994,78.90600000000063,157.78799999999933,-163.6090000000003,81.36599999999703,168.3710000000005,-9.35100000000002,-2.841000000000804,-1.641000000000048,79.74900000000389,-28.469999999998663,-16.02699999999686,21.412999999998306,0.2530000000007248,0.1860000000007744,10.894000000000403,153.19199999999853,37.17699999999695,-132.92399999999986,25.899999999998613,102.21399999999932
413.8939999999991,-175.18599999999935,-103.93000000001392,459.76499999999874,-171.77499999999952,-65.35699999999451,471.9229999999982,-171.035999999998,-26.00099999999657,293.5549999999978,-156.84500000000412,-69.86099999999169,241.31799999999828,-106.69900000000324,4.650999999989836,226.37599999999907,-162.72000000000162,-26.50100000000748,156.50999999999726,-670.5990000000043,-264.5509999999945,387.4049999999997,-77.9129999999995,50.61100000000352,275.54099999999977,-34.43900000000042,81.62899999999809,259.6059999999994,-42.790999999999976,12.041999999996731,142.1790000000044,-110.42799999999602,-29.01600000000144,216.76300000000023,-26.24799999999965,69.08000000000811,134.72599999999915,-28.05200000000241,12.51199999999244,119.89199999999867,-59.85100000000045,-14.264000000002852,88.17999999999984,7.989000000000601,9.845000000001392,47.52699999999948,-21.714000000000052,-3.3749999999997726,8.562999999998056,-12.78700000000299,-4.007000000001426,18.98599999999817,-7.103999999998223,-0.37500000000108,2.078000000000202,-6.161999999997647,1.0270000000005552,189.47799999999967,93.57400000000028,90.59399999999869,67.98400000000014,309.71100000000007,94.0309999999954,24.544999999999995,234.07899999999984,63.48299999999654,-156.10999999999996,92.586,176.6919999999999,-167.66199999999927,69.70200000000375,181.841,-66.6529999999998,-2.356999999999232,8.991000000000327,79.6389999999974,-30.46899999999937,-13.163000000002969,1.9800000000032012,8.518000000000825,11.699999999999022,136.67699999999883,213.8210000000015,50.12500000000273,-104.79799999999956,-1.6749999999973395,123.4189999999998
381.5890000000024,-192.63100000000009,-106.603999999993,457.8000000000032,-165.9940000000006,-61.730999999986125,415.8839999999998,-148.86099999999942,-8.680000000003929,284.43000000000325,-157.98599999999965,-68.8720000000103,234.9610000000013,-92.66399999999636,-6.029999999987012,257.2090000000003,-164.93500000000267,-34.60699999998269,160.9739999999988,-605.0290000000018,-299.08400000000483,385.6000000000009,-78.7700000000001,50.35399999999299,292.0500000000004,-28.448999999999103,81.94599999999355,268.65499999999827,-40.66499999999999,18.482000000005883,141.8549999999982,-110.97100000000636,-28.69899999999461,211.9340000000001,-29.43000000000069,71.9229999999925,129.09800000000047,-33.46499999999537,15.246999999999389,109.51200000000084,-39.519999999998845,1.7390000000091277,38.57299999999952,-24.869999999998527,84.4760000000008,46.83899999999994,10.044999999999504,1.1260000000049786,9.314000000000531,-4.790999999994483,-8.209999999999695,15.787000000000262,-6.65599999999813,0.4640000000023292,2.8199999999969805,-0.5020000000001801,2.290999999999599,241.9390000000007,92.64200000000002,124.68299999999316,63.94000000000002,314.22700000000106,97.51600000000168,6.764000000000081,224.5010000000008,65.91799999999921,-131.4780000000001,104.11900000000004,169.8599999999999,-158.52199999999996,79.41899999999862,192.877,-39.2570000000001,4.966000000000292,2.948999999999557,79.11000000000286,-16.976999999997133,-17.43699999999535,9.940999999997755,-6.350000000006162,6.27500000000083,-66.84699999999992,123.85699999999956,39.727999999996655,-117.78000000000048,31.896999999997888,125.04800000000104
370.8129999999983,-184.6900000000005,-115.78400000000784,453.96200000000135,-160.34799999999905,-69.00600000001305,419.8620000000005,-142.15399999999931,-21.410999999989144,288.98300000000177,-148.93799999999828,-76.11099999999169,234.78199999999845,-93.19100000000162,3.002999999989697,263.0240000000015,-181.63399999999683,-43.66500000000997,165.86000000000354,-609.9119999999857,-320.09899999999334,387.5339999999994,-72.16800000000063,50.68300000000363,306.1829999999997,-23.98400000000009,89.97799999999643,279.95900000000233,-44.10100000000001,29.5099999999934,134.2519999999979,-121.96899999999572,-29.56500000000233,237.83400000000012,-53.14400000000035,49.31700000000774,120.72199999999924,-36.19100000000231,16.357000000004973,121.26200000000154,-55.298000000001934,-3.015000000004875,85.04900000000077,-17.171000000001868,11.88099999999963,57.1690000000018,-32.666000000000395,-6.177000000002408,7.275000000001341,-5.770999999998594,-6.869000000000369,14.484000000001627,-5.719000000004826,0.6579999999999586,6.787000000002763,-5.850000000000932,2.3930000000000007,131.53099999999966,98.5839999999996,82.31799999999794,58.53899999999985,335.1729999999989,101.85599999999796,-4.803000000000068,239.3569999999997,77.03500000000076,-133.18900000000014,106.69899999999755,178.35100000000068,-160.7370000000003,89.63799999999935,201.42600000000076,-34.49100000000005,10.105000000000077,4.349000000000558,66.99600000000032,-60.74500000000285,10.433999999997924,10.69699999999898,-3.906999999995264,8.249999999999602,140.93300000000113,293.4809999999999,81.12100000001305,-136.94700000000068,80.31400000000133,132.93299999999988
440.00500000000216,-141.26300000000072,-98.41299999998228,449.73999999999705,-155.96399999999875,-68.57899999999972,410.9489999999994,-137.74000000000228,-22.21600000000308,284.12799999999834,-144.97400000000198,-77.44100000002163,229.9690000000027,-96.4080000000024,2.1240000000034343,318.98999999999944,-163.1780000000049,-67.72399999999834,175.37499999999682,-582.0870000000014,-362.4570000000063,385.5699999999999,-75.37099999999981,54.920000000015534,292.7560000000003,-26.3690000000004,78.02699999999732,275.2089999999981,-20.331999999999997,43.98800000000165,131.4400000000035,-126.22100000000388,-34.82700000000705,174.06699999999944,-11.938999999999568,87.87800000000061,113.03100000000086,-37.112999999999374,15.881999999999152,105.77000000000112,-40.63099999999906,12.000000000000457,108.33199999999864,-47.21999999999866,-81.39400000000023,49.875000000000114,4.493999999999687,-5.05099999999743,6.924999999998249,1.497999999998001,-9.0209999999999,16.088999999999487,-2.688999999998032,-2.07200000000114,2.3129999999980555,2.335999999999672,0.2009999999998513,156.41099999999994,77.25800000000014,97.0820000000117,50.67700000000013,345.2310000000012,105.21800000000212,-8.742999999999945,241.0669999999996,68.52700000000027,-135.59199999999976,120.7490000000007,185.3200000000001,-159.9160000000001,101.04800000000012,209.38000000000017,8.773000000000053,21.63800000000009,-6.781999999999755,79.80299999999829,-25.264999999996007,-16.419000000001915,11.102000000002477,-7.224999999999682,3.148000000000195,23.7339999999989,448.2380000000006,10.540999999989252,-98.95999999999958,28.24899999999957,142.07899999999967
422.269,-146.52700000000038,-104.04100000000652,441.9950000000029,-148.92400000000237,-73.08399999999438,409.7010000000012,-135.57700000000068,-29.102000000011685,278.23399999999765,-156.7540000000008,-93.39599999998428,220.24699999999768,-96.02099999999608,0.4640000000108557,338.6959999999988,-186.3770000000045,-80.27400000000853,185.41000000000167,-558.9840000000095,-392.4560000000042,384.6430000000012,-73.34299999999985,51.64800000000014,305.06600000000003,-16.470999999999947,81.54300000001058,287.1870000000001,-24.16000000000001,44.45799999999736,117.82499999999914,-125.12499999999704,-35.26599999999007,197.0269999999992,-37.22700000000003,67.72499999999582,108.556999999999,-45.15299999999911,12.341000000003532,126.84699999999792,-73.1899999999996,2.5139999999964857,110.21199999999853,15.54699999999798,6.1219999999991614,59.94099999999776,-23.688999999998828,-6.2130000000024665,9.909999999999286,-6.533000000001721,-5.051000000000272,14.07999999999845,-7.015999999998712,-0.3909999999990532,6.299000000001342,-7.245999999997821,1.1079999999999757,168.78600000000006,139.5199999999999,107.1719999999914,37.60399999999997,357.4700000000007,111.28499999999804,-0.4699999999999704,274.6870000000001,95.79800000000203,-133.19399999999993,135.5559999999997,192.45499999999964,-156.9519999999997,120.84100000000149,213.90699999999896,-72.69400000000026,16.44900000000007,11.122999999999196,80.8809999999994,-30.271000000004733,-14.855999999997492,12.998999999999228,-4.105999999998744,6.797999999999149,28.342000000002088,290.29199999999946,54.138000000000375,-114.17599999999908,69.54199999999844,143.67599999999925
368.14299999999776,-173.01199999999994,-108.48399999999856,436.4229999999964,-146.50000000000034,-77.78299999999945,407.0390000000003,-130.81399999999803,-37.20699999998942,274.0420000000029,-143.13899999999649,-111.9269999999915,218.72800000000157,-110.44600000000172,7.164999999986321,358.08400000000233,-124.27399999999125,-102.7219999999943,189.40699999999995,-543.3589999999981,-413.0499999999984,390.7609999999991,-68.34999999999951,47.66799999999876,318.938,-9.224999999999994,79.51699999998709,305.0690000000003,-22.165,46.93600000000515,116.28999999999792,-141.91000000000145,-39.05600000000504,193.43000000000077,-40.49799999999948,59.33199999999488,100.02900000000068,-38.79100000000335,11.69399999999996,117.60499999999752,-66.570999999999,7.990000000006603,40.13500000000079,-3.507999999999356,84.53399999999647,56.71200000000454,0.5809999999996762,-7.314999999999827,5.333000000001675,-10.041000000001077,-3.5699999999991405,15.690000000000737,-6.436000000002196,2.531999999999357,4.489000000000942,-0.6390000000038754,-0.0099999999996214,146.43899999999945,120.73900000000002,116.6810000000055,42.82799999999991,364.3859999999989,109.1070000000002,-6.256000000000128,261.96600000000103,77.93900000000349,-136.15899999999996,143.65200000000016,195.82699999999988,-160.191,125.03499999999974,218.9300000000003,-27.65499999999985,29.652999999999,10.6580000000001,96.53299999999945,9.708000000000538,-43.25900000000047,12.073000000000889,0.696999999999548,7.917000000000485,17.83699999999868,311.9890000000012,58.762000000001535,-90.5770000000004,48.05100000000096,156.97000000000116
397.5340000000017,-138.28399999999874,-115.20900000000438,431.03700000000345,-140.01499999999965,-82.36100000001443,357.30999999999824,-110.73800000000062,-30.712999999991556,279.21499999999924,-142.7250000000015,-104.46699999999964,216.47700000000043,-85.05200000000173,-6.066999999984546,383.21100000000285,-148.07700000000068,-110.19300000000383,177.98500000000104,-496.503000000007,-448.6389999999915,389.1770000000008,-67.64399999999995,49.5609999999715,308.888,-2.232999999999663,69.77500000000418,311.5949999999998,-18.43699999999999,53.16799999999376,99.2369999999994,-128.134,-36.27299999999423,192.4630000000008,-40.81699999999984,57.0069999999987,94.54900000000066,-38.70299999999816,7.177999999998974,124.59100000000376,-75.5359999999996,3.0699999999910688,109.26599999999952,7.253000000000043,-0.3209999999967294,63.15299999999695,-17.753999999999337,-10.056000000002996,-8.627000000001317,-137.61599999999703,67.60099999999909,14.868000000001302,-5.34399999999664,-3.8939999999982433,6.097999999997228,-3.4859999999980573,3.5730000000000928,93.49500000000006,115.4200000000003,104.40100000000712,37.84800000000015,366.5709999999997,112.13999999999942,6.709000000000032,289.3749999999997,88.58899999999608,-135.2920000000001,154.30900000000065,200.779,-162.81800000000004,139.04100000000028,225.00399999999985,61.03699999999996,37.75700000000057,-23.020999999999248,78.0399999999986,-32.3820000000012,-17.031000000002905,13.076999999998408,-8.418000000000347,2.947000000000344,20.252999999999588,320.38299999999964,55.5720000000008,-137.67899999999997,118.64800000000172,152.09899999999976
385.056000000003,-146.97299999999984,-111.98799999999665,429.3389999999988,-137.29399999999998,-87.38999999998214,454.72800000000575,-155.3280000000001,-56.73800000001848,286.77000000000135,-139.77299999999673,-113.13500000001112,213.12499999999943,-94.21399999999949,-2.91700000000219,400.8669999999938,-144.47000000000116,-128.68599999999333,193.3710000000019,-499.4449999999915,-450.78700000000254,402.15400000000017,-77.98000000000087,34.607000000028165,325.675,10.454999999999616,71.28900000000158,316.32000000000176,-14.523,50.48800000000711,72.86100000000602,-133.53899999999612,-31.995000000006257,183.8239999999999,-45.87800000000044,53.80900000000111,89.44699999999983,-44.850999999999885,6.0369999999920765,123.47800000000008,-71.99999999999989,3.4240000000067994,99.93100000000084,7.330000000001746,1.6300000000001091,56.94000000000017,-13.86500000000126,-6.377999999995154,24.97199999999964,133.911999999998,-83.50199999999859,14.27099999999939,-3.3569999999997435,-0.935000000001196,1.2330000000019936,-3.312000000002513,-0.536000000000314,81.08399999999989,152.96599999999998,122.0519999999965,32.91199999999996,373.5610000000001,114.679000000001,12.5490000000001,290.80999999999904,85.92899999999872,-146.04099999999994,167.73699999999965,201.5839999999997,-173.6740000000001,139.86099999999624,227.04200000000012,-111.33299999999994,37.10200000000015,40.44699999999963,75.74999999999932,-34.93099999999458,-12.725999999992156,8.758000000000266,-2.053000000000793,3.556000000000381,13.08999999999969,313.8849999999991,56.63499999999999,-166.6419999999995,98.04099999999778,156.43699999999967
417.3849999999959,-117.8120000000007,-119.56800000000383,424.97599999999807,-132.41999999999905,-94.65300000001662,395.8489999999984,-136.4360000000005,-53.55299999998806,294.19599999999946,-143.47300000000018,-104.79700000000776,208.4539999999976,-106.37499999999704,3.467000000000553,415.0630000000035,-137.74399999999787,-143.50600000000213,165.53099999999858,-450.6340000000023,-486.7430000000013,379.8349999999999,-50.4170000000002,52.00199999999313,337.26000000000005,17.41000000000028,69.32400000000598,332.1419999999989,-10.821,51.226999999994405,85.61099999999442,-132.63500000000477,0.0729999999975916,179.16599999999931,-41.337000000000046,52.93500000000222,83.63999999999976,-43.139999999999645,2.8380000000083783,125.27699999999982,-86.3190000000003,-0.80600000000004,82.65999999999849,-6.6690000000022565,-2.591000000001032,49.58700000000249,-9.203000000002248,-6.4510000000041146,-12.070999999997412,-137.3199999999997,68.51799999999884,11.95899999999881,-4.315000000002556,-2.277999999999736,3.1369999999981246,-3.4199999999998454,-1.3659999999994454,142.119000000001,147.97399999999996,113.8059999999996,24.05999999999988,361.2439999999999,123.7639999999999,10.045000000000035,288.47300000000047,87.0330000000024,-197.21800000000016,192.1909999999997,219.55400000000083,-181.42500000000013,153.86500000000183,229.94999999999948,106.28700000000002,42.66199999999856,-37.74200000000008,63.76700000000142,-36.06900000000337,-14.954000000005864,9.072000000000456,1.1510000000015452,6.21799999999979,11.455000000000837,342.19500000000096,58.49900000000048,-66.24100000000084,57.08300000000008,169.28099999999944
358.8540000000023,-136.71400000000062,-136.2909999999829,423.1229999999982,-128.68899999999996,-97.46099999999842,359.42399999999566,-118.40899999999976,-42.95600000000377,287.14899999999943,-137.61900000000082,-130.34699999998338,202.29500000000087,-84.46400000000267,-8.801000000016757,423.34900000000175,-129.663000000005,-171.3749999999891,158.1479999999999,-426.4900000000012,-503.9729999999963,392.27499999999935,-65.63199999999938,41.03999999999815,329.96999999999986,30.85800000000063,56.7009999999982,335.3340000000003,-4.7090000000000005,55.87800000000698,125.15600000000404,-128.9889999999957,-29.12599999999657,172.97300000000035,-40.50900000000013,50.87899999999763,80.08899999999954,-45.50200000000473,-0.5440000000021428,115.55500000000052,-74.92699999999957,5.566999999996369,82.58000000000152,-2.4590000000017653,-1.7519999999990432,35.41799999999853,-86.65299999999547,0.9150000000033742,4.504999999997494,-12.570999999996957,-3.603999999998564,7.746000000000208,-2.156999999999698,-1.8560000000007904,1.2690000000020518,-0.9439999999983684,-0.6380000000007158,42.94500000000028,121.0799999999999,104.20500000000176,18.40900000000012,348.6559999999997,137.21000000000458,5.573999999999835,292.0439999999999,93.07799999999702,-114.88499999999996,179.80500000000177,196.5109999999996,-194.95299999999992,160.81200000000138,229.44400000000087,0.0880000000000436,50.73300000000103,-0.3499999999995395,62.91200000000004,-36.79500000000076,-15.323000000000777,10.217000000000098,-3.5020000000002938,1.1679999999998358,9.834999999999638,308.3519999999993,65.1429999999948,-159.77899999999892,131.51200000000074,173.30400000000026
342.9840000000013,-146.99799999999925,-141.13800000002357,423.6850000000004,-128.2720000000012,-104.9929999999904,447.6410000000044,-165.8690000000007,-70.94700000000103,260.64799999999764,-146.2280000000021,-131.49399999999787,197.4799999999988,-95.79800000000203,-2.490999999986343,423.9599999999996,-112.59799999999132,-190.4780000000073,160.82399999999666,-376.1160000000018,-536.3840000000096,393.10100000000006,-63.070999999999344,40.64900000000762,357.01400000000007,40.587999999998914,62.6220000000103,356.19299999999896,-8.129,48.53499999999258,39.25099999999589,-135.58100000000195,-31.53700000000299,165.33799999999985,-44.02099999999933,46.955000000002656,71.5619999999987,-41.24699999999848,2.7899999999931424,110.59599999999818,-75.08100000000297,-2.721999999994296,76.15900000000124,-4.840999999996143,0.4210000000000491,52.0419999999973,23.824999999999363,-12.335000000001628,1.475000000002069,3.842999999994845,-11.139000000001433,7.20100000000059,0.1859999999965111,-5.329999999999302,7.65700000000038,1.951000000002523,3.370999999999924,135.92299999999966,189.528,141.6690000000017,30.69600000000001,364.6350000000005,133.5999999999956,-12.971999999999897,208.33700000000024,70.36800000000198,-169.39199999999985,204.0769999999981,210.6260000000006,-204.275,167.88899999999956,229.60099999999957,3.675999999999924,50.02199999999988,9.658999999999196,53.39000000000169,-50.7630000000006,-10.235000000000127,10.22299999999916,-2.554000000000656,3.963999999999146,-67.17399999999998,424.336000000001,109.44200000000136,-158.7360000000011,144.9849999999998,174.05399999999958
441.8060000000082,-77.49699999999962,-138.24399999998604,426.1650000000032,-126.26599999999826,-113.7570000000096,402.8139999999951,-136.9730000000004,-62.19499999999698,294.8180000000036,-133.82199999999784,-153.35700000000543,193.219000000002,-97.4239999999952,-3.7469999999984793,421.1819999999989,-99.51800000000048,-210.09599999999864,164.2060000000015,-342.1089999999936,-527.1539999999959,391.2279999999996,-66.13100000000003,40.34399999998186,352.149,53.88500000000036,61.7680000000064,354.86800000000187,-1.976,54.070999999999,135.21499999999946,-104.89499999999909,-15.64899999999625,159.9890000000002,-44.49699999999979,46.28300000000536,68.92600000000186,-43.655999999998585,-2.544999999997799,105.2030000000002,-83.3709999999968,-8.118000000001757,65.37999999999897,-11.472000000000548,0.9799999999984266,44.8960000000028,6.559999999998922,-9.86300000000142,0.7919999999984384,-6.634999999999991,-3.7009999999995102,5.284000000000333,-1.8619999999941683,-3.057000000001153,5.425999999999931,-6.739000000001738,-3.2349999999993884,87.00099999999935,157.4439999999999,132.61699999999337,25.45799999999989,342.2550000000001,125.2710000000036,21.132000000000065,346.6929999999991,117.419000000001,-183.05299999999997,215.3080000000017,209.98400000000004,-211.1649999999999,176.19400000000098,226.343,-0.1529999999998921,56.74100000000095,17.51600000000053,48.22399999999902,-37.02000000000112,-18.505999999996448,7.357999999999265,3.216000000000463,-1.1499999999998067,27.44299999999953,262.4379999999988,39.17200000000207,-155.39099999999948,105.1940000000002,168.82500000000107
354.0339999999901,-121.9680000000011,-159.81500000000324,424.6190000000013,-122.39700000000084,-113.52500000000418,354.6660000000031,-117.93699999999774,-45.97200000000612,243.0259999999976,-141.23900000000162,-200.19600000000537,187.7350000000007,-96.97300000000268,-3.8940000000138753,419.01900000000296,-83.96000000000186,-225.7929999999988,144.8219999999992,-306.17600000000493,-550.4209999999944,389.567000000001,-66.21999999999986,40.50300000001244,365.79,68.8679999999998,55.01699999997527,381.0859999999991,1.38400000000001,56.71399999999949,9.494000000000824,-134.26800000000298,-41.2900000000036,146.8829999999997,-40.63900000000018,56.76199999999199,65.90199999999982,-39.92900000000077,3.588000000002012,90.98200000000249,-79.24800000000118,-1.92299999999932,62.99899999999923,-8.432999999999424,-0.5919999999889569,41.60599999999874,-10.058999999998264,-10.8099999999979,1.956000000001268,-6.542999999999211,-5.00899999999973,2.450999999999226,-1.459000000005517,-3.531000000000972,5.05099999999743,4.4440000000008695,0.8139999999997372,72.1580000000003,160.2240000000002,111.79200000000264,10.731000000000002,306.7410000000002,132.8739999999982,5.38299999999996,213.1830000000008,64.74299999999857,-221.23100000000025,227.0759999999996,208.9269999999999,-230.60500000000008,179.45799999999963,223.97100000000023,-0.619000000000014,66.41899999999907,20.86899999999972,38.4550000000047,-41.61699999999655,-13.349000000005162,4.874000000000933,1.0959999999982983,2.8980000000004225,11.048000000000968,288.0510000000001,74.64600000000132,-177.35799999999955,124.1739999999993,172.4969999999999
362.01800000000617,-109.13699999999837,-159.80200000001332,427.01399999999694,-123.2200000000006,-122.54699999998591,403.84199999999737,-144.73400000000254,-60.22900000000391,263.51099999999974,-137.1339999999975,-149.3279999999913,183.54799999999895,-100.24399999999788,-4.113999999981388,417.6169999999957,-58.7099999999964,-236.49900000000343,152.61500000000296,-291.2719999999922,-537.5250000000051,384.2649999999992,-64.45700000000159,41.625999999996566,363.488,73.8420000000005,51.074000000016895,385.920999999999,30.664999999999992,67.44400000000041,63.12200000000416,-116.78099999999743,-25.353999999992997,146.4669999999998,-32.81300000000016,52.80800000000454,58.45899999999915,-39.35500000000047,5.475000000001273,83.49299999999857,-67.2930000000008,1.3310000000046784,51.098000000001775,-11.9560000000007,-1.3550000000122964,25.61200000000099,-11.540000000002236,-1.5350000000012187,0.0730000000004338,-2.272999999996728,-5.93900000000076,0.7640000000009195,-1.7909999999972115,-1.81999999999789,1.4890000000036707,-3.0730000000005475,2.009000000000327,90.84900000000005,148.09899999999985,126.69700000000148,17.19299999999997,290.67799999999977,153.04499999999734,-115.16099999999996,401.9919999999999,207.34899999999925,-200.65199999999948,230.36799999999857,197.48400000000004,-241.9739999999999,181.93799999999956,214.13900000000007,8.924999999999983,72.7010000000007,17.159999999999798,28.71099999999842,-45.61499999999796,-7.451999999994996,6.040999999999031,-0.4989999999992278,-0.1329999999995834,55.010999999998944,216.9830000000005,64.5050000000083,-187.63500000000093,124.35300000000213,168.17399999999907
373.87699999999313,-102.99500000000135,-176.61099999997987,427.1450000000016,-121.65299999999776,-122.754000000009,436.2819999999999,-161.8319999999983,-71.80200000000241,259.97300000000223,-131.8110000000047,-149.41400000000158,186.1879999999985,-94.63200000000144,-6.714000000010856,413.22999999999865,-41.87600000001339,-249.646000000007,142.99899999999752,-240.39999999999964,-558.2390000000032,384.2039999999997,-72.77999999999878,48.41300000000501,386.461,92.1749999999996,63.48899999998139,394.0230000000014,-17.708000000000002,53.05200000000241,62.493999999998096,-103.64400000000272,-26.191000000005715,135.9490000000008,-32.60099999999966,58.59400000000505,54.26000000000073,-32.81599999999685,10.662999999999556,67.59399999999687,-69.01699999999948,-3.803000000004886,41.16499999999803,-14.737999999999827,-5.4959999999994125,23.10799999999915,-14.194999999998004,-4.113000000000966,-2.3449999999996862,-0.4459999999994579,-7.721999999999696,1.5429999999980737,0.3139999999973497,-4.001999999999839,3.051999999996724,-0.4480000000000927,-0.7990000000006603,110.16800000000018,142.84800000000004,133.32499999999072,75.7620000000001,350.2159999999996,72.68400000000383,-36.9390000000001,265.7849999999996,124.35300000000213,-214.14700000000053,239.97400000000084,182.9579999999993,-258.851,194.0339999999992,199.53199999999924,-8.830999999999989,80.96099999999922,29.99900000000011,22.48299999999972,-37.80500000000302,-10.657000000003336,4.9660000000017135,-4.794999999998595,0.43099999999896,13.873000000000957,250.83099999999945,76.0349999999903,-178.81699999999938,128.7559999999985,153.8000000000011
353.5579999999982,-102.3680000000013,-169.6899999999914,427.5489999999991,-117.99400000000162,-127.67300000000432,353.6990000000003,-128.540000000001,-41.22299999999086,253.19200000000137,-133.6119999999994,-149.15800000001127,183.0110000000019,-97.78400000000148,-6.201000000010026,409.8630000000014,-18.84099999998625,-254.78499999999255,139.3070000000023,-219.95800000000827,-556.6899999999919,374.587000000001,-71.57400000000109,49.95099999998729,377.5679999999999,100.24000000000017,58.63100000001396,408.77399999999966,34.54399999999999,75.750000000005,52.12399999999775,-95.58699999999476,-29.718000000002576,128.8029999999992,-29.017000000000337,59.94199999998955,53.62400000000065,-30.11200000000258,14.19100000000526,62.301000000002205,-70.5299999999994,-12.927000000001954,26.017000000001644,-18.36500000000001,7.724000000001752,17.85600000000045,-15.26100000000099,2.7610000000038326,18.656999999998902,133.62999999999943,-76.28999999999877,-5.782999999999561,0.1560000000040418,-0.9810000000001652,-1.9259999999974295,9.65799999999888,-3.707999999999601,87.2649999999993,138.56300000000007,109.96099999999842,28.50199999999994,272.7510000000002,136.1789999999985,-50.40199999999988,233.74300000000048,128.9549999999963,-218.6399999999999,249.7530000000012,172.94300000000078,-265.952,200.55399999999963,178.2499999999999,36.61099999999991,111.3740000000007,31.92900000000023,12.462999999996782,-33.73100000000022,-10.152999999996837,0.5179999999995744,3.874999999999318,2.6390000000006357,-3.584000000000742,209.6509999999995,80.64899999999966,-207.92,131.86900000000037,152.7559999999994
378.57700000000136,-84.40399999999784,-182.0810000000165,426.1869999999988,-121.22599999999863,-125.91499999998632,393.0600000000027,-148.04399999999873,-48.00999999999931,244.5429999999988,-138.3609999999976,-146.94799999997483,159.24200000000042,-108.98799999999936,2.6119999999991705,403.8509999999974,2.507999999988897,-265.63699999999244,116.98000000000091,-199.54800000000432,-562.286000000006,373.8020000000006,-74.65199999999896,53.76000000001113,395.767,112.98099999999992,62.51199999999244,419.1929999999985,7.521000000000005,67.99399999999878,52.514999999999645,-91.81600000000005,-30.89599999999564,120.83900000000084,-17.46700000000061,70.15400000000227,47.29499999999973,-23.247999999995272,15.996999999993022,42.21200000000067,-60.71000000000026,-3.014999999993506,17.196999999998752,-16.793000000001257,0.1370000000008531,10.3999999999985,-13.8149999999996,-1.6600000000039472,-18.874999999999886,-131.69200000000387,69.7519999999983,-1.8969999999995932,-1.5170000000011896,-4.193000000000779,-5.707000000001017,48.66099999999847,-13.042000000000089,89.59600000000023,103.88900000000002,101.58700000000636,36.355,248.74599999999987,135.7939999999985,-41.66200000000018,255.1809999999996,119.38200000000164,-206.2400000000004,257.8239999999994,150.3770000000003,-281.366,202.8250000000014,166.6259999999994,-39.724999999999966,123.63299999999953,84.25599999999989,7.546999999999571,-40.63099999999622,-5.8259999999961565,2.544999999997799,-1.3460000000009131,-1.0859999999993877,2.66900000000021,173.6520000000013,75.79599999999687,-239.1380000000005,123.89399999999851,133.93800000000056
351.09199999999987,-96.57900000000268,-181.3229999999976,419.4270000000074,-119.5820000000026,-126.85599999999796,395.70400000000063,-151.13300000000152,-54.16300000001684,238.4520000000009,-135.2990000000034,-132.39800000001196,176.28699999999924,-94.695999999999,-4.357999999979256,395.8870000000047,24.17599999999993,-279.052999999999,119.73499999999716,-180.81099999999424,-570.8439999999996,368.85599999999954,-80.65899999999999,58.95999999997912,417.6650000000002,125.61399999999948,69.45800000000872,430.2070000000015,14.001000000000008,77.62400000000298,46.97200000000521,-84.41700000000196,-28.4909999999968,125.1819999999995,-15.704999999999814,63.89800000000605,44.10699999999963,-17.688000000003967,24.017000000003463,30.3100000000029,-48.19100000000276,-2.0449999999982538,9.184000000001902,-14.41199999999867,6.759999999997035,4.923999999999751,-13.69799999999941,3.3299999999997,16.24100000000226,131.02100000000405,-78.02199999999857,-0.8880000000004884,-3.0730000000005475,-0.534999999999286,7.013000000000602,-6.409999999999627,-2.6679999999998927,112.77199999999964,107.09999999999997,114.39799999999424,40.14699999999998,221.72800000000024,127.04500000000394,-46.25599999999999,236.38300000000072,119.6200000000033,-249.74999999999952,302.552,132.4799999999982,-275.84100000000007,249.1160000000008,118.7880000000007,-51.43400000000007,203.86999999999983,81.0459999999999,1.4219999999966149,-35.46200000000681,-2.3770000000070013,3.9590000000032433,2.5130000000018526,1.864999999999384,-41.7500000000004,268.24499999999955,99.04200000000289,-187.15599999999952,217.78100000000225,111.0779999999977
316.946999999999,-104.8909999999978,-178.6250000000109,415.041999999994,-119.09899999999992,-122.55900000002384,424.8649999999998,-162.4069999999989,-54.71199999997225,231.80300000000216,-137.28399999999965,-155.02900000001318,185.7399999999984,-78.51800000000253,-7.641000000012355,388.4179999999958,47.35699999999952,-287.2680000000173,90.68300000000136,-122.4360000000047,-593.1209999999965,364.3370000000005,-81.0779999999994,62.91500000002088,410.9289999999998,133.8470000000001,67.77299999998831,445.4140000000024,13.217,80.60899999999265,41.625999999996566,-82.4860000000001,-24.36500000000024,117.60699999999956,-11.432999999999538,80.6699999999978,18.55099999999936,-20.839999999998327,17.646000000002005,19.454999999999245,-61.25199999999893,-3.521000000012009,6.260000000000332,-14.016000000000872,2.975000000003547,9.030000000001335,-6.067000000001599,-1.0009999999965655,-23.10400000000357,-132.98599999999965,73.85899999999879,-5.867000000000644,6.002999999998337,-1.2870000000006598,-12.262000000004036,75.17700000000218,-17.029999999999745,87.20700000000079,70.9109999999999,90.38100000000212,43.77600000000008,199.05699999999985,123.44299999999748,-41.12199999999984,175.67499999999967,102.88299999999708,-229.00300000000016,328.1090000000006,103.21300000000237,-288.852,265.90999999999383,97.64700000000062,-50.90199999999996,259.563,106.22299999999996,-3.8419999999973697,-25.89099999999576,-5.169999999998254,0.1479999999986603,-0.4260000000016362,1.7430000000004495,42.95900000000046,-30.489000000000036,37.734999999997854,-222.7720000000005,204.33199999999945,94.45200000000398
301.9530000000032,-114.18299999999988,-174.27999999999884,408.00800000000095,-121.85499999999934,-119.01799999998276,338.1140000000016,-143.31200000000024,-29.700000000002547,226.05599999999413,-134.8230000000001,-144.14099999999053,151.24700000000075,-105.07199999999555,5.333999999993466,380.6490000000053,63.58100000001059,-297.49799999999595,76.16600000000062,-87.4819999999886,-597.040000000004,358.1850000000003,-80.09800000000098,66.67499999998654,406.14300000000014,138.70900000000077,71.16700000001401,452.652999999998,9.571999999999992,87.69600000000537,37.198000000000775,-75.71400000000494,-30.762000000004264,120.7409999999996,-6.089000000000056,77.19099999999344,35.32600000000059,-3.2660000000021228,35.04599999999982,18.04199999999696,-65.02299999999934,-7.708999999988464,-1.3590000000021971,-16.220999999998753,4.552999999998519,-4.117999999999711,-10.702000000000568,4.869999999999664,-3.6630000000002383,-0.2870000000029904,0.8139999999997372,-9.047999999998524,-3.8089999999954216,-2.648999999999546,12.3170000000016,-147.7409999999992,34.23599999999993,126.9130000000004,65.7350000000001,94.4880000000012,48.88700000000004,170.195,120.49600000000282,-32.58200000000002,279.08000000000044,130.07600000000252,-228.46499999999992,368.3889999999991,76.93999999999903,-288.981,301.49400000000526,56.44399999999905,-63.74199999999988,306.02599999999995,108.93000000000016,-10.842999999999847,-26.76400000000285,-3.064000000000533,-1.2280000000004063,1.5340000000009013,-4.519000000000517,-48.6859999999993,318.3109999999999,140.09100000000103,-264.7909999999996,228.6339999999996,62.07099999999741
331.34399999999573,-91.30399999999952,-165.80799999999272,400.9070000000008,-123.30499999999915,-118.22500000000672,372.1739999999954,-151.01799999999912,-41.35700000001634,223.65700000000288,-128.83299999999736,-139.3790000000081,177.57699999999943,-70.0900000000047,-8.971999999994296,371.7469999999992,81.18899999999485,-291.91900000000714,46.54000000000451,-85.50400000000309,-596.2400000000002,360.2839999999986,-78.00799999999981,69.9100000000044,424.2350000000002,146.86399999999935,75.79399999999623,458.8869999999986,-3.969999999999996,87.92099999999436,32.22999999999843,-72.9919999999936,-20.77600000000075,111.44900000000035,0.1769999999993388,78.09500000000753,29.13999999999959,-0.6100000000003547,39.1179999999963,4.662999999999329,-51.95799999999906,-2.551000000005388,-5.99899999999991,-7.5590000000005375,2.082000000001472,-1.672999999999547,-5.976999999998611,4.02599999999893,16.398000000000934,135.33899999999903,-74.18099999999868,-3.938999999999737,2.676999999994223,-0.5660000000005994,-1.5010000000017951,1.6279999999994743,-2.288000000000068,99.6619999999993,35.73500000000003,75.09800000000268,44.68899999999998,150.96699999999998,119.39399999999978,-35.83600000000011,239.71899999999948,109.78599999999687,-229.58500000000012,405.3979999999996,49.4259999999997,-286.09100000000007,338.76400000000046,18.48099999999988,-41.30400000000005,352.48200000000054,111.57400000000024,-15.33799999999701,-17.74899999999775,-0.0670000000013715,0.0519999999994524,2.359999999998763,1.2100000000003774,3.6429999999995744,18.24099999999973,45.11699999999905,-162.4220000000001,297.6670000000013,48.54600000000176
349.6399999999994,-64.88499999999817,-154.50499999999465,390.3039999999976,-137.44700000000023,-124.51199999998153,406.95800000000304,-178.29200000000185,-53.29600000000028,217.75199999999583,-133.49299999999857,-147.96199999998407,159.58300000000065,-77.81699999999887,-7.262999999989006,358.150999999998,88.02499999999327,-296.1789999999837,46.62399999999138,66.71699999999419,-592.1449999999936,355.4819999999978,-77.40399999999994,76.46500000000742,441.6579999999996,157.3120000000003,85.06999999999607,468.4630000000027,-6.898999999999999,93.41400000000704,41.59500000000094,-70.1780000000042,-21.313999999995303,115.71500000000016,6.474000000000046,83.94099999999298,26.136000000001047,2.4929999999983465,44.93400000000065,3.92500000000382,-37.6560000000012,1.873000000000502,-10.39299999999912,-8.341999999998961,7.903999999996358,-5.986000000001468,-4.892000000000962,5.151000000000749,-25.719000000000847,-142.8039999999953,80.98599999999863,-6.749999999999545,-2.0539999999982683,-0.1099999999993883,-7.708999999994148,42.66099999999824,-2.837000000000245,115.30000000000058,16.818999999999917,77.02600000000075,49.22000000000004,130.5410000000002,108.54799999999614,-30.180000000000007,233.9410000000001,101.92900000000122,-213.52199999999968,431.40400000000056,24.768000000000256,-276.958,362.5879999999995,-3.086999999999307,-40.639999999999965,396.5149999999994,110.86699999999963,-17.752000000001544,-21.78600000000301,0.7330000000024484,-5.568999999997004,3.167999999999438,-2.76800000000037,-7.846000000000686,37.99200000000056,56.94599999999923,-259.54699999999985,272.5619999999992,13.749999999998863
315.6309999999962,-87.20400000000268,-158.4590000000162,383.7280000000021,-115.76799999999992,-84.98500000002878,312.72299999999973,-150.62499999999943,-27.953999999999724,224.59400000000187,-120.86800000000152,-143.396000000007,148.48700000000008,-86.57799999999725,0.2809999999954016,342.9899999999975,94.983000000002,-295.04400000000714,44.144000000000005,-45.89799999998832,-545.7030000000032,359.09300000000144,-75.95200000000091,77.13599999999587,420.469,157.03200000000024,80.2489999999807,471.2519999999984,24.311000000000003,110.28999999999768,20.440999999999576,-73.38599999999929,-23.08300000000827,116.931000000001,7.115000000000293,79.99300000000176,20.64499999999896,9.54600000000596,45.26899999999614,-3.427000000004909,-14.028999999999314,6.475999999997839,-3.9600000000007194,-4.23900000000117,-2.4569999999982883,-6.681000000000381,-2.833999999998582,2.9539999999997235,-5.6150000000002365,8.727999999996428,0.3790000000009286,-10.82800000000077,12.236999999998943,2.706999999999482,-0.9860000000003312,0.9690000000006194,-3.618999999999773,97.10800000000006,0.2209999999999823,48.71200000000045,43.982999999999706,111.23000000000012,104.47700000000282,-127.70600000000005,281.87100000000027,176.46799999999985,-202.08700000000024,467.4730000000011,1.1699999999990496,-267.2479999999998,395.6680000000006,-40.76499999999896,-23.15100000000001,435.7230000000001,103.73599999999996,-21.25300000000152,-24.837999999994054,7.515999999998257,-16.64000000000101,-49.880999999999176,16.44199999999927,-17.161000000000115,88.55699999999942,91.44900000000008,-133.39300000000023,398.12499999999886,5.777000000000498
327.1730000000048,-73.43099999999936,-136.80399999998372,367.8989999999999,-146.42800000000022,-117.2729999999774,400.42399999999816,-175.58899999999937,-48.26699999998709,223.6910000000023,-113.26000000000248,-156.11600000002,170.83000000000084,-60.388000000000375,-18.89699999999266,322.1310000000017,98.21100000000342,-295.84899999999834,51.32700000000909,6.676999999990585,-527.4779999999964,353.22900000000175,-79.37399999999997,82.99500000000535,441.70200000000006,170.06099999999975,95.11800000002496,476.0559999999998,34.983999999999995,105.73799999999665,-2.190999999999121,-77.82300000000077,-29.632999999989806,111.84999999999974,14.941000000000315,84.03299999999945,14.390000000000214,12.273999999996477,49.488000000008014,4.788000000002057,-63.35700000000202,-0.8789999999976317,-9.75599999999872,0.5500000000012051,6.786999999997079,-1.5899999999987813,-4.179999999999495,3.998000000001412,-3.5539999999997463,5.560000000002674,-1.581999999999084,-7.413999999999987,1.3010000000008404,0.8809999999996876,2.582000000001017,-29.447999999999297,1.7989999999997508,126.8810000000002,-9.853999999999983,64.2219999999952,47.07399999999993,101.65199999999965,96.32199999999784,28.170000000000076,218.1059999999995,80.87500000000318,-190.9869999999998,496.47799999999904,-18.129999999999317,-257.7620000000003,427.6859999999999,-59.93500000000154,-28.172,468.93500000000046,101.06700000000046,-23.567999999994527,-20.710000000002537,3.842000000003054,0.7629999999977599,34.92400000000089,-10.92699999999951,-9.313999999999112,-70.76999999999956,35.72700000000282,-187.05799999999968,377.1300000000025,-14.65300000000127
283.3190000000059,-100.90900000000148,-133.11800000001313,361.8529999999964,-122.31400000000008,-72.93700000000172,302.4530000000027,-148.86300000000006,-23.791000000005624,223.4739999999988,-114.65199999999528,-160.11899999998604,147.93599999999856,-78.66600000000403,-9.021000000007009,290.6189999999981,102.87500000000593,-291.858000000002,84.52799999999456,75.69600000000491,-495.9230000000048,353.8499999999999,-76.74499999999966,85.18099999998867,467.5699999999999,180.67300000000017,98.92499999998564,481.5429999999992,35.979000000000006,116.62000000000036,11.98999999999728,-71.35599999999727,-23.846000000003187,106.44800000000032,17.776999999999532,82.2330000000079,3.455999999999904,14.902000000000726,54.67499999999745,5.9449999999969805,-44.71099999999808,-0.4270000000019536,-2.016000000000417,1.8519999999995207,3.1860000000051514,-5.49000000000035,-0.841000000002623,3.908999999998741,-5.573999999998591,-3.4940000000005966,6.559999999998922,-6.206000000000245,-0.7659999999987122,0.3380000000007044,-2.31600000000185,4.159999999998831,0.5430000000004043,98.76899999999864,-29.61100000000005,44.87900000000309,39.76600000000019,76.94900000000011,92.30100000000334,9.543999999999995,201.7970000000005,54.16500000000042,-182.3599999999999,518.5339999999997,-33.45300000000009,-243.647,443.8469999999995,-76.10799999999927,-5.094000000000065,498.704,96.5519999999998,-17.731000000003405,-13.263000000000602,2.9389999999978045,5.79800000000148,19.34200000000033,-6.19700000000023,-23.817999999999984,-22.56400000000056,54.5410000000004,-226.53200000000027,334.7869999999972,-27.590000000000718
294.62299999999004,-84.20599999999752,-122.93699999997898,343.9390000000003,-140.4830000000004,-89.30700000000797,379.5779999999979,-186.32200000000125,-59.753999999998086,221.04499999999803,-115.56400000000052,-164.23399999998765,159.37000000000126,-66.1739999999952,-15.271000000007009,262.40600000000427,97.64399999999114,-291.8089999999893,33.32499999999641,82.09799999999632,-480.7129999999916,352.9969999999992,-80.60899999999975,84.93700000001354,450.1989999999999,188.03100000000012,100.41499999999814,495.13600000000224,15.405999999999986,109.50900000000274,6.101000000001022,-70.08400000000279,-32.78800000000501,105.46699999999872,23.055000000000803,75.03600000000006,10.581000000000529,21.78700000000049,44.25099999999702,3.140000000001919,-42.72699999999929,-0.6900000000086948,17.969999999999686,1.986999999999739,-1.3550000000009277,1.3769999999993845,1.3620000000003074,-3.403000000002976,-3.509999999999991,0.0949999999988904,-0.9330000000005612,-5.367999999998574,4.942999999997255,0.0339999999994233,-12.857000000002472,47.43800000000249,-9.551000000000442,78.13400000000001,-49.574999999999925,16.15000000000464,34.32500000000012,67.67099999999999,88.00899999999956,27.6860000000001,218.7849999999997,72.7299999999957,-164.90100000000112,540.2810000000017,-43.89099999999928,-232.15399999999988,476.6960000000012,-95.35199999999976,6.009000000000064,508.48199999999935,75.92399999999984,-16.442999999998165,-13.39100000000144,1.449999999999818,-3.792000000001394,7.293999999998846,-1.5239999999991485,-30.05600000000044,-29.41899999999862,48.54699999999639,-164.36499999999972,420.65000000000055,-41.87399999999855
309.809000000007,-68.91900000000248,-110.58300000001964,338.20499999999925,-146.49499999999875,-84.44799999999759,286.2520000000018,-152.32999999999777,-34.38699999999244,215.57000000000244,-112.008000000003,-166.23500000000604,157.3270000000008,-67.3339999999996,-17.993000000001302,265.9879999999987,130.591000000004,-295.47200000001794,93.70499999999991,95.64799999999424,-439.8430000000076,352.92599999999936,-79.73100000000102,86.91400000000158,473.404,203.9409999999997,100.59900000001107,511.4229999999964,6.902000000000008,114.9720000000002,19.17399999999816,-62.44499999999675,-17.0470000000023,104.94600000000104,19.72499999999968,71.64999999999964,4.859999999999332,21.462999999999965,48.74200000000428,16.595000000000937,-59.21900000000164,-12.5,-16.917000000000826,8.356000000000563,1.166000000000622,-2.6039999999994734,1.1080000000021073,4.450000000002774,-3.645000000000209,7.112999999998237,0.4390000000000782,-2.47500000000116,-1.784999999995307,-2.777999999999281,2.096000000000231,-59.36900000000378,6.622000000000128,106.113000000002,-46.59700000000005,37.18799999999192,29.620999999999853,58.06300000000011,80.46599999999557,9.243999999999986,241.1860000000001,77.05400000000395,-154.46999999999989,559.1889999999978,-56.91199999999981,-209.1910000000002,491.7450000000002,-111.6880000000009,15.137,550.1070000000002,80.70900000000023,-12.439000000000531,-16.933999999997695,2.623999999997295,-2.049999999999841,1.2760000000014315,-0.4860000000007858,-31.81199999999933,-30.708000000000624,44.71500000001356,-142.57799999999995,461.6880000000009,-46.69100000000128
271.80700000000115,-96.51700000000004,-112.22000000000207,329.7490000000039,-142.95199999999966,-71.08200000000124,364.3640000000005,-189.08600000000035,-61.1810000000105,205.31599999999912,-107.78500000000122,-167.77300000001105,157.67599999999788,-52.032000000002654,-22.14400000000296,227.276999999998,111.1940000000004,-285.37599999999657,82.11600000000203,144.55000000000382,-417.407999999989,353.1970000000001,-77.49199999999945,85.74200000000474,475.61200000000025,210.7969999999998,104.32100000000446,514.8160000000018,3.4030000000000005,104.72999999999502,4.72100000000637,-65.9150000000011,-27.46599999999262,106.67399999999958,24.022999999999683,68.1449999999927,2.626000000000772,23.91900000000078,47.4179999999933,18.319999999999936,-50.38800000000094,-6.731999999988148,3.5220000000009577,9.12699999999802,-6.174000000004298,-5.782999999999561,-29.431999999999903,11.624000000000478,-3.694000000001552,3.365999999999758,-0.0899999999987244,-1.442000000000121,4.378999999994448,3.143000000000029,-5.151000000000749,51.9960000000026,-20.17099999999985,78.15499999999815,-58.413999999999966,20.15400000000227,13.785000000000023,42.02899999999996,75.87900000000332,-6.137999999999977,212.049,75.7349999999974,-164.77699999999942,559.76,-59.49600000000146,-201.9619999999996,508.4329999999994,-121.13399999999784,39.63900000000002,585.0400000000001,76.85199999999952,-8.758000000000266,-18.74700000000189,4.535000000004175,0.1220000000017762,4.051999999998657,-1.4560000000003015,-33.10200000000094,-51.51499999999984,42.16299999998796,-130.7540000000003,458.587,-58.13399999999831
294.9960000000033,-66.39799999999809,-104.95599999999286,321.1090000000013,-149.12800000000175,-79.88199999999779,313.87699999999654,-196.35800000000077,-38.5379999999941,196.2069999999983,-110.95899999999688,-163.96500000000742,131.11800000000073,-67.38599999999906,-14.940999999998894,203.07000000000244,112.92700000000195,-276.7449999999826,66.37299999999868,157.93499999999767,-404.80300000001534,348.5140000000001,-70.56999999999931,86.60899999999856,505.65500000000014,252.27400000000023,112.93900000000576,525.4180000000019,20.811,110.608000000002,-15.207000000003744,-66.90300000000207,-29.700000000002547,97.49400000000036,24.35299999999927,61.23700000000554,0.8910000000000196,24.741000000000213,47.10100000000921,15.20100000000184,-51.195999999998776,-2.52699999999777,10.132999999999017,8.271000000002005,-4.388000000000147,5.392000000000508,17.439999999999145,-4.24199999999928,1.5820000000019263,4.3250000000000455,-2.1980000000013438,-2.898999999999319,0.965000000002192,0.6879999999981123,-7.747999999998001,36.44099999999924,-3.860000000000241,71.10800000000097,-67.13000000000004,10.40100000000166,20.257000000000147,27.974999999999994,67.9140000000018,-1.488000000000156,223.37300000000013,76.02899999999977,-93.7339999999999,593.1839999999994,-80.33000000000072,-189.05200000000025,514.4819999999982,-129.60800000000177,50.03499999999992,570.4399999999999,72.31400000000008,-28.226000000000795,-26.14700000000312,15.530999999998585,-2.065999999999235,2.501000000000886,-3.0299999999996885,-40.82399999999922,-49.08199999999994,28.401999999999816,-121.72100000000016,468.7439999999981,-58.74600000000214
266.7049999999904,-71.95300000000202,-99.59700000001703,313.3139999999969,-154.95300000000043,-77.27099999999609,269.74799999999846,-158.232000000001,-46.08200000000125,184.69200000000117,-115.20100000000184,-161.59699999998338,137.0350000000002,-55.57900000000018,-25.37800000000061,191.54300000000148,108.429000000001,-268.970000000013,60.0340000000017,185.0460000000112,-376.48900000000367,348.1200000000001,-73.7009999999998,83.2149999999956,528.5499999999998,190.66399999999996,95.20299999999224,521.0230000000024,49.71800000000002,98.52899999999636,2.364999999997508,-58.975999999995565,-21.843999999998687,102.87099999999896,29.630000000000223,61.02899999999636,2.2539999999992237,24.1579999999999,43.59799999999723,21.715999999997848,-51.33500000000026,-4.284000000006927,10.381000000000997,9.612999999998806,-6.0669999999959145,6.126999999997906,6.649999999999068,-0.0850000000014006,-2.9539999999997235,0.2780000000029758,1.5120000000010236,-3.152000000000044,3.952000000003864,-2.37499999999784,-2.828999999996995,2.3400000000009413,-3.334000000000259,58.73599999999897,-69.95200000000014,5.0470000000018445,5.601000000000056,15.897999999999968,55.69999999999595,0.5530000000000257,261.8829999999999,89.3889999999999,-106.61400000000044,592.1990000000008,-75.74099999999646,-164.35499999999976,531.0720000000003,-131.48499999999785,76.59000000000002,521.4970000000001,85.40400000000048,-5.117999999998801,-21.206999999992604,2.7309999999999945,-2.712999999999965,1.6359999999991717,0.4280000000008499,-22.333000000000425,-257.3710000000005,-18.98199999998837,-105.8519999999998,477.4230000000017,-61.59099999999853
258.362000000011,-97.0279999999974,-119.4819999999936,308.2490000000007,-165.9130000000005,-102.90500000000976,307.071000000002,-173.5039999999998,-54.87000000000535,176.74900000000093,-101.18999999999689,-151.36700000000474,127.13600000000156,-41.98000000000093,-22.753999999986263,182.36099999999735,106.00599999999076,-261.2790000000132,74.69500000000266,184.20399999998835,-358.9119999999866,347.7630000000005,-63.40399999999988,79.8949999999877,514.421,233.17499999999995,103.07599999998727,555.911999999995,-9.30500000000003,97.08300000000918,1.0800000000017462,-54.64800000000309,-26.28799999999956,93.07800000000128,25.93999999999994,56.29900000000134,4.323000000000832,19.75999999999658,45.4529999999977,22.7390000000014,-43.41299999999819,-5.04799999999932,9.037000000000717,7.722000000001117,-2.3220000000037544,4.2690000000021655,1.5760000000000218,-0.8089999999981501,-1.0450000000020054,2.541999999999689,-2.19900000000024,-0.3910000000018954,-0.119000000000824,-0.9480000000010592,-3.32400000000348,-21.510000000000677,0.8360000000003254,48.78200000000277,-70.90699999999987,-5.107999999995627,10.08199999999988,14.886000000000088,53.13500000000317,3.526000000000096,193.07099999999977,71.78599999999733,-93.84199999999936,593.7790000000007,-77.15600000000222,-150.6460000000004,536.7350000000016,-129.5500000000004,87.44000000000014,543.718,66.43400000000028,-1.3120000000014898,-11.231000000003633,-2.359000000001288,-0.1990000000034797,-0.6900000000001683,1.6239999999996255,-48.18400000000054,-31.68099999999967,22.634999999991123,-92.11500000000008,486.4469999999983,-59.30299999999989
278.24699999999893,-66.61200000000349,-107.53199999999195,311.3710000000026,-136.52999999999906,-60.92599999999493,352.0660000000021,-184.64199999999948,-73.58400000000529,165.86599999999976,-105.46300000000316,-151.02600000000166,126.41500000000008,-46.17299999999887,-21.753000000012435,171.42900000000054,105.74300000000676,-251.92899999999557,136.93799999999783,147.78400000000147,-335.125000000005,350.827000000001,-57.41799999999984,79.39499999999953,531.7089999999993,231.3290000000002,93.79900000001273,545.5750000000023,21.23400000000002,87.74999999999409,3.370000000001028,-49.403999999998405,-23.131999999998243,93.98499999999927,23.71400000000108,50.76299999999492,0.2819999999999822,21.881000000001904,42.08899999999858,18.120999999996457,-39.30000000000007,1.6050000000063849,16.23299999999972,6.530999999998244,-7.065000000000055,9.406999999998789,-0.2649999999988495,-2.154999999999063,1.682999999999879,4.971000000000458,-2.815999999999974,-0.6199999999978445,-0.909999999998945,1.834000000000913,-2.4080000000026303,30.330000000000723,-3.88500000000036,49.50399999999888,-71.97999999999993,6.841999999994641,-7.852000000000103,10.74900000000003,49.26399999999944,13.902000000000037,221.8770000000003,83.70400000000018,-75.03700000000038,591.5329999999997,-74.11100000000204,-134.56199999999967,537.4089999999995,-131.04399999999998,136.75499999999977,689.302,-116.92500000000052,18.392999999997528,6.290000000001328,-16.65699999999788,-0.3389999999967585,4.912000000001626,-2.822000000000457,-50.177999999999656,-35.459000000000884,23.827999999997477,-75.70599999999992,486.966000000001,-53.18499999999915
255.2909999999997,-80.20599999999831,-112.01200000000426,304.1169999999965,-146.7800000000011,-85.60700000000452,301.53499999999553,-167.0979999999986,-57.177999999998974,153.8059999999973,-106.12199999999916,-141.5029999999888,117.24099999999852,-36.53600000000097,-20.22699999999986,166.1990000000003,98.22999999998956,-247.37499999998815,37.9950000000008,222.0590000000016,-333.8320000000067,345.01599999999826,-52.16300000000018,69.86000000001695,512.1790000000004,252.57799999999972,99.36499999998888,564.3339999999966,24.512,76.39800000000605,-0.4059999999981301,-48.34299999999985,-20.807000000002063,85.58900000000023,27.12399999999917,48.63300000000663,1.6189999999994598,21.1119999999994,42.420000000004165,22.507000000001653,-39.67800000000068,-3.917999999998756,10.72499999999934,7.074000000000069,-5.329000000000406,2.442999999999529,2.63699999999858,1.6819999999995616,-0.6229999999987967,-3.1920000000013715,3.112000000000137,-0.7110000000011496,4.357999999996309,-0.8470000000002642,-0.8600000000001273,9.517999999997071,-3.64799999999974,-28.60600000000204,-100.22099999999998,-43.232000000000426,-1.606999999999914,5.824999999999925,39.34900000000425,3.655000000000008,210.78799999999976,80.80400000000054,-23.49799999999931,601.4790000000005,-93.34599999999824,-121.3639999999998,536.0230000000001,-130.5950000000024,92.41099999999987,481.24100000000016,98.15299999999922,1.6260000000045238,-11.464999999998328,-0.4700000000013915,0.0079999999996971,-0.8830000000017435,2.147000000000787,-60.85899999999924,-40.12099999999919,23.37699999999927,-62.33700000000013,487.7670000000009,-50.925000000000864
241.18700000000217,-92.95099999999934,-119.82399999999416,304.86700000000155,-149.1199999999992,-87.14599999998427,306.842000000006,-159.76500000000158,-54.85799999999017,140.5240000000049,-102.98099999999975,-137.5250000000051,108.48200000000077,-35.491000000001804,-17.870999999991,160.80299999999852,101.48300000000744,-233.65499999999884,119.17699999999628,167.84600000000864,-313.207999999986,340.1389999999992,-46.05000000000104,68.40899999999692,564.4729999999995,211.07900000000012,80.76200000000426,565.091000000001,22.41700000000004,68.38299999999435,-3.092000000003736,-46.323000000001,-18.109000000004016,80.565,28.674000000000888,49.2240000000038,2.3120000000005803,20.98399999999856,40.48399999999219,17.85000000000423,-36.15399999999909,1.0799999999903775,10.11400000000151,2.6010000000013638,-2.2519999999985885,3.894999999999982,-1.7480000000006155,-1.6300000000001091,0.1620000000031041,-1.6630000000020573,1.8359999999987051,-1.2689999999992096,1.044000000001688,-0.6799999999998363,6.4510000000041146,-20.33699999999783,6.148000000000309,78.81800000000112,-28.09299999999979,37.39699999999857,-9.692000000000078,4.411999999999949,46.53099999999313,13.865999999999978,241.7010000000001,94.8030000000017,-45.33400000000114,581.4149999999997,-68.36500000000001,-102.05699999999992,532.7039999999982,-112.13999999999942,144.7020000000002,585.9679999999998,-30.02599999999944,-22.311000000001968,-27.451000000002068,14.584999999999582,1.5109999999992851,1.1700000000018915,-1.959000000000799,-63.870000000000005,-40.224000000000615,29.71200000000067,-54.85900000000008,479.09700000000015,-42.31800000000021
257.32399999999416,-67.86199999999951,-123.60799999999016,302.71700000000124,-144.19399999999882,-94.6540000000141,282.598999999999,-154.86899999999935,-56.14000000000488,127.8039999999976,-86.14200000000096,-130.5659999999989,89.73200000000077,-32.64199999999846,-5.4689999999936845,147.5439999999992,99.42000000000915,-228.6139999999932,74.47500000000105,234.2959999999948,-306.2070000000176,341.9830000000019,-41.368999999998834,59.10599999999704,540.7890000000009,246.19000000000017,83.00799999999526,575.3660000000025,26.503999999999948,49.500000000000455,-3.780999999997903,-41.17099999999709,-16.271999999992204,84.00400000000019,26.191999999998927,46.43599999999424,0.9739999999993644,16.69300000000362,42.37699999999904,11.253999999996722,-36.381000000000085,-5.535999999995056,7.135999999999854,3.236999999998602,-1.9439999999974589,1.0120000000000573,4.870000000002506,1.0559999999998126,1.1289999999974043,2.261000000004288,0.1130000000017616,2.3889999999994416,-2.759000000003198,1.3390000000001123,-8.654999999998836,29.28799999999967,-5.996000000000379,-23.72100000000046,-55.63400000000023,-14.056999999991149,-13.29899999999995,3.9179999999999993,41.33600000000115,3.688999999999965,161.53099999999992,75.13399999999706,-36.62899999999922,573.769,-61.790999999999485,-94.91100000000046,528.6300000000011,-111.65200000000084,134.26699999999985,499.649,-5.902999999999281,-1.3980000000003656,-7.217000000002827,-0.1710000000002765,0.593000000000643,-2.06100000000049,2.4640000000005102,-67.90400000000005,-43.83499999999998,29.32700000000068,-41.69099999999979,478.6940000000001,-42.51299999999958
234.01499999999945,-70.51800000000128,-121.53400000001966,299.3039999999951,-145.68000000000154,-86.73099999998612,287.23999999999705,-155.41000000000054,-57.22699999998895,124.51500000000236,-114.19700000000148,-117.93199999999617,89.70499999999788,-27.069000000000187,-11.719000000016422,134.69200000000114,107.71499999999604,-219.33500000000092,104.51700000000416,192.8710000000024,-280.3839999999809,339.3470000000008,-18.89800000000008,68.76200000001518,577.2660000000002,223.5079999999998,61.9380000000092,581.6039999999987,26.90899999999998,28.044999999997344,-6.128000000001066,-41.32100000000492,-16.346000000010008,67.577,25.24800000000198,42.78600000000097,-1.3490000000004445,18.76800000000003,43.1030000000078,4.098999999996522,-11.630999999999858,4.376999999999498,-4.071000000001845,-1.86599999999828,-12.175999999999476,0.1450000000005502,0.5789999999990414,-1.1619999999993524,-0.9900000000016008,3.1589999999994234,-3.059000000000367,1.332999999999629,2.033000000005813,0.9699999999995156,-5.795000000000528,2.638000000001739,-4.876999999999754,19.147999999998436,-63.485999999999976,-13.287000000002536,-25.122,-3.685999999999901,46.6700000000003,-10.538999999999987,153.36100000000013,71.2310000000059,-23.18700000000007,555.583,-56.29200000000054,-83.31499999999963,519.4580000000002,-99.584999999999,153.85000000000025,503.501,-3.0310000000007165,-3.958000000000084,-4.101999999994632,-0.8449999999982083,-1.6630000000020573,0.131999999999266,0.2030000000004861,-74.88000000000028,-55.65599999999904,29.245000000003078,-27.77799999999999,468.844,-35.38000000000068
218.54899999999589,-85.8259999999973,-135.06999999999607,297.1830000000012,-142.2329999999988,-92.88300000000618,290.073000000001,-149.28899999999885,-58.56900000001133,123.1779999999958,-84.17699999999968,-116.22400000001107,84.8920000000021,-18.189000000000988,-10.448999999994156,115.98799999999868,111.37099999999693,-208.6189999999988,73.41599999999744,188.3609999999976,-259.5390000000066,337.1099999999984,-51.67100000000033,18.713999999977204,581.8629999999998,222.068,62.7809999999954,580.6789999999978,22.989999999999977,2.062999999998283,-8.470999999997275,-37.89999999999623,-13.451999999995223,66.27599999999916,26.644999999999182,43.80400000000009,-3.617999999998744,15.75300000000084,41.07699999999568,-4.955999999998539,-12.362000000001672,3.917999999998756,0.8380000000016707,-1.424000000000092,11.156999999997195,-1.81699999999978,0.3250000000008413,1.213999999998805,0.8330000000000837,-2.9910000000029413,5.622999999999934,-0.3590000000002646,-0.965000000002192,1.991999999998484,-3.52500000000191,5.969999999999232,-2.172999999999803,3.697000000002504,-49.00599999999997,3.899999999998727,-23.75699999999981,-3.697999999999979,45.20299999999793,20.68899999999996,223.959,104.12299999999846,-11.64100000000019,542.1270000000006,-46.06899999999996,-68.53300000000075,507.61400000000094,-83.19800000000157,148.26999999999975,474.7730000000001,-39.06000000000063,0.8390000000019882,4.787999999996373,1.576999999997497,-0.1620000000002619,0.7069999999970378,-0.0830000000007658,-66.02100000000064,-63.255000000000905,29.726999999996902,-20.51499999999997,446.584,-22.79399999999896
247.00900000000277,-73.5430000000008,-134.59499999999025,290.24,-131.00000000000023,-96.54499999999187,271.16100000000074,-135.6989999999996,-51.33100000000468,120.00100000000202,-85.66599999999767,-109.10599999999704,87.79599999999732,-16.82999999999879,-8.240000000000691,101.19400000000384,113.07400000000598,-198.7790000000132,17.059000000000424,179.55299999999852,-249.31100000000012,329.5119999999997,-3.857999999999606,57.861000000002605,601.0409999999993,219.73800000000008,52.99099999999726,585.984000000002,16.215000000000046,-25.00599999999622,-14.053999999998725,-43.50000000000023,-13.536999999996624,70.05800000000022,19.192999999999927,40.790000000004056,-6.153000000000475,16.12599999999702,37.28600000000597,-8.242999999998801,-17.544999999998367,6.194999999991069,-6.624000000002184,0.4719999999991842,-3.206999999997606,0.532000000001176,3.813999999999851,-1.1079999999992651,-0.2749999999991814,-0.6619999999998072,1.7560000000003129,2.692999999999301,1.6790000000014516,-2.554999999998131,5.239999999997735,-23.214000000001533,2.0719999999997185,-4.198999999999842,-40.098000000000056,8.190999999999349,-19.017000000000195,-3.673000000000037,44.07899999999927,11.25399999999992,159.2079999999999,82.43699999999876,-5.265999999998883,525.9589999999988,-37.49899999999968,-59.832999999999714,485.0569999999976,-71.85199999999838,150.30900000000003,446.256,-55.52499999999938,-4.077000000000908,-1.900999999998021,-0.5670000000009168,-0.8859999999998536,3.0270000000029995,-0.458999999999321,-91.22500000000002,21.50400000000019,54.39200000000142,-14.613000000000298,437.1209999999991,-16.62500000000051
225.70799999999736,-74.1010000000017,-132.44600000000446,287.58000000000266,-131.3379999999995,-95.64300000001822,267.0219999999972,-132.453000000001,-57.58099999998194,111.88700000000154,-78.15800000000195,-114.22099999999772,94.7150000000022,-7.681000000002314,-14.025999999989835,91.38399999999932,111.63899999999104,-188.8300000000072,24.356000000000225,221.7710000000011,-225.63499999999976,305.0180000000012,-24.418000000000006,35.974000000010165,614.809000000001,198.61999999999992,50.52500000001601,598.7540000000024,46.74099999999992,-33.092999999996664,-1.059000000003607,-38.50100000000225,-33.46599999999853,62.36099999999993,24.53699999999941,44.43400000000111,-10.491000000000383,19.850999999999885,38.40999999999895,-18.06599999999889,-10.477000000000205,8.832000000006701,-3.786999999999807,-5.974000000000501,-1.685000000003356,-8.629000000001952,0.2819999999985612,0.9489999999971132,3.2829999999989923,3.1340000000000146,-2.123000000001696,-0.3569999999996298,-1.7550000000028376,1.6189999999994598,-10.86999999999989,26.426000000000727,-6.6859999999998365,10.746999999997795,-15.73600000000006,22.136999999997897,-31.666999999999845,2.130999999999972,48.81300000000124,3.830000000000133,104.44000000000004,59.458000000000766,7.16199999999958,498.49200000000025,-26.22099999999961,-52.656999999999954,467.8500000000014,-54.75500000000011,151.4800000000001,415.1820000000001,-64.62199999999996,-4.509999999999081,-2.9359999999996944,3.4480000000030486,1.7179999999996198,-4.6140000000008285,-1.4720000000011169,-39.088999999999885,-104.45799999999964,8.715999999998303,-6.093999999999866,413.888,-8.830000000000382
220.5439999999953,-65.97599999999773,-131.0429999999997,274.8719999999992,-131.42299999999807,-98.3389999999872,229.455999999999,-111.04799999999956,-30.2120000000059,115.16100000000051,-68.00199999999563,-106.33600000001024,71.91299999999785,-13.155999999997904,-1.9279999999980648,82.04400000000192,105.11500000000068,-182.1899999999914,40.8360000000016,172.0640000000003,-206.18800000000877,322.081,-6.927000000000305,46.63100000000213,622.0949999999988,206.21800000000005,37.59700000000521,598.1689999999958,9.826000000000068,-67.20599999999877,-11.880000000002156,-42.75200000000154,3.3140000000003056,53.88300000000044,18.653000000000475,41.46099999999251,-16.16199999999992,18.005999999996902,36.888999999996486,-16.4100000000019,-23.40200000000152,-1.2270000000057737,-10.190000000000056,-1.745999999999981,4.288000000002512,-3.899999999998727,-1.2360000000001037,4.730999999998176,1.8979999999999109,-1.028999999999769,4.185999999999979,2.3500000000012733,-1.269999999999527,0.3280000000017935,0.7929999999987558,-22.72700000000043,3.616999999999848,-8.417999999997505,-50.34500000000008,37.36000000000104,-32.06300000000013,3.802999999999912,47.32999999999947,42.92299999999987,204.09599999999992,96.84399999999869,5.230999999999142,468.59800000000007,-10.562000000000182,-53.70399999999975,435.50500000000056,-39.874000000000365,145.0669999999999,382.5420000000001,-79.65599999999995,-5.117999999998801,4.9080000000003565,0.983000000002221,-2.511999999998693,0.5480000000005703,3.658000000000072,-65.15600000000035,-41.60299999999921,27.78600000000324,-6.449999999999889,395.60400000000016,-2.159000000000333
197.449000000006,-60.6220000000036,-126.78200000000288,267.41300000001047,-115.91300000000048,-101.60000000000764,252.13300000000345,-115.39700000000153,-59.839000000010856,100.5740000000003,-53.72400000000539,-112.21899999998186,75.394,-8.616000000000668,-3.8460000000213768,73.85799999999563,107.0920000000001,-180.78699999998665,21.8529999999987,165.26499999999942,-197.29699999999184,302.0219999999995,-21.274999999999977,14.269999999987704,642.8499999999985,178.90099999999998,32.50799999998435,602.600000000001,7.516999999999996,-89.28200000000288,-21.50299999999561,-46.78299999999922,-3.875000000005002,49.90899999999954,19.56699999999927,41.01000000000568,-21.09099999999984,16.717000000005555,39.5020000000045,-21.1119999999994,-16.915999999997666,12.012000000004264,-7.680999999999472,-9.182999999998742,-2.3650000000031923,-6.4590000000009695,-0.6000000000000227,0.894000000005235,0.2910000000014179,4.4590000000027885,-1.8699999999995496,0.4559999999997899,-1.9069999999999252,-1.7440000000021882,-8.66399999999885,26.955999999998426,-4.887000000000086,-29.77999999999952,-25.542999999999694,21.86900000000378,-91.26000000000012,40.61400000000006,93.0720000000008,-38.79199999999994,269.72200000000004,150.82699999999818,7.028999999999996,449.7749999999997,-6.636000000000308,-33.74600000000001,418.4219999999996,-18.011999999998807,131.52900000000008,356.56499999999977,-92.96999999999969,-6.5980000000024575,-8.893000000000484,4.360999999994419,1.8910000000005311,-4.12900000000036,0.6860000000003197,-58.14499999999896,-20.32000000000096,29.39799999999764,-7.582999999999984,371.2249999999997,12.849000000001354
198.6090000000104,-70.93699999999785,-133.275999999978,262.9489999999919,-106.52500000000202,-102.30699999999617,243.57299999999785,-105.69099999999878,-68.45700000001216,101.4039999999966,-78.61299999999574,-109.60700000000544,71.23100000000022,-4.607999999996082,-3.1129999999848224,60.61500000000137,111.79200000000264,-180.8100000000195,46.557999999998856,108.60000000000127,-188.57399999999416,323.63200000000063,-5.796000000000845,23.913999999990665,649.0060000000028,163.675,14.441000000010716,612.754000000001,2.9469999999999885,-101.94099999999936,-27.82600000000457,-42.28200000000015,-5.921000000000731,43.246000000000606,17.611000000000843,41.4670000000001,-27.889000000000408,15.949000000000524,38.80599999999959,-25.029999999998157,-14.691000000001964,8.490000000006148,-16.20100000000093,-5.978000000001771,2.31300000000374,-2.967999999998483,-3.630999999998608,1.1139999999954853,2.106000000000563,-7.541000000003351,5.272000000000787,0.0779999999991787,2.0570000000020627,4.003000000000156,-3.5239999999987504,10.707000000002154,-3.880999999999801,-44.10799999999995,-26.801999999999992,23.56599999999389,-33.308999999999855,15.280000000000094,51.52600000000689,9.471000000000096,161.523,88.32400000000007,5.280000000000484,421.2450000000004,9.239999999999782,-41.878000000000526,405.94700000000046,-8.977000000001567,115.6410000000001,331.38199999999995,-113.185,-5.971999999997024,-13.715000000001965,19.806000000005497,-1.703000000000543,-1.7229999999983647,2.1450000000001523,-53.678000000000736,-17.659999999999343,36.42800000000079,-7.535999999999987,360.74000000000126,15.413999999999817
215.05699999999024,-43.16100000000063,-132.23900000002686,253.16399999999817,-107.0999999999998,-107.72699999999986,239.7070000000042,-104.07700000000092,-74.8529999999846,87.55500000000325,-74.65200000000323,-113.58600000000934,78.48200000000247,5.65499999999588,-9.48399999999765,43.72500000000059,116.15000000000464,-177.71000000000186,27.77100000000132,120.14799999999468,-170.51400000001422,292.5430000000006,0.8770000000012601,16.796000000022104,616.9449999999983,222.777,28.221999999982472,612.3749999999973,9.286000000000085,-130.65800000000536,-72.77199999999766,-48.21499999999901,-10.375999999996566,45.8919999999992,13.16099999999949,36.554000000001,-29.137999999998957,14.476999999999409,34.02099999999564,-28.07900000000245,-13.402999999999563,17.975000000001273,-11.923999999999069,-7.743999999999573,3.863000000001193,-12.6339999999999,-1.8190000000004147,5.374000000000478,1.1519999999990205,7.427999999998747,-0.7800000000003138,-1.0959999999982983,-2.584999999999127,-2.1079999999997767,5.499000000003207,-28.91799999999876,4.871999999999588,-1.961000000002855,-26.340000000000074,68.65799999999354,-28.10600000000001,17.01599999999992,50.03699999999185,-2.7350000000000207,162.68099999999998,87.67400000000407,-4.89599999999939,402.36599999999993,12.809000000000026,-33.676999999999424,396.37599999999935,7.744000000002416,98.93,292.69200000000023,-132.84100000000052,-14.081000000004453,-10.05800000000363,3.2129999999995107,1.021000000000072,-1.518000000001507,-1.246999999999332,-53.169000000001176,6.641999999999371,31.213999999999945,-9.116000000000213,351.2899999999988,19.11699999999996
202.39900000000264,-63.497999999998456,-143.26199999998153,245.3579999999988,-96.70099999999876,-114.12299999999505,233.5109999999986,-99.62600000000066,-81.54299999998784,91.11599999999952,-51.28499999999576,-116.5409999999838,57.99499999999966,10.116999999991094,-6.397000000015396,22.1589999999992,102.31999999999744,-170.62999999998283,-13.50100000000225,111.81000000000267,-172.23500000000058,308.0669999999998,0.4659999999987008,13.245000000006256,696.9670000000008,92.235,-4.479999999989559,616.5710000000047,-21.58500000000005,-143.29199999999673,-35.78200000000038,-51.806999999996606,3.003000000001066,39.07400000000081,18.15699999999936,34.53999999999269,-34.21300000000116,15.713999999996986,33.11800000000176,-20.413999999999533,-43.38999999999942,-5.05399999999554,-19.302999999999315,-13.290000000000646,2.92699999999968,-11.88900000000217,-6.513000000001057,3.023999999999205,-2.042000000000144,-6.45399999999654,4.1679999999999495,1.3859999999993988,-5.9750000000008185,-0.5169999999992569,-13.730000000003884,27.860999999998626,-5.522999999999456,-26.33299999999963,16.906999999999783,-2.391999999997552,-28.148000000000017,25.303000000000075,48.01300000000879,1.332000000000022,155.78000000000003,81.644,-8.32900000000052,381.3589999999991,29.79700000000065,-36.28100000000032,372.84899999999936,23.431999999999675,88.86199999999995,254.64299999999935,-142.87999999999954,-18.52399999999648,1.0220000000060736,-8.45000000000482,-2.8860000000008768,-1.4939999999995734,1.887999999999579,-42.676999999999055,23.605000000000587,33.33099999999831,-15.92199999999977,333.4940000000003,24.940999999999747
200.28599999999412,-29.27400000000091,-138.9889999999923,232.85599999999815,-99.615,-152.00200000001587,225.78699999999685,-86.3900000000001,-86.80400000000645,87.53999999999564,-52.032000000002654,-109.98500000000604,50.50999999999988,10.678000000012844,-5.016999999998006,4.201999999997952,104.70500000000128,-161.31600000001072,-31.759999999997035,137.48199999999997,-147.41800000000467,310.0599999999986,10.440000000001248,4.076999999983855,684.7939999999994,110.927,-4.455000000007203,617.944,-12.035000000000018,-177.23399999999856,-47.084999999998445,-47.08500000000413,-14.50800000000072,37.96399999999949,18.688000000000216,32.11000000000013,-37.563999999999,17.153999999999314,28.52199999999812,-27.49900000000025,-24.35299999999927,6.933999999989737,-17.437000000001035,-14.19999999999959,-1.386000000002241,-13.661999999999352,-8.763999999999328,3.5040000000037708,-3.5730000000000928,2.5050000000021555,-0.7210000000000605,-4.984999999999218,-2.6949999999999363,-1.2740000000007967,6.772000000000844,-25.35699999999963,3.670999999999936,-48.25799999999845,40.89000000000027,18.54200000000219,-20.626000000000037,27.77599999999989,49.98799999999619,-7.955000000000112,150.10499999999996,78.37199999999598,-20.038000000000977,355.06800000000067,28.57399999999899,-37.29699999999952,354.213,34.33699999999931,73.64299999999986,212.16500000000025,-137.63100000000037,-0.3120000000023992,4.100999999997157,-13.167999999996027,-3.165999999998803,-3.125,-3.112000000000137,-61.50799999999919,-26.34400000000028,38.55600000001118,-21.71999999999983,311.3430000000001,20.7650000000001
192.72499999999584,-32.17999999999961,-149.26800000002913,235.92200000000503,-63.24200000000246,-86.92599999997128,220.1480000000004,-79.63499999999897,-91.88300000000709,80.42900000000373,-50.83900000000199,-114.15999999999258,49.90799999999922,22.744999999997617,-3.5399999999981446,-9.371999999996206,76.10499999999547,-154.94399999997768,14.663999999999078,95.73299999999564,-118.23099999999158,301.903999999999,15.604999999999336,-4.271999999991749,696.8260000000015,92.51600000000003,-13.90400000000227,604.4709999999952,-24.46799999999998,-199.93299999999863,-52.28000000000179,-46.197999999998274,-11.932000000001608,33.18100000000044,22.2360000000009,23.25500000000602,-40.12799999999999,19.31700000000092,20.202000000006137,-25.13099999999895,-28.41099999999983,11.19899999999916,-25.372999999999024,-16.176999999998998,3.687000000002172,-19.548000000000343,-10.284999999998943,5.940999999995711,-2.195000000000391,-5.081000000001268,1.6149999999996112,-6.119000000001051,-3.879000000000588,-4.100999999999999,-12.747000000001664,33.179000000001224,-5.677000000000021,-23.80200000000059,30.799999999999983,28.52199999999812,-18.32899999999995,31.9840000000001,48.87399999999502,-12.943999999999887,146.685,61.49599999999964,-30.05299999999949,298.4319999999997,41.85100000000119,-53.81,294.9700000000007,48.99999999999807,79.14199999999987,256.6840000000006,-98.17999999999998,-26.7879999999991,-10.275000000001455,4.248000000001184,-2.787999999998192,-1.342999999999961,0.0950000000003115,-24.89000000000061,50.38100000000014,20.940999999987756,-32.3990000000002,267.0029999999997,27.267999999999404
182.0800000000077,-31.040000000001555,-147.1559999999954,229.00099999999952,-89.21199999999772,-155.7130000000143,216.7300000000012,-69.29000000000087,-93.41999999999187,79.34500000000071,-40.75100000000021,-108.6180000000013,52.13699999999904,20.895000000001573,-6.676999999990585,-16.144000000002734,73.88300000000072,-144.11600000000817,30.71000000000481,89.66699999999719,-92.61500000000068,315.7090000000011,24.437000000000356,-6.702000000018416,700.6859999999989,82.16599999999995,-18.35999999998421,610.7850000000042,-36.84199999999995,-228.282999999999,-12.58299999999508,-47.63399999999933,-5.755999999996675,27.818999999999505,24.835999999999103,16.76599999999553,-43.60600000000119,19.77300000000355,17.84099999999853,-21.38400000000047,-23.54500000000144,10.328000000004067,-23.653999999999087,-16.91600000000051,-1.0620000000017171,-14.22900000000027,-12.343000000001323,5.164000000002034,-1.7859999999984666,1.964999999995598,0.6830000000007885,-0.8190000000013242,-2.215000000001055,1.8290000000007467,-2.602999999993472,4.8929999999984375,0.8899999999997021,-18.62199999999916,42.0499999999997,27.447000000006483,-11.055999999999957,41.91899999999986,43.219000000004826,-18.172000000000036,198.533,75.13700000000654,-48.76700000000085,217.25300000000016,51.959999999999695,-82.87700000000058,211.73299999999955,55.930000000000746,6.359000000000492,177.08799999999982,17.28300000000047,-19.37199999999848,-34.05999999999949,12.753000000003569,-2.8730000000024347,-1.9880000000000564,-0.6390000000010332,-11.451999999999884,66.64700000000039,15.744000000000824,-60.890999999999806,196.464000000001,27.38500000000101
170.87400000000343,-35.72099999999807,-154.6139999999923,223.3699999999999,-59.150999999999954,-141.9070000000147,211.49899999999772,-56.26099999999781,-95.09299999999712,66.019,-41.5580000000034,-106.83600000002116,54.14200000000165,32.62899999999718,-4.980999999997948,-23.79399999999805,53.95499999999629,-135.61400000000958,37.35299999999597,80.65200000000914,-65.67400000000134,302.53199999999936,21.007000000000176,-28.34499999999025,700.7959999999997,87.25800000000001,-29.30900000001202,592.4440000000004,-55.45900000000006,-255.39600000000743,-100.76200000000313,-54.139000000003534,-7.532000000003336,35.16199999999969,27.07300000000004,15.277000000003229,-51.88099999999878,23.833999999993694,15.11799999999539,-23.378999999999905,-31.552999999999543,5.504999999993743,-27.42900000000077,-13.549000000000431,-0.4549999999994725,-16.844000000000392,-10.989000000000717,5.950999999998885,15.17599999999959,140.65899999999942,-76.99800000000039,-10.972999999998478,-1.843999999999824,-5.5060000000011655,-3.1280000000037944,-2.485999999998967,0.473999999999819,-16.89800000000048,50.56000000000012,29.132000000004155,7.969999999999899,55.45600000000004,40.60999999999808,-16.68099999999999,54.60100000000008,28.598999999996977,-65.31799999999919,164.75500000000025,56.26099999999923,-81.51599999999988,147.73799999999966,44.932000000000016,-68.87300000000032,138.79299999999972,15.05599999999987,-38.28800000000001,-11.715999999995574,-4.685000000000628,-4.222999999998933,-0.3009999999989077,-1.753999999999678,27.7860000000004,152.8099999999995,5.402000000003682,-78.16800000000015,139.56699999999955,41.13499999999988
168.61599999999726,-8.241000000001009,-152.09899999999834,239.7769999999923,-19.16000000000224,-89.58699999998316,208.6940000000027,-41.72500000000241,-95.3860000000077,59.44199999999569,-45.93599999999469,-101.59899999998744,27.824999999998568,21.27700000000345,11.425999999983103,-29.453000000000884,47.21700000000055,-125.5800000000022,100.1989999999978,22.32699999999568,-27.343999999993684,281.4070000000015,20.977999999999497,-43.78600000000006,733.0479999999994,33.62400000000001,-42.444000000000415,601.7149999999958,-57.48199999999999,-277.7159999999981,-47.38800000000083,-46.10599999999749,-8.26399999999694,31.930000000001257,26.2590000000003,13.518999999996597,-48.97200000000055,28.83600000000115,16.534999999998945,-20.551000000000386,-44.553999999999405,5.907999999999447,-21.85399999999902,-13.14400000000262,-2.240000000000464,-19.327999999998724,-11.910999999997784,5.600000000004002,-5.1669999999973015,-3.249999999997044,2.785000000000082,-10.307000000000244,1.371000000000322,-0.8040000000008263,12.5,-25.073000000000437,4.655999999999949,10.864999999998304,92.53800000000004,42.21799999999121,20.799000000000056,63.50800000000003,39.26700000000096,-23.815000000000097,99.89499999999988,41.25899999999661,-81.98200000000071,123.78999999999962,67.12300000000084,-88.26999999999998,119.72100000000124,70.32299999999907,-82.01099999999997,79.48900000000023,3.1759999999998456,-32.72400000000175,-37.821000000002414,7.476999999994405,-4.810000000000514,-1.024000000001024,-1.9579999999990605,11.393999999999949,85.20299999999992,16.625999999996566,-88.3700000000001,110.2889999999995,35.42099999999806
174.03600000000097,-16.461000000001036,-162.2440000000097,212.73800000001305,-43.58499999999879,-149.4760000000042,199.8109999999997,-32.067999999998165,-94.71399999999905,55.1270000000045,-38.04599999999709,-90.625,4.454000000001201,19.94699999999625,26.831000000015592,-30.44399999999996,38.52500000000418,-111.65099999999484,1.5010000000017951,122.37499999999956,-39.404000000001815,292.9640000000006,26.896000000000697,-65.1740000000018,724.5519999999999,49.04999999999999,-49.95099999998729,592.7819999999997,-79.84100000000001,-291.7479999999955,-27.73799999999937,-55.340000000001055,-12.109000000009472,30.21799999999928,30.852000000000142,13.855000000000928,-52.30799999999931,28.571000000005142,16.455000000007658,-14.773000000002412,-52.82899999999984,-4.155999999989035,-29.39400000000205,-10.82299999999634,1.9169999999974152,-14.431999999999334,-8.292000000000144,5.574999999998909,-5.073000000001571,2.2850000000005366,-2.9820000000000846,-6.969000000000847,-0.6500000000016826,-0.6579999999985375,-3.626000000002705,-0.5740000000002965,-2.7809999999995227,23.76999999999896,37.819999999999965,39.6979999999985,37.32900000000008,70.97799999999985,35.46699999999987,-11.074999999999946,84.37599999999996,36.01700000000392,-95.64299999999832,89.27700000000058,66.1529999999999,-110.50399999999954,80.64499999999981,80.6900000000013,-82.71699999999989,3.987000000000052,34.09100000000009,-37.05400000000054,-31.094000000001643,4.302999999998747,-4.033000000001152,5.8639999999968495,-2.633000000000152,26.14899999999949,71.04199999999992,12.488000000001875,-103.84600000000006,61.27600000000015,37.98600000000079
165.8869999999979,-22.053999999999974,-164.6729999999934,220.11699999999337,-29.288999999999987,-141.4549999999963,197.78099999999768,-19.44300000000112,-89.745999999991,39.996999999999616,-15.901999999999816,-86.80500000000393,25.6149999999991,40.518000000002985,15.612999999984822,-30.545000000000755,36.77999999999884,-102.53300000000536,38.5469999999998,47.55900000000111,-4.9620000000118125,300.60299999999813,47.20399999999927,-54.419000000007145,730.292,33.25800000000001,-55.981000000019776,591.4680000000089,-96.674,-307.465000000002,-119.75400000000036,-60.95900000000256,-1.7519999999990432,38.2630000000006,30.774999999999864,11.29799999999932,-53.80300000000062,27.8129999999976,21.89300000000003,-19.85199999999736,-42.49100000000112,15.087999999991553,-30.58499999999924,-4.860999999999649,-0.9799999999984266,-13.473000000001887,-10.327000000000908,0.9309999999970842,-7.076999999998179,3.390999999999167,2.246999999999844,-15.375000000000227,-0.4310000000032232,-1.1219999999994457,0.4330000000038581,3.0399999999985994,-2.3829999999996687,-11.082999999996446,34.14199999999994,14.624000000003434,45.17699999999998,74.19100000000016,28.652999999997064,-10.690000000000133,63.842,33.00500000000284,-107.12400000000032,53.14599999999956,71.57899999999842,-133.43600000000038,42.26199999999949,78.12999999999874,-67.12600000000002,3.390999999999877,-32.683000000000106,-41.02199999999812,-25.884999999999536,4.903999999999087,-0.9259999999983392,2.088000000003376,-2.017000000000735,29.046999999999912,46.999999999999886,-4.360999999994419,-116.188,19.814999999999827,38.12499999999943
174.80500000000347,-15.608000000000288,-176.1109999999917,219.4949999999949,-12.461999999999309,-128.83300000000872,192.252000000002,-22.73799999999824,-88.67200000001958,32.997999999997774,-31.77500000000464,-70.3610000000026,20.68000000000154,49.33399999999892,21.5940000000046,-33.474999999998545,29.15699999999788,-83.48399999999856,40.87200000000166,47.12499999999409,3.2290000000102737,289.7430000000014,32.035999999999376,-82.1770000000015,756.7509999999999,0.0249999999999417,-71.21599999998125,587.8079999999954,-109.40699999999998,-315.2400000000057,-64.9690000000021,-56.899999999996,-6.17699999999104,45.91399999999908,33.04700000000054,13.745000000005804,-53.45300000000037,33.566999999999325,21.337999999991556,-17.284999999998263,-17.634000000001038,18.420000000003256,-26.0390000000001,4.197999999999524,2.4020000000007258,-17.396999999999707,-6.5500000000014325,7.36400000000117,-9.795000000002574,-2.6799999999980173,1.5649999999993724,-15.766999999999598,5.201000000005251,-2.702000000000737,3.451999999998634,-1.6829999999970369,3.1829999999992253,28.678999999999636,55.29400000000013,36.14499999999907,54.74800000000002,71.70199999999997,27.240000000000464,-13.725999999999772,8.206999999999987,-4.5780000000036125,-89.7500000000008,28.406000000000372,61.69500000000028,-136.94699999999995,12.84700000000072,74.18700000000058,-73.45700000000015,-44.836999999999705,-25.78200000000024,-43.2770000000005,-33.492999999998574,9.476000000000797,-5.678000000000338,4.619999999999891,-3.636000000000194,27.09000000000117,25.343999999999767,-0.4699999999957072,-105.83799999999978,-27.71899999999974,34.67899999999986
155.06599999999935,-7.796999999999343,-167.0530000000099,202.79500000000328,-37.583000000000766,-174.37700000000405,180.15100000000075,-12.667000000001847,-86.53600000000097,29.95000000000232,-45.36499999999819,-55.04100000000562,22.056999999998084,55.34099999999853,17.786000000023705,-38.83600000000342,27.495999999996457,-70.77000000000453,93.17699999999718,-12.353999999993448,29.962000000011813,289.98200000000054,60.32700000000091,-66.57699999998385,734.5470000000006,33.453,-59.61899999999787,582.2259999999972,-122.39700000000002,-327.8509999999983,-69.1159999999968,-62.40500000000111,-1.410000000009859,40.48000000000087,39.121000000000095,15.221999999994296,-55.61000000000007,35.863999999997986,26.67900000000145,-17.428999999998496,-12.667999999999324,32.3729999999955,-23.59299999999962,-3.9600000000007194,0.5890000000022155,-11.490999999998053,-7.942999999997369,6.909000000001697,-8.847000000000094,5.563999999998259,-0.8429999999989946,-16.477999999997905,3.6189999999976408,-2.4670000000000414,-2.866000000000213,2.866999999997688,-0.5409999999997694,43.17399999999907,54.06400000000016,35.74199999999337,44.76699999999987,74.263,14.440999999999349,24.92699999999992,147.56999999999996,37.10699999999747,-56.33399999999966,7.430999999999699,47.31400000000008,-110.4770000000002,-6.802000000000419,59.60000000000037,-44.180000000000064,-57.634000000000185,-1.885000000000048,-40.610000000003765,-30.91400000000135,4.541000000000395,-3.8250000000005,4.183000000000448,-2.1450000000001523,18.595999999999435,20.252999999999588,3.0539999999916745,-81.91500000000022,-62.57700000000028,28.95200000000102
146.50199999999813,-3.542999999999097,-166.95600000000468,212.75600000000168,3.9449999999988,-139.17199999998502,192.5110000000018,0.7620000000002847,-85.64399999997931,21.96999999999889,-27.90200000000027,-45.59399999998277,2.5810000000006994,60.7120000000009,30.98099999999704,-52.05699999999638,16.656000000000404,-53.11299999999619,35.91299999999933,35.60200000000577,39.00099999999611,300.779,45.79700000000031,-100.44000000000324,749.6800000000036,-6.818999999999953,-65.91800000001058,572.4670000000003,-130.99999999999997,-343.1569999999965,-69.5920000000001,-63.80399999999895,-1.5069999999923311,49.86099999999993,37.108999999999526,11.634000000003653,-55.45800000000014,38.290000000000646,28.368999999997868,-23.81000000000313,-9.092999999998597,36.42600000000584,-14.59199999999896,2.3410000000012587,-4.410000000001446,-11.639999999999873,-10.4849999999999,1.1629999999968277,-7.671999999999457,2.2310000000004493,-0.6929999999996994,-13.81900000000087,3.143000000000029,0.1580000000004133,-4.144000000002279,24.163999999998964,-3.708999999999918,55.89400000000069,20.105999999999646,35.760000000004766,44.14300000000004,72.62599999999999,10.412999999999784,26.492000000000004,37.13200000000008,1.3419999999996437,-35.53799999999967,-12.590000000000146,35.55499999999938,-72.19400000000036,-24.192000000000743,47.06299999999999,-37.916999999999845,-67.94100000000043,20.547000000000537,-37.52099999999814,-33.987999999999374,6.265000000001919,-5.428000000000566,7.590999999999326,-2.6419999999987454,23.476999999999748,254.54500000000024,43.35999999999558,-49.24,-40.46299999999974,20.73100000000068
128.6010000000033,8.581000000000927,-154.0520000000015,196.59500000000207,2.562000000000353,-138.24500000000626,174.96099999999615,1.180999999999699,-83.42300000001615,21.794999999997344,-31.894000000005462,-33.70300000001407,7.273000000000707,70.41899999999828,25.21999999999025,-61.42899999999827,14.240000000006605,-43.52400000000216,37.1970000000033,22.83300000000281,59.54599999998891,287.9080000000016,34.63299999999947,-117.7979999999934,747.772999999998,-13.881999999999994,-63.72100000000955,564.8529999999994,-135.887,-354.340000000002,-78.36000000000354,-68.38000000000193,-2.904999999998381,52.16099999999955,45.490999999999815,14.134999999998854,-57.96899999999994,39.46300000000065,31.598000000008145,-17.24800000000073,2.2599999999982856,32.98300000000154,-19.6140000000014,1.7119999999977151,2.63699999999858,-8.201000000002523,-10.854000000000497,1.1960000000044602,-8.133000000000834,-1.3649999999984177,1.818000000000097,-13.900000000001,1.2180000000000746,-0.3579999999999472,10.724000000004708,-31.830999999996838,3.3070000000002158,93.96199999999908,129.93400000000008,14.337000000000444,43.54699999999987,59.511999999999965,7.608000000004722,40.35799999999998,-48.40699999999991,-22.10399999999595,-15.379000000000076,-17.770000000000152,20.367000000001667,-28.24099999999987,-20.83200000000005,34.126000000000545,-3.70999999999988,1.674000000000575,-43.15500000000014,-34.60099999999784,-23.306000000002317,2.195000000000391,-2.051999999997633,2.6700000000005275,-4.1080000000008,12.568000000000268,8.574000000000837,-3.069999999996753,-23.12700000000003,-34.639000000000664,21.84699999999964
138.5560000000055,-3.5500000000013188,-156.65299999998297,192.46799999999664,9.483000000000176,-130.16399999999066,172.31100000000197,13.482000000001904,-73.91399999999066,12.418000000002394,-33.168999999992366,-31.359999999995125,4.053999999999292,73.83100000000127,34.76599999999053,-71.91200000000322,-0.1890000000003056,-23.840999999993077,38.64799999999491,22.29099999999562,80.98800000001347,313.22399999999675,66.72999999999973,-92.12600000000748,760.6020000000001,-50.19699999999991,-71.52099999998427,550.5769999999984,-137.08100000000002,-368.49999999999454,-75.00599999999622,-70.75499999999693,-4.328000000009524,62.74200000000008,49.500000000000455,8.240000000000691,-58.38999999999999,48.88900000000263,31.401999999991403,0.7080000000030395,-266.65999999999883,-111.69399999999996,22.45599999999968,0.9110000000021046,-14.416999999997415,-12.740999999999758,-6.941000000000486,6.588999999996759,-6.470999999999094,3.875999999996793,-1.08200000000096,-14.87199999999973,-0.628999999997859,-2.3710000000008336,-5.090000000001282,29.91699999999753,-2.1730000000005134,81.91500000000076,63.77200000000016,-18.432000000007065,42.39100000000029,46.844000000000015,4.9309999999991305,44.48899999999991,17.169999999999952,-6.149000000004889,9.74599999999981,-5.52899999999994,13.102999999998133,-0.9369999999996992,-9.193999999999392,20.690000000001877,-12.039000000000044,3.0929999999997904,-7.925999999999789,-38.84900000000471,-36.9419999999991,10.021999999997888,-3.259000000002743,4.99099999999828,-2.240000000000464,14.89700000000056,-0.7820000000002381,0.5519999999989977,2.9850000000001486,-13.98799999999909,15.61399999999935
134.18599999998833,0.6679999999988695,-149.58500000000186,182.69599999999852,16.25099999999975,-127.72200000001703,162.0299999999986,19.92999999999938,-74.21799999999621,6.875999999999749,-27.273999999999887,-14.453000000003158,5.755999999999517,85.51699999999869,27.30699999999615,-76.65099999999825,-8.447000000001026,-17.95600000000377,-22.54899999999793,65.97900000000436,82.82399999998233,287.9639999999995,79.53699999999913,-102.77099999998428,743.6169999999976,-51.37400000000012,-62.24299999998948,534.0730000000008,-145.62,-377.0140000000083,-83.33800000000338,-75.33600000000433,-4.497999999989588,65.15399999999971,51.42199999999946,7.628999999997177,-65.56399999999911,53.01499999999919,32.43400000000065,-11.206000000004224,-78.33700000000192,3.906000000006316,-46.31899999999973,5.680999999998448,8.813999999995303,-12.815999999997985,-6.926000000001409,5.148000000002639,-10.776000000001318,2.5030000000015207,-1.7019999999988045,-16.5300000000002,5.996999999996433,-1.9269999999991685,10.534000000001242,-28.34999999999752,5.460000000000775,56.04899999999873,-75.24100000000028,54.93200000000797,55.7579999999998,42.22000000000001,-2.7430000000038035,53.63199999999999,23.51099999999988,-3.5089999999968318,23.25000000000017,12.612000000000023,9.37200000000189,11.501000000000516,11.589000000000738,17.710999999997057,3.806999999999761,11.79599999999894,-7.297000000000509,-34.29199999999355,-30.673000000001597,7.281000000000404,-4.210000000000491,7.1060000000017,-3.156999999998789,17.386999999999375,-20.46800000000033,2.4349999999969896,17.32699999999987,8.421999999999485,7.785000000001219
122.38800000000084,-12.027999999997974,-139.72200000000612,170.25200000000495,17.81400000000133,-129.6139999999923,153.7930000000017,28.29099999999869,-74.97600000001512,4.626000000001795,-24.70700000001216,-3.991999999993823,-16.550000000000864,80.38600000000429,48.987000000010994,-80.4010000000062,-19.410000000004857,-3.796999999997297,92.7790000000016,-30.85400000001073,124.76200000000972,312.37500000000296,68.62700000000075,-100.72000000000116,748.8650000000007,-71.02399999999997,-66.91900000000714,512.7900000000011,-149.62799999999996,-385.7479999999896,-81.26199999999812,-73.9439999999945,-1.7879999999991014,66.21999999999986,52.92699999999968,8.216000000004442,-65.08800000000008,56.12500000000296,35.7120000000009,-10.163000000000013,-67.37499999999841,6.396999999992659,-18.444999999999823,12.518000000000027,-0.7629999999949177,-16.33600000000115,-0.4300000000000636,0.9189999999989596,-6.589999999999918,-0.9860000000003312,0.8899999999997021,-9.647999999998548,4.291000000000622,-2.263000000000659,5.770999999998594,-3.5360000000025598,0.9609999999995013,78.80100000000141,47.90500000000026,-45.87500000000091,57.83000000000023,33.69399999999998,-0.0519999999994524,53.10700000000015,22.223000000000148,4.196000000001732,23.914000000000613,22.00900000000061,14.499000000000706,21.18499999999983,17.62199999999865,15.582000000003404,24.59900000000026,17.667000000000854,-12.03299999999956,-37.485000000003765,-20.528999999999087,4.183999999997923,-2.717999999995868,1.7259999999964748,-5.921000000000731,19.11699999999996,-18.3799999999998,5.298000000004777,20.11200000000013,18.149999999999977,9.136999999998352
144.3779999999947,14.322999999998842,-130.016999999998,173.3759999999961,22.579999999999245,-99.95100000001004,146.81699999999864,30.223000000000862,-65.57599999998729,-4.474000000004708,-24.517999999989115,-0.3660000000081709,-8.764999999999645,92.0259999999871,48.766999999998006,-87.32899999999404,-25.63400000000229,12.182999999993172,-50.3690000000006,43.58499999999594,97.88900000000922,305.51399999999944,57.896000000000925,-122.53500000001624,745.1819999999998,-100.29899999999996,-72.3510000000033,493.5609999999997,-155.99400000000009,-389.3010000000004,-90.56400000000052,-81.8300000000022,2.3679999999899337,70.51900000000018,58.80700000000019,6.151999999997315,-66.69899999999984,57.85799999999881,34.11200000000463,-7.628999999997177,-72.83800000000156,5.034999999998036,-16.656000000000404,9.349000000000274,0.2009999999984302,-14.92900000000077,-2.72899999999936,4.394000000002052,-10.596000000001029,8.328000000000202,0.4759999999990327,-17.331000000001495,-7.705999999996038,4.435000000000855,-6.7170000000032815,21.43400000000213,-1.3829999999998677,74.92499999999893,29.072999999999997,-67.61399999999185,56.79400000000001,33.004999999999995,3.1340000000000146,51.46599999999992,22.522999999999985,2.2919999999999163,25.13799999999833,19.443999999999303,13.741999999999166,22.81899999999979,19.649000000001134,22.986999999997693,21.899999999999764,13.974999999999936,-11.21000000000052,-36.9389999999953,-21.46599999999808,4.416000000003351,-4.619000000002416,6.236000000004083,-3.5730000000000928,-30.993999999999744,-203.94000000000003,13.366999999999509,25.27899999999974,11.730999999999623,8.748000000002776
146.77800000001753,-6.931000000000154,-132.01900000001388,163.66600000000062,29.643000000001507,-105.26099999999587,148.1049999999982,38.506000000001,-70.11700000000474,-14.229999999997744,-3.903000000002521,6.775000000016007,-11.713999999997782,97.09700000000794,51.94099999998798,-89.28000000000225,-23.535999999990054,18.31000000000813,23.1899999999996,-35.66199999999071,144.71999999999525,310.6629999999996,82.37499999999898,-90.6729999999925,727.633000000003,-94.95500000000004,-71.46000000000186,480.4100000000119,-151.88299999999995,-393.1820000000016,-85.40000000000418,-74.14200000000051,-0.3479999999967731,77.83200000000079,58.42700000000036,5.36499999999478,-63.72400000000056,62.15499999999565,33.862999999996646,-4.363999999998214,-45.56399999999883,19.56800000000385,-21.7899999999986,23.1899999999996,2.762000000001308,-14.45099999999968,1.3930000000016207,6.646999999998116,-34.02699999999754,-156.40900000000215,90.85699999999974,-16.499999999999204,20.03499999999576,-5.199000000000353,7.407000000006292,0.5099999999998772,2.1349999999998204,108.48100000000044,30.586999999999875,-8.76500000000533,68.59499999999983,30.95000000000003,0.5100000000027194,53.77799999999997,29.51499999999978,3.5519999999962693,27.544000000000324,8.351000000000397,14.193000000000213,29.04400000000038,20.674999999999955,19.97000000000071,12.622,10.173000000000345,-10.94099999999969,-64.16900000000396,-1.1689999999987322,9.949000000000296,-2.485000000001492,11.444000000000187,-3.743000000000052,20.777999999999963,-20.31199999999984,9.237999999999149,26.212000000000124,11.732000000000651,11.762999999999124
110.19299999999248,15.680000000000405,-104.02799999997114,153.9549999999963,32.6849999999979,-102.27099999999608,136.35300000000257,43.01999999999566,-67.37100000000282,-19.96199999999817,-24.320000000000164,14.806999999996153,-31.496000000001345,98.82900000000063,64.1110000000026,-99.48400000000106,-25.09700000000521,28.56499999999187,4.617000000001781,-35.11399999999867,150.945999999999,307.3849999999993,64.1210000000001,-141.150000000016,719.695999999999,-118.628,-77.14900000000853,457.9409999999882,-149.01800000000006,-392.31600000000526,-88.34799999999632,-81.04900000000157,4.663000000005013,76.60899999999913,56.18400000000037,5.756000000008044,-65.25299999999987,61.35000000000446,38.96499999999605,-13.5620000000074,-61.50700000000029,10.253999999997632,-6.262000000000967,16.252000000000066,-0.8540000000039072,-8.677000000000135,-1.1260000000021364,-1.958999999999378,-11.33000000000095,3.3910000000048512,1.5340000000009013,-17.491000000001122,7.608000000004722,2.5959999999997763,6.008999999994558,-3.145000000000664,-0.6099999999996442,128.03299999999922,30.86600000000015,4.046999999991385,68.25499999999991,36.403000000000006,-1.282000000003336,39.67500000000008,109.15499999999996,10.788000000002285,27.30099999999993,-0.1100000000000989,16.85500000000104,33.69199999999992,-0.5470000000002528,25.383999999999677,10.5240000000002,7.688999999999879,-5.604000000000298,-8.627000000001317,-33.43800000000101,1.3849999999990814,-5.900999999997225,8.138999999999896,-1.9679999999993925,30.283000000000012,-20.562000000000324,12.2950000000003,25.10500000000011,8.861000000000274,8.77699999999777
146.17899999999509,-5.380999999999858,-110.48600000001444,145.23300000000745,39.29700000000196,-95.38599999998496,131.37800000000084,50.84700000000453,-63.24500000000626,-27.96600000000353,-30.37400000000048,22.545999999988453,-31.329999999999814,105.54200000000264,63.67200000001958,-103.53700000000003,-25.127999999995158,30.99400000000969,37.000000000000455,-32.66600000000608,159.52199999999266,312.74099999999976,75.26500000000027,-130.73799999999665,699.9879999999962,-121.735,-78.46700000000055,439.7310000000005,-140.95699999999985,-396.7039999999997,-93.83599999999888,-79.00699999999574,-0.4520000000070467,76.42500000000041,61.4379999999997,7.701999999994769,-63.85300000000029,60.40299999999661,45.42200000000776,3.5160000000018954,-80.70699999999817,-0.7690000000025066,-10.416000000000736,37.26400000000183,5.486999999999398,-6.456000000000017,7.986999999999966,3.069999999996753,-11.160000000000991,-1.883000000003676,4.579999999999984,-17.099999999999227,8.507999999994809,1.36099999999999,12.288999999998396,-27.73600000000158,6.115999999999389,48.98400000000152,-79.89000000000014,-39.75199999998722,68.33200000000019,33.291999999999966,6.436000000002196,54.630000000000045,-64.93399999999987,-9.64400000000296,27.84200000000112,-4.49300000000008,15.315999999998551,35.331000000000046,0.1449999999991291,20.50299999999936,7.784999999999798,3.62000000000009,-9.084000000000003,-59.15200000000027,-23.90100000000075,15.670999999997548,-1.9670000000019168,11.03999999999985,-3.5319999999998686,88.02000000000021,176.69700000000006,11.858999999998332,28.137999999999863,1.052999999999571,15.12000000000171
123.96800000000212,6.123999999999796,-96.09399999999368,144.55600000000004,34.08399999999858,-88.41500000000906,131.49999999999977,51.11999999999739,-62.18199999998433,-28.850999999997384,-44.10399999999868,25.708000000008724,-35.68300000000022,116.10999999999764,68.6279999999897,-104.12599999999657,-23.468000000002576,36.900999999988926,-23.761000000001783,-58.367999999995845,144.42099999999982,327.79299999999694,84.85099999999903,-116.72300000000178,689.6550000000047,-131.286,-79.32100000000446,416.6440000000023,-144.79199999999997,-391.2900000000036,-92.58399999999938,-83.92300000000432,4.565999999999804,89.11800000000056,63.29800000000034,3.546000000005733,-64.7120000000001,67.31300000000147,46.02699999999231,1.675000000000182,-60.69400000000087,17.41899999999532,2.3840000000006967,31.562999999999874,-3.323999999992111,-8.579000000000292,9.078999999999835,-0.0339999999994233,-11.751999999998477,5.106000000000677,0.9020000000006688,-15.280000000001335,9.77500000000191,1.6190000000008808,-2.959999999995944,15.224000000003455,-0.1859999999993533,102.6520000000005,-43.1379999999999,-18.63500000000613,74.8619999999999,36.35100000000002,-0.702000000001135,52.046999999999954,11.967000000000104,3.992000000005192,26.570999999999856,-8.088999999999658,13.733999999999469,27.822999999999357,-2.166999999998609,17.288000000002057,11.45700000000005,-1.787000000000205,-5.119999999999436,-1.3859999999965569,-3.8610000000005584,-4.653999999999314,-3.678999999999633,16.029999999997813,-6.19700000000023,39.52499999999901,-19.52399999999983,7.65999999999849,26.87999999999988,-5.616000000000554,8.453000000000088
111.36500000000068,14.448999999999046,-83.008000000018,131.603999999993,43.32300000000089,-87.34200000001238,121.37500000000044,56.0120000000012,-62.47600000001512,-38.14699999999789,-28.884999999996808,30.187999999998283,-19.559999999998468,124.75000000000024,56.23700000001008,-111.33399999999938,-29.13300000000163,40.35100000000966,-29.279000000002497,-33.72200000000021,132.02499999999873,313.1130000000041,61.29000000000104,-155.4200000000037,676.497999999998,-135.841,-77.34399999999368,397.98299999999927,-163.42200000000008,-383.782999999994,-94.00299999999788,-83.52399999999989,-0.2749999999991814,85.23199999999918,60.11400000000009,5.2309999999920365,-61.59699999999901,64.17200000000207,48.93100000000459,-9.078999999996997,-48.51400000000013,23.81600000001072,3.786999999999807,31.9580000000002,-2.832000000006474,5.295000000003824,10.215000000002306,-2.828999999996995,-10.21599999999978,6.292000000001963,-0.0870000000006143,-14.41199999999867,9.28000000000111,-0.0149999999990768,6.1219999999991614,2.959999999998786,1.0389999999993904,98.82499999999936,-41.32800000000021,-13.09199999999464,77.07499999999996,28.851000000000003,0.1590000000021518,52.568000000000126,8.142999999999923,-1.9070000000056095,30.95299999999952,-4.297000000000395,12.89199999999937,-115.08299999999991,-75.91100000000068,142.80399999999815,12.651000000000325,-10.871999999999815,-8.508000000000493,-51.28800000000524,-11.672999999996136,16.491999999999507,-4.619999999999891,9.411000000000058,-3.282000000000096,33.34600000000023,-22.986000000000217,4.868000000004713,26.938000000000173,-15.35999999999902,9.149999999999636
138.7640000000033,-9.358000000000288,-94.94599999998172,130.5119999999988,59.227999999998815,-81.67699999999058,121.15499999999884,61.38599999999883,-64.89199999998618,-44.66300000000274,-25.97600000000284,34.41199999999753,-53.88200000000154,114.90699999999948,80.22499999999582,-107.08300000000008,-27.59399999999914,39.611999999999625,-38.03100000000086,-23.34600000000364,122.70499999999628,318.3840000000032,75.67300000000046,-133.92399999997906,661.5970000000004,-128.43699999999998,-76.06200000000172,385.18399999999815,-149.79499999999993,-358.1480000000056,-95.02600000000145,-86.24299999999607,2.661000000000513,91.66900000000167,96.86199999999872,7.874000000003889,-69.64900000000114,68.9269999999965,47.27199999999812,2.3709999999994125,-67.48699999999985,18.505999999990763,13.237000000000876,43.39899999999943,0.5740000000002965,-3.396000000003596,15.545000000000186,-0.5609999999990123,-7.944999999998004,5.912000000000717,0.2369999999999095,-12.117000000000644,11.356000000000677,1.6559999999984143,7.848999999998796,-7.948000000001798,0.0750000000003581,101.54899999999714,-76.96199999999979,56.0799999999972,85.8080000000001,25.59,-4.907000000002881,68.96799999999992,2.280000000000016,-3.799999999995407,27.392000000000397,-3.662999999999528,9.041000000001986,22.12900000000033,-3.1189999999995166,14.665999999999713,18.163999999999803,-6.902999999999793,-5.707999999999913,-22.54599999999982,3.509999999999991,1.0100000000022646,-1.847999999998251,12.839000000002445,-3.9950000000004593,38.92900000000026,-45.6629999999997,-2.390000000002601,28.105000000000047,-6.793000000000404,-0.5989999999997053
125.88499999999384,5.920000000000414,-81.35999999999513,119.81200000000172,50.078999999999496,-94.75099999999657,120.21100000000048,60.53200000000061,-62.79300000001058,-47.13399999999979,-35.082999999997355,39.02600000001257,-36.69299999999964,122.8490000000022,69.103999999993,-106.21399999999994,-27.764000000001943,39.58099999999831,-12.663999999995212,-41.327000000001135,125.48200000001088,322.40899999999897,58.04199999999895,-156.17600000000493,636.4770000000021,-113.37100000000002,-71.31299999998646,367.0410000000004,-172.7800000000002,-340.19199999999046,-98.214999999999,-84.18800000000033,0.8240000000000691,97.97499999999816,27.158000000000012,-5.768000000000484,-63.0510000000001,70.04699999999957,44.123000000001866,1.0229999999978645,-57.13300000000174,20.55700000000797,10.33599999999808,45.65599999999961,-2.703999999999951,-0.6079999999997199,17.18699999999842,-2.5120000000015352,-7.431000000002541,4.061999999998989,2.9139999999998167,-11.308999999999967,7.155999999997675,5.782000000000664,13.852000000002818,-26.000999999999408,5.995000000000061,112.72900000000163,9.259999999999913,-91.28500000000486,82.95600000000007,20.362,-4.980999999997948,72.97899999999994,5.22500000000008,-4.12600000000225,25.845999999999947,-3.715000000000401,9.613000000001648,13.56400000000022,-0.9190000000003806,8.590000000000941,15.015,-2.7859999999996887,-8.744999999999692,9.900000000004638,0.9579999999971278,0.580000000002201,-2.522000000001867,10.663999999999874,-3.542999999999097,39.05299999999983,-33.10600000000008,-4.284000000001242,18.2599999999999,-28.0859999999997,2.991000000000099
107.92200000000776,12.000000000000457,-69.99500000001717,125.22500000000036,50.57900000000189,-78.35700000000543,120.24299999999926,63.361000000000445,-64.6979999999985,-50.71100000000115,-30.2250000000015,38.29299999999876,-39.827999999999975,132.5649999999996,69.4340000000011,-107.08600000000388,-20.36199999998871,40.2590000000032,-76.9960000000026,-30.44999999999618,99.29199999999128,323.7299999999948,72.33200000000153,-132.99600000000282,611.9049999999959,-115.98100000000002,-73.987000000011,348.3490000000017,-174.04899999999975,-318.54900000000725,-101.66000000000396,-93.66200000000048,7.806000000005042,93.8200000000009,66.41000000000048,-2.0200000000045293,-63.300999999999874,71.67400000000157,42.37000000000535,12.731000000002268,-76.8039999999985,2.483999999992648,15.628000000000952,49.49100000000044,0.134000000002743,4.74100000000135,20.9210000000013,-0.0210000000038235,-7.349999999999568,5.813000000000557,1.5999999999991132,-10.330999999999335,12.830000000002428,1.813999999998828,-2.973000000002912,19.22700000000077,-1.7720000000004177,108.49100000000078,-24.50700000000001,-22.234999999989213,82.56499999999996,14.989999999999991,-11.69100000000185,72.40599999999979,-4.255999999999993,-14.446999999995567,17.043999999999926,0.5679999999998131,13.36199999999792,6.223999999999563,0.3919999999993706,8.605000000000018,15.91300000000011,-14.025000000000176,-8.626999999999896,-10.746000000000322,5.828999999999951,4.472999999995864,-2.245999999999526,13.40799999999831,-4.877000000000464,36.34700000000066,-42.95400000000029,-10.748999999998432,16.19900000000012,-27.63800000000032,2.465999999998303
131.06099999998833,-25.057999999998515,-82.79999999999745,124.08500000000232,51.00699999999847,-75.14599999999518,112.83799999999928,59.37900000000127,-64.63599999999587,-54.98699999999985,-25.655999999997903,38.69599999998172,-41.311999999999216,127.3680000000013,73.64500000001044,-103.47299999999676,-25.995000000000346,44.48799999998983,-40.08499999999913,6.616000000008171,96.96099999999888,340.13700000000426,81.5669999999983,-113.61100000001444,576.7370000000028,-109.73300000000005,-82.18999999999141,348.81300000000124,-177.03300000000013,-286.676,-101.55300000000123,-91.21700000000033,3.54099999999562,103.95099999999928,98.84100000000018,0.9760000000028412,-63.338999999999146,75.39899999999875,43.71999999999616,3.12200000000189,-58.65499999999884,18.689000000006217,19.57400000000007,54.08099999999649,-6.722999999999502,6.474000000000046,19.72899999999811,-7.952999999997701,-6.830000000002201,7.17199999999707,1.5920000000008372,-8.926999999999907,13.204999999999243,1.0790000000000075,15.50900000000297,-27.159000000000333,6.880000000000308,108.76499999999965,-33.204999999999885,19.85499999999547,82.7099999999998,13.545000000000009,-6.908999999996013,71.75900000000013,-6.5070000000000405,-14.377000000001772,15.431999999999846,3.4610000000000696,8.305999999998903,4.483000000000459,4.152000000000555,3.2909999999986894,10.060999999999964,-3.444000000000358,-5.687000000000353,-12.142000000000053,12.468999999998688,3.766000000001668,1.1899999999997135,20.92800000000068,-0.6979999999998654,33.39799999999968,-53.66900000000001,-9.28299999999922,11.35199999999994,-24.136000000000024,0.7580000000018572
137.45100000001003,15.120999999999183,-79.6880000000101,118.52400000000216,49.12700000000143,-82.03100000000632,113.77300000000332,57.42999999999938,-64.41600000000562,-57.65099999999848,-23.74900000000366,34.43600000000515,-39.71400000000074,131.3510000000008,68.22500000000673,-102.53000000000156,-29.09500000000662,44.721000000004096,-37.07600000000184,-29.24800000000687,117.3460000000091,314.391999999998,58.16200000000151,-151.03699999999662,553.2620000000009,-111.51099999999988,-86.77999999999884,331.49400000000355,-182.5849999999999,-266.99199999999337,-103.3329999999978,-93.6399999999992,0.7380000000011933,108.90799999999956,60.05300000000062,-7.3610000000030595,-65.03000000000014,75.42200000000321,39.87999999999374,1.251999999999498,-43.21300000000008,26.5070000000037,19.256999999998925,54.82600000000275,-1.6690000000039618,7.357999999999265,25.102000000001112,-5.626999999998361,-9.463999999999828,1.9069999999999252,2.6899999999997704,-12.805000000000176,12.822999999997364,5.750000000000455,1.330999999998994,19.888999999997736,-5.290999999999713,93.36100000000158,9.375999999999962,-66.01000000000568,80.45700000000018,12.453999999999992,-14.71300000000042,53.06200000000025,82.44500000000005,10.348999999996522,13.822999999999295,2.1100000000004115,7.785000000001219,0.2089999999995484,0.7260000000002265,6.5629999999998745,11.50999999999982,-9.614000000000544,-3.674000000000177,-6.012000000004036,8.15499999999929,0.7850000000019008,-3.745999999998162,9.703999999999269,-11.260000000000048,26.743999999999343,-39.83299999999943,-12.29900000000157,8.042999999999978,-19.744999999999635,-0.8559999999988577
113.75699999999824,-16.71000000000049,-73.76699999997527,127.7590000000032,53.94900000000007,-78.125,117.4069999999972,54.20699999999954,-63.4159999999838,-59.43599999999947,-27.670000000000528,35.522999999989224,-23.29900000000009,146.44499999999994,51.757999999972526,-100.80199999999876,-33.685000000002674,44.36000000000604,1.4769999999998618,-17.822000000001026,120.86199999999964,341.6439999999966,75.20999999999987,-110.40100000000166,517.4959999999999,-107.36499999999998,-82.26300000001174,311.5479999999934,-191.339,-246.966000000009,-107.41600000000062,-94.17100000000003,6.635000000005675,112.12600000000066,69.6879999999993,-11.650999999994838,-63.06700000000092,78.58899999999949,42.40700000000288,14.562999999998285,-78.02200000000141,12.219999999990703,25.57700000000125,56.531000000001086,-4.097999999999047,10.607999999999151,19.957999999999743,-6.977000000000544,-0.7899999999978036,-12.38700000000108,14.413000000000409,-8.662000000001058,15.854000000001632,-0.5439999999993006,4.33400000000006,-5.357999999998242,3.5349999999994,103.19199999999852,-7.76400000000006,-30.13299999998935,64.78599999999979,7.328000000000001,-15.191000000004353,58.68299999999991,-96.36100000000008,-24.7889999999984,6.972000000000378,6.143000000000143,10.049000000000774,-3.6490000000000578,1.4429999999990173,8.60100000000159,12.10400000000007,-10.243999999999431,-3.837000000000046,-5.477999999999383,11.471000000000233,4.152999999996609,-1.7930000000006885,13.889000000000353,0.6910000000004857,27.18500000000006,-45.68599999999989,-11.327999999997472,5.564999999999998,-18.12800000000081,-4.189999999999827
140.30199999999695,1.1770000000012717,-82.64100000001235,124.60299999999052,40.5619999999999,-78.73600000000351,119.91300000000253,52.04699999999889,-64.41600000000562,-48.04300000000126,-19.06999999999925,33.98400000000947,-50.06099999999947,129.09199999999714,75.83000000001903,-108.33099999999833,-40.716999999995096,52.67299999999295,-0.5580000000009022,-36.12100000000282,142.96199999998862,319.3390000000022,63.41599999999943,-131.77499999999327,472.0699999999965,-105.20600000000007,-99.779999999987,281.78700000000845,-211.1080000000001,-242.77999999999335,-100.39600000000064,-92.84400000000232,0.9399999999914144,109.8789999999994,67.43199999999945,-16.034000000001924,-58.37399999999917,81.85100000000034,42.20599999999877,14.809999999999944,-69.6930000000009,24.86499999999978,31.47099999999909,51.26300000000015,-2.591000000001032,9.703000000001794,23.320000000001077,-5.801000000002432,-6.006000000002132,5.881000000005088,0.0060000000004833,-10.083000000000196,8.759000000003425,6.195999999999913,5.44699999999807,-0.6479999999982056,3.8140000000005614,103.82900000000176,2.906999999999904,-24.932000000001157,66.59600000000019,10.719,-13.41899999999896,47.4499999999999,-4.032999999999909,-1.9409999999993488,7.04199999999986,1.8609999999995352,7.598999999999023,2.5020000000004927,1.0680000000007794,6.700000000000728,8.0919999999999,-7.522000000000162,-5.2209999999995205,4.84299999999962,-11.50199999999586,8.46000000000231,-2.056999999999221,14.546999999998889,-10.144000000001084,-0.8989999999997167,-510.1520000000008,-24.850000000003547,4.363000000000028,-14.837999999999596,-2.7430000000009613
130.03499999999804,-10.639000000000465,-84.021000000007,131.77500000000464,39.950999999999226,-84.64300000000549,120.3700000000083,48.92100000000141,-65.22300000001451,-37.35100000000102,-15.435999999999694,32.94700000001285,-25.83800000000167,132.5140000000033,58.58099999998103,-110.88000000000306,-43.02999999999884,47.253999999998086,-14.983999999998332,-13.671999999996842,137.4520000000075,303.7390000000016,45.04400000000004,-143.8470000000052,453.931,-107.54099999999995,-96.7160000000149,271.31899999999405,-147.31400000000008,-221.17900000000645,-110.26299999999765,-94.76900000000228,0.4450000000019827,127.7230000000003,71.9450000000009,-11.847000000000207,-59.82400000000041,88.15899999999601,43.358999999998105,11.895999999995864,-54.7789999999992,24.842000000012376,35.23700000000076,54.03299999999831,-3.9459999999962743,14.973999999998,21.01199999999892,-3.967000000000098,-11.90199999999777,32.77299999999741,-15.568000000000382,-8.303999999998268,13.59499999999798,1.5270000000001005,10.106999999999289,-5.449000000001547,0.6859999999996091,96.15599999999915,4.974000000000345,-27.52100000001292,58.08399999999985,5.313000000000001,-12.121999999999389,40.54499999999983,-11.243000000000158,-2.63699999999858,8.31799999999987,3.1939999999998747,8.02099999999939,0.9759999999999992,4.34099999999944,2.2390000000001464,6.19700000000023,-7.446999999999804,-2.2680000000001144,-3.449000000000524,-3.772000000003573,8.150999999998021,2.361999999999398,15.63600000000065,-3.423999999999694,22.217000000000557,-33.75900000000058,-7.900999999998248,7.464000000000226,-16.353999999999758,1.3709999999974798
132.9710000000091,-26.29100000000051,-82.5689999999895,140.44199999999591,36.85000000000116,-81.94599999999355,82.5469999999882,69.31999999999903,-44.73800000000665,-46.58799999999701,-16.129000000000815,18.06599999999889,-16.725999999999885,127.434999999997,56.90900000001875,-121.52100000000132,-38.31800000000385,51.44000000000233,-38.32099999999628,-9.331999999994878,133.45299999999725,297.1619999999973,52.30000000000104,-121.39899999997397,428.7350000000004,-118.647,-98.108000000002,239.9229999999989,-169.04299999999992,-216.0459999999944,-102.2800000000018,-86.99699999999666,1.8980000000055952,126.2820000000005,37.4520000000004,-18.73199999999997,-53.80499999999984,82.39100000000121,39.17300000000523,12.619000000006508,-58.93900000000088,15.196999999989202,25.11700000000019,50.39800000000128,-1.8280000000004293,13.65300000000218,19.361000000000672,-2.151999999995269,-4.13199999999847,-2.582000000001017,6.524000000000285,-5.9470000000004575,10.629999999997608,4.198999999999842,9.77500000000191,-3.9429999999981646,-2.9350000000000875,90.55799999999864,2.331999999999823,-21.42399999999043,51.685000000000514,7.863,-3.604000000001406,35.25500000000008,0.0110000000001164,-4.4399999999996,7.922000000000651,-0.280000000000058,6.826000000000931,2.1839999999997417,-0.4469999999997753,5.790999999999258,8.242999999999867,-11.98399999999964,-1.5689999999999316,-14.71799999999348,29.96800000000235,-2.72199999999998,-1.6300000000001091,12.384000000000128,-3.185999999999467,15.635000000000332,-20.65199999999834,-6.922000000002981,-8.614000000000388,28.90299999999968,-19.207000000000107
122.31499999999188,-41.124999999999545,-90.01399999999649,139.88600000000133,29.586999999997943,-87.01199999998153,127.967000000001,54.0220000000005,-64.35599999997521,-9.305000000000518,-5.365000000000464,28.44299999999293,-8.47299999999791,129.86399999999776,53.38199999998778,-136.59399999999664,-34.07600000000457,50.62900000000354,-47.33600000000138,-27.447000000006483,133.55700000000752,300.4670000000033,69.38599999999866,-95.77700000002096,394.9919999999963,-111.81800000000004,-95.53300000000036,215.99800000000187,-150.35299999999978,-211.04800000000523,-96.37799999999856,-83.56600000000185,2.563999999995304,121.57300000000076,106.4859999999996,-4.430999999999585,-51.49100000000004,94.00699999999917,42.98700000000508,13.365999999996347,-51.87799999999925,25.52499999999327,25.649000000001365,44.94399999999814,-3.067000000004328,5.824999999998681,19.299999999998363,-2.960000000001628,-7.455000000001632,6.637000000000626,0.9019999999992478,-6.621999999998707,8.703000000002703,3.3850000000001046,8.88699999999858,-3.3970000000039136,2.5089999999998724,86.93700000000035,1.3349999999999085,-28.22800000000143,48.57799999999948,10.736999999999998,-6.169999999997344,32.3990000000002,-6.50200000000023,-2.149000000002843,7.0090000000007535,0.7150000000002876,9.73499999999774,1.3239999999996144,-2.486000000000388,4.945000000000732,6.210000000000093,-6.411000000001366,0.6090000000000373,-9.299000000004298,-2.620999999999185,8.133000000003676,1.5109999999992851,14.915999999999483,-3.8160000000004857,15.761999999999432,-19.11699999999996,-3.2559999999989486,3.95600000000016,-5.572000000000088,-1.8739999999979773
139.14200000000392,-11.867000000000871,-80.04200000002584,146.98499999999513,25.245000000001028,-90.97900000001572,173.72100000000614,33.42700000000036,-79.85799999999017,-18.41100000000324,-8.742999999998347,18.590999999992164,-0.7770000000022037,123.83500000000254,51.41599999999471,-175.11900000000082,-41.75399999999172,47.06400000000031,-36.70700000000125,-46.38700000000426,169.47000000000116,262.37800000000107,40.55100000000067,-132.79999999999745,370.8560000000034,-110.43900000000004,-96.0689999999886,189.52000000000453,-125.0690000000006,-207.58599999999203,-101.61699999999882,-79.53200000000038,4.9009999999952925,127.43999999999858,53.84399999999943,-14.81300000000374,-46.59800000000018,85.8789999999999,43.71899999999869,12.360000000001037,-82.93199999999956,7.916000000011536,16.948999999999614,44.1110000000009,2.1630000000016025,8.393000000000939,14.592000000001804,-2.3470000000031632,-3.7779999999997926,4.888999999997168,1.417000000000712,-8.874000000000137,12.323000000003503,4.544999999998822,14.162999999996371,-19.24399999999764,4.526000000000607,86.44099999999924,1.5420000000000655,-20.190999999999804,53.10600000000001,9.406,-8.386999999999034,28.448999999999813,-5.121999999999893,-1.2879999999995562,2.1099999999989905,7.256999999999891,9.010000000000671,-4.804999999999637,1.4940000000009943,6.463999999996872,1.9619999999999749,-4.562999999998851,-1.272000000000162,-14.62399999999775,-4.561999999998534,7.8149999999993724,-0.0470000000007075,9.048000000001366,-1.8159999999994625,13.673000000000002,-25.574000000000296,-2.483999999992648,15.779999999999816,-60.75999999999979,23.69400000000041
152.14799999999968,-46.89199999999971,-99.53599999998914,151.37300000001233,21.781000000001427,-83.2149999999956,130.35599999999476,53.15699999999879,-63.379000000009,-13.01599999999894,-11.624000000000478,10.76700000000983,5.525000000000091,116.20700000000284,47.68000000001393,-172.27100000000064,-12.530000000003838,41.52199999999766,-58.31299999999828,-52.032999999994445,177.21599999999853,262.89899999999875,54.080999999999335,-108.03200000000288,353.3780000000036,-101.23999999999997,-89.75800000000618,171.19699999998377,-131.69399999999953,-200.01900000000887,-88.5469999999998,-68.2709999999986,-1.1899999999968711,105.97700000000144,86.78799999999995,-8.941999999990458,-38.81599999999992,85.8159999999998,38.726999999994405,9.609999999997854,-69.05299999999954,14.068999999994958,19.09100000000024,38.20100000000082,-0.6190000000003693,3.682000000000585,10.178999999996565,-3.52800000000002,-7.966000000001827,1.5960000000006858,2.545999999999537,-11.585999999999784,4.830999999995811,0.9060000000005176,15.567000000004327,12.761000000000422,-7.4380000000005,22.30000000000132,-67.03800000000015,-49.12100000000237,56.62100000000052,12.752,-6.121000000001686,27.36799999999988,-6.441999999999837,-1.4310000000023138,-7.084999999999297,4.681000000000068,8.576000000002182,-9.100999999999717,7.120999999999356,6.2180000000012114,0.4909999999998859,-9.832000000000818,-11.162000000000203,-19.110000000000586,-7.517000000007101,7.644999999996571,0.0679999999988467,15.43699999999717,-2.7060000000005857,18.121999999999616,-18.05300000000045,-5.271000000004733,-20.106999999999783,32.371999999999446,-16.181000000000267
110.94399999999496,-57.31600000000015,-84.70499999998538,155.3350000000023,17.028999999996586,-91.01600000001326,95.99299999999856,66.96400000000153,-49.08500000001368,-8.199999999999363,-8.231000000000677,3.234999999995125,11.2700000000018,115.5339999999967,43.71399999999994,-202.3259999999993,-5.744000000004235,32.05000000000382,-32.59900000000471,-53.27100000000655,215.20400000000564,250.52799999999704,19.16999999999973,-144.408999999996,331.01199999999835,-97.83399999999992,-87.41499999998723,170.112000000006,-99.53799999999973,-179.78499999999258,-83.89000000000237,-64.74900000000048,8.77699999999777,122.44499999999904,40.69700000000012,-11.816000000010265,-35.876000000000374,81.79300000000467,40.09399999999914,17.328000000003385,-69.87799999999993,10.236000000008971,8.626999999998475,31.925999999998567,3.426999999999225,-0.0500000000016598,9.012000000001308,2.240000000000464,-8.73499999999865,2.7810000000044965,2.0510000000001583,-12.99200000000269,9.075999999998883,2.7050000000002683,-11.059999999997672,-0.7229999999992742,5.995000000000061,85.96699999999942,4.216000000000086,-16.626000000007934,54.77999999999952,12.763000000000002,-8.987999999999374,29.602000000000217,1.4159999999998618,1.5140000000030795,-3.8260000000008176,11.3900000000001,8.106999999998266,26.83499999999981,33.881999999999834,-24.481999999997583,1.6619999999999635,-9.373999999998972,8.767999999999887,-14.992999999998348,-14.168999999998276,11.545000000000982,1.021000000002914,6.731000000002041,-2.8430000000000177,16.499000000000308,-20.472999999999782,-0.1280000000008385,-10.642999999999958,-12.29099999999903,-3.1260000000003174
175.40199999999686,-32.48299999999915,-98.4250000000202,151.61699999998746,11.660000000000537,-88.2319999999936,171.43900000000372,35.56600000000003,-79.82099999999264,-7.116999999999507,-14.80099999999993,-0.1469999999926585,13.288000000000013,114.77399999999987,42.69999999999072,-228.570000000002,5.597000000000207,23.97399999999834,-77.77999999999565,-23.150999999995747,220.8129999999869,249.76800000000023,48.29700000000088,-105.33499999999094,310.714999999999,-89.59800000000016,-87.72000000001299,156.5969999999993,-123.84500000000004,-178.27700000000277,-72.6889999999969,-53.912000000002536,1.6600000000039472,102.21300000000042,67.45599999999996,-9.124999999994545,-29.196999999999207,84.75599999999872,33.10599999999795,8.294000000000779,-69.14500000000032,-2.014000000008309,7.577000000000567,30.27800000000127,-0.9549999999990176,1.117999999999597,2.506999999999948,1.0810000000049058,-10.498000000001184,2.791999999993777,2.6219999999995025,-11.669999999998026,9.421000000003232,1.7849999999995705,19.08300000000054,-22.39900000000148,5.22500000000008,77.49200000000087,-1.986999999999739,-23.2789999999909,55.05600000000044,17.825999999999997,-10.629000000000133,27.59099999999997,0.794000000000139,-4.635999999999285,-12.402000000000156,14.269000000000176,8.808000000001925,-19.396000000000413,12.218000000000018,5.375999999998271,-2.110999999999663,-6.659000000000503,-6.863999999999493,-25.87600000000521,-24.816999999995915,8.76700000000028,-0.461000000001377,9.81299999999976,-2.911999999999182,14.489000000000374,-19.03100000000109,-7.260000000002265,1.9149999999999776,-48.4090000000009,19.99800000000107
140.4480000000035,-44.40500000000043,-95.20299999999224,155.5970000000002,12.441000000001168,-89.86799999997857,99.870999999996,60.434000000000765,-51.5139999999974,-7.492000000002008,-17.163000000005013,-5.823000000009415,16.7349999999999,105.4869999999994,35.75399999999718,-255.56399999999823,16.51600000000144,15.185999999994236,-81.33799999999951,-29.980000000000476,243.1880000000092,244.41300000000297,46.09099999999984,-102.40499999999884,287.7740000000017,-87.66599999999976,-89.35500000000047,144.0740000000119,-71.34900000000002,-184.41199999999756,-71.12200000000257,-45.00699999999824,-2.4660000000039872,106.98099999999896,37.76399999999995,-13.940000000002328,-28.83199999999988,75.43699999999944,32.24400000000287,8.312999999998283,-63.99399999999957,5.431999999996151,3.4639999999996007,20.674999999999955,1.3550000000009277,0.6210000000010041,-2.491999999998029,1.7599999999958982,-9.2899999999986,-1.543999999995549,0.1780000000010773,-18.098000000000525,4.903999999999087,1.1870000000001824,7.308999999997923,-6.502000000000408,3.251000000000204,91.5300000000002,-2.190000000000225,-18.042000000002645,52.60899999999964,22.730000000000004,-10.149999999998728,30.59399999999997,4.536999999999836,-6.56099999999924,-18.70199999999897,15.39900000000003,11.160999999998468,-29.47500000000005,8.862000000000592,8.221000000000345,1.456999999999553,-17.905999999999977,8.393999999999835,-69.72099999999841,-8.611999999999398,-0.2740000000017062,-0.9209999999995944,8.541999999999916,-1.8430000000009272,14.887000000000228,-24.06000000000006,-6.881999999995969,-19.38600000000008,-16.330999999999563,2.1209999999967977
134.42999999999756,-36.74100000000067,-87.23099999999704,155.0299999999993,6.245000000001255,-94.5810000000165,168.87500000000273,27.213999999997892,-90.58800000000248,-2.385999999995647,-20.59000000000424,-3.0880000000024665,22.04799999999807,112.509,31.38500000000022,-276.7699999999991,44.61100000000897,13.245000000006256,-76.98700000000258,-14.832000000001244,263.25699999998733,237.52400000000196,40.3490000000005,-101.87900000000808,270.080999999999,-87.08200000000019,-96.05699999999617,123.14399999999068,-60.67900000000037,-162.37200000000485,-57.89399999999887,-34.057999999998856,0.7990000000063446,99.88200000000234,55.66100000000063,-12.658999999996468,-24.251999999999896,78.48500000000058,30.39600000000746,14.377000000001772,-57.92700000000082,3.308000000004085,3.2199999999988904,12.89199999999937,0.702000000001135,1.6709999999989122,-5.161000000001081,1.389000000000351,13.95700000000204,181.73800000000145,-96.76600000000091,-15.715000000000146,7.671999999996615,-0.8830000000003224,7.101999999997588,-4.318999999998141,1.885000000000048,89.63099999999997,6.999000000000066,-16.790000000003147,64.32399999999987,28.69799999999999,-11.576000000002296,18.262999999999963,-80.51699999999985,-31.22900000000186,-14.43800000000124,20.450999999999908,6.331000000000131,-30.809,15.278999999999598,0.8600000000001273,0.2780000000001337,-10.61200000000042,-0.3109999999999502,-29.586999999997943,-23.944000000000187,4.259999999999309,-0.9549999999990176,7.818000000000325,-2.342000000000155,16.23299999999972,-16.991999999999052,-13.226000000003069,-23.683999999999905,-15.720999999999918,-4.879999999999996
151.3860000000136,-51.64399999999887,-104.34600000000955,152.33100000001514,6.5629999999998745,-91.5520000000015,104.56899999999791,46.601000000001136,-54.480000000012296,-5.884000000003198,-27.038999999990665,-4.162999999994099,20.869000000001847,103.30800000000409,30.28500000000349,-294.8640000000012,48.47399999998743,13.548999999989064,-61.419999999998254,3.376000000002932,293.48200000001725,231.87899999999783,39.68799999999959,-102.24600000001374,239.32800000000043,-74.81799999999978,-107.7389999999923,108.59400000000504,-112.63199999999998,-211.5169999999921,-56.89100000000167,-38.800000000003365,4.089999999996508,89.20499999999834,70.13099999999923,-14.038000000005011,-17.627000000000237,76.25699999999824,24.578999999994267,13.049999999998365,-66.54399999999896,-9.027000000003229,7.980000000000587,11.170000000001323,-3.9950000000033015,-1.306999999999903,-4.901999999998452,2.5149999999996453,-8.551000000002773,2.0139999999969405,-0.8070000000003574,-14.384999999998628,6.33600000000456,-0.7269999999991228,8.328000000005886,-5.161000000001081,1.350999999999658,90.46999999999912,4.791000000000167,-21.313999999995303,65.62800000000024,31.540000000000013,-19.792999999992844,38.41600000000014,8.518999999999899,-14.483000000001311,-17.414999999999736,18.20899999999952,9.251000000000433,-72.77499999999932,-16.096999999999184,43.03399999999726,4.337999999999909,-18.11499999999953,3.577999999999548,-30.412999999998647,-33.83200000000102,7.010000000002492,-1.7699999999990723,11.236999999999853,-0.7970000000000255,15.957999999999116,-6.655999999999551,-18.160999999997784,-21.692,-20.26600000000016,-2.471999999997365
121.94200000000136,-67.67399999999952,-95.22699999999986,155.54199999999128,3.1039999999990187,-95.39800000000014,142.9959999999994,35.66099999999892,-70.67899999999554,-8.812999999997828,-37.65500000000088,2.2340000000212967,21.632999999999925,103.28999999999836,27.3930000000064,-297.75399999999763,71.93600000000515,11.230999999997948,-67.52900000000182,28.38100000000168,325.511999999992,228.69799999999717,37.88299999999936,-103.18699999997988,242.59000000000128,-80.19800000000004,-104.46799999999712,132.97799999999145,-15.706999999999738,-163.158999999996,-50.29599999999732,-27.959999999995944,4.138000000000375,95.29100000000028,62.357000000000085,-17.211999999994987,-14.848999999999537,78.87000000000057,25.261999999997897,10.106999999999289,-42.12300000000084,-3.0459999999948195,-6.371999999998934,5.788999999998623,1.5530000000012478,-1.8249999999966349,-7.051000000001295,3.365999999999758,-10.217000000000098,1.6819999999995616,-2.899999999999636,-15.918000000002053,2.5749999999959527,0.6689999999991869,7.866999999993141,-4.979000000000156,4.027000000000669,73.93300000000238,-3.676000000000101,-27.55699999999024,62.791,33.975999999999985,-13.730000000003884,42.268999999999934,5.8730000000000615,-14.924000000002025,-10.60499999999962,19.011000000000426,5.3439999999994825,11.782999999999788,52.06099999999907,-29.035999999999262,1.9020000000001147,-12.120000000000177,-3.5039999999995075,-31.076000000007294,-30.08700000000317,2.404999999998836,-0.8470000000045275,4.3959999999998445,-3.6529999999999054,18.05300000000045,-23.51200000000091,-18.39300000000321,-18.03100000000004,-7.8329999999994016,-7.211000000000922
160.8759999999961,-16.36400000000151,-103.69799999998575,158.01999999999907,1.1820000000000164,-94.56800000000383,169.00699999999915,14.086999999997827,-87.96399999998812,-9.347999999999956,-37.7049999999997,5.480999999986125,-5.347000000000435,95.65999999999804,54.17499999998654,-307.7240000000017,81.52499999999918,18.79900000001271,-36.6299999999967,74.40799999999399,370.557000000008,225.74500000000057,35.88199999999944,-104.12499999999908,235.11399999999867,-75.901,-100.26900000000296,101.37900000000856,-39.1370000000002,-167.20000000000255,-47.8240000000028,-21.67699999999968,-2.410999999995056,92.7490000000006,62.69300000000016,-16.485999999997603,-13.917000000000712,75.88199999999574,22.85200000000032,8.95100000000184,-53.4089999999992,-4.967999999996664,-5.154000000001702,5.767999999997642,-5.493000000001302,-2.787000000003559,-8.095000000000141,0.9090000000014696,-9.156999999999016,-2.661000000000513,0.8179999999995857,-8.00700000000063,2.307000000001836,-3.623000000000332,6.577000000004318,-3.407000000001404,0.0569999999996184,117.15499999999965,-11.868999999999907,-81.95800000000872,64.75200000000001,33.34600000000001,-17.575000000005048,44.80399999999989,11.983999999999996,-18.44399999999382,-5.586999999999875,17.163999999999646,6.341000000000463,45.3390000000006,35.130000000000905,-68.29799999999864,4.492000000000118,-8.156999999999925,-3.8249999999997897,-28.295999999994592,-36.194000000000415,8.86199999999917,0.7580000000018572,7.10899999999981,-0.1989999999992164,18.76800000000003,-11.540999999999713,-17.462000000000444,-14.596000000000052,-18.83200000000045,-4.167000000001053
141.25400000000354,-44.89999999999839,-100.94000000001417,161.05999999999767,-5.382999999997651,-95.11700000000474,115.64300000000004,36.2130000000036,-57.177999999998974,-15.728999999998903,-38.35399999999822,5.90799999997671,28.20299999999918,107.23600000000032,27.66100000001188,-300.32899999999927,84.22800000000734,20.4340000000002,-18.891000000002123,109.55800000000409,408.5939999999823,225.23800000000165,36.00500000000011,-101.74600000002556,233.29800000000205,-62.65800000000006,-99.18200000001887,105.6699999999978,-34.2649999999999,-188.40900000000147,-44.76700000000165,-18.587999999999735,0.8849999999938518,91.60799999999938,61.11100000000107,-13.269000000002508,-8.471000000000117,80.34900000000675,22.320000000001983,12.680000000000293,-45.96400000000074,-3.949000000011438,1.4650000000017371,7.994999999999663,-3.5219999999981155,-5.765999999999849,-7.471999999998502,1.9499999999993636,-5.278000000001271,5.673000000001593,-0.2979999999993765,-15.57499999999834,4.361000000000104,2.459000000000344,13.50100000000225,-5.804999999998017,0.4599999999996385,210.1219999999984,117.61399999999983,35.1799999999912,65.28399999999976,37.75299999999999,-15.685999999999469,52.36599999999996,15.16800000000007,-11.850000000004002,-0.8699999999990382,13.248000000000104,4.5050000000003365,-17.17700000000093,12.153999999999598,9.521000000000868,3.42899999999986,-8.260999999999541,-2.1110000000000184,-24.944999999996757,-31.698999999997568,6.13100000000486,3.2299999999992224,2.756000000002245,-2.096000000000231,18.14200000000028,-6.48000000000053,-13.659999999998718,-4.980999999999902,-6.552000000000646,-4.462999999998374
119.08599999999296,-67.83300000000168,-99.73199999999451,157.66600000000608,-1.3249999999999318,-96.02099999999608,141.12499999999957,22.941000000000145,-67.29700000000776,-14.827999999999976,-38.1779999999992,5.811000000016975,20.627999999999247,101.74799999999776,28.783999999996013,-293.3960000000013,86.16399999998521,25.51300000000083,-7.510000000002037,217.42499999999157,418.35300000001325,226.07100000000173,33.19900000000047,-99.70699999998942,234.66099999999983,-55.308000000000135,-92.34599999999772,107.8489999999988,-26.98999999999998,-160.28499999999894,-44.585999999998194,-17.792000000002872,3.8819999999986976,85.99700000000041,61.40099999999933,-15.489999999999782,-61.96099999999944,70.178999999996,26.03199999999788,19.6140000000014,-62.0599999999996,-15.967000000000551,0.1890000000003056,11.469999999999914,0.4889999999988959,0.0320000000016307,-3.203000000002021,3.8239999999973406,-9.10000000000082,-0.6930000000011205,2.8419999999997003,-13.74100000000169,4.775999999998248,-0.8679999999998245,3.758999999996604,-4.18200000000013,3.205000000000524,-54.65400000000216,-112.49199999999996,-85.21099999999251,62.82800000000037,35.379000000000005,-14.907999999996946,45.05700000000026,22.840999999999845,-11.847000000000207,3.5139999999984184,12.92100000000005,7.124999999999204,-3.399999999999892,14.010000000000389,6.011999999998352,8.231999999999928,-2.738000000000796,-2.812000000000125,21.394999999995434,-38.785000000001446,5.382999999994809,-3.108999999997764,6.20399999999961,1.0329999999996176,21.5139999999991,-13.115999999999415,-13.130999999998494,2.7289999999998926,-16.38499999999894,-0.5420000000015079
156.63399999999683,-16.761999999999944,-109.68000000000302,161.9199999999978,-9.152000000003111,-98.99900000000343,171.9060000000013,9.326999999998977,-81.56699999999546,-17.493000000001757,-31.909000000001697,2.6000000000067303,41.1910000000006,115.95800000000054,16.77300000001196,-276.83099999999854,78.19200000000137,24.877999999989697,74.25200000000132,149.2990000000077,482.91600000000017,220.2419999999961,20.64900000000023,-110.35199999998896,230.42999999999552,-45.38499999999992,-92.07799999999224,97.10699999999406,-30.286000000000257,-166.8209999999931,-43.15500000000157,-15.652000000000044,3.4480000000030486,85.61799999999948,59.99099999999942,-12.458000000003722,38.57699999999937,76.29699999999957,21.698000000003503,0.9759999999971568,-12.780000000000769,4.443000000014763,3.4760000000005675,10.151000000001886,0.1000000000033196,-1.6369999999994889,0.0730000000004338,3.583000000003267,-12.615999999999872,5.978000000004613,-0.1849999999990359,-13.783999999998288,6.274999999999409,3.6020000000007717,7.486000000000104,-3.5339999999990823,-0.2890000000000725,65.13200000000268,1.9369999999998555,-20.507999999995263,56.97600000000023,40.089,-9.820999999999458,47.57899999999999,20.25100000000002,-12.11900000000128,10.898000000000252,8.950000000000102,4.116999999999393,5.212000000000927,7.745999999998787,6.734000000000151,7.683000000000106,1.4209999999998502,-3.681999999999874,-22.933000000000447,-19.38999999999851,3.357000000005428,0.8659999999991896,11.150999999998136,-2.0110000000002515,19.460000000000832,-9.434000000000252,-6.878999999997859,8.3260000000001,1.392999999999489,-3.3919999999994843
132.1480000000065,-35.07799999999861,-96.98499999999513,159.6559999999954,-9.035999999997555,-98.64500000001044,115.92699999999924,29.499000000001278,-51.45300000001498,-22.485000000000355,-33.54799999999614,4.32100000000446,19.05100000000175,105.9570000000008,32.17699999997876,-252.48399999999836,74.93900000000622,28.528000000005704,57.245000000000346,278.4240000000068,455.6949999999915,234.208000000001,23.2040000000012,-91.18600000001608,217.95900000000188,-35.36199999999994,-90.02599999998893,75.4090000000133,-35.929000000000144,-164.15400000000773,-39.8399999999981,-14.724999999998545,9.504000000003998,90.9089999999992,63.77099999999984,-11.357999999995627,-6.537000000000148,80.0040000000024,24.852999999995973,11.339999999995598,-38.39999999999861,4.363999999986845,1.875999999998612,24.063999999998487,-0.0849999999957162,-1.5370000000018536,6.696999999999775,-1.3859999999965569,-7.950999999999908,2.447999999998274,2.2440000000003124,-14.25700000000063,7.616999999999052,4.326999999999259,4.824999999999591,-0.09900000000016,0.4059999999995511,55.82699999999932,5.313000000000123,-18.365000000005693,52.23099999999974,31.369000000000025,-10.211000000003878,42.23299999999988,17.461000000000126,-13.253999999994903,17.069000000000756,8.709999999999951,6.176999999999566,14.424999999999956,7.464000000000226,6.926999999998884,6.399000000000044,-1.740999999999815,-5.608000000000146,-20.02299999999764,-4.0869999999983975,1.1079999999992651,-2.177000000000362,12.068000000002144,-0.1609999999999445,21.19199999999921,8.337000000000216,-8.310000000000173,14.637999999999884,-7.980999999999483,-1.3609999999971478
136.0409999999888,-56.32000000000232,-116.504000000009,164.837,-12.62700000000052,-95.5199999999877,142.75499999999963,10.320999999999003,-62.64699999999266,-75.90700000000083,-5.087000000008857,-2.2699999999986176,21.7410000000001,105.21200000000022,33.582000000001244,-226.6999999999996,56.31700000000137,30.12699999999313,78.58299999999758,334.10599999999704,459.59400000000414,237.8629999999987,49.166999999998495,-71.64299999999457,208.31000000000017,-39.22899999999992,-97.3030000000108,27.428999999995085,-65.35399999999996,-230.4200000000037,-46.07899999999745,-16.214000000002216,4.5469999999909305,89.69099999999912,43.5120000000012,-9.96099999999842,-34.27700000000016,64.72200000000043,27.332000000001244,14.405000000004977,-23.99100000000089,-0.5729999999971369,0.9890000000012832,26.511000000002127,-0.2110000000072887,4.830000000001178,5.808999999999287,-1.052000000004227,-8.077000000000112,4.287999999996828,2.3429999999990514,-10.976999999999748,16.32099999999923,3.10400000000044,4.84000000000151,-1.7900000000025784,3.011000000000763,50.605999999999085,3.2239999999999824,-20.214999999996053,46.85600000000037,30.195999999999977,-4.158999999987145,40.13099999999987,19.07899999999998,-7.580000000001519,16.395999999998878,1.6260000000002606,6.426999999999339,14.179999999998929,6.356999999999857,10.639000000003309,12.941000000000004,-7.635999999999399,-4.184999999999661,-13.864000000000942,-3.509000000002516,4.100999999997157,1.581999999999084,11.607999999998242,-2.2930000000002337,27.103000000001032,-11.312999999999818,-1.601999999996906,16.482000000000063,0.5019999999994695,-1.5790000000038162
129.24800000000687,-51.44399999999792,-104.24800000000688,156.43300000000409,-20.24999999999864,-94.66499999998632,168.98199999999974,3.1409999999993943,-73.49799999999505,4.5630000000016935,-15.540000000004284,22.753999999986263,15.124000000000136,108.79300000000283,34.48500000001786,-177.74700000000507,71.91800000000512,15.72200000000521,103.97600000000013,387.4629999999911,470.3920000000039,226.20800000000256,28.958000000001505,-80.63999999999396,197.4609999999984,-20.7530000000002,-99.96300000000248,74.09699999999475,-47.40800000000007,-163.4830000000079,-44.15300000000002,-18.37199999999939,5.182000000002063,90.6329999999997,61.910999999999206,-11.444000000005872,-4.508999999998764,74.6189999999956,29.070999999999003,10.98299999999881,-29.70600000000161,-0.6409999999959837,17.510999999998944,29.073999999999955,-1.457999999996673,4.753999999999792,14.801000000002771,3.2530000000008386,-8.095000000000141,8.105000000000473,2.707000000000903,-11.25199999999893,6.457000000006019,6.954999999999245,8.801999999997179,0.90200000000209,0.8989999999997167,47.742999999999824,7.926999999999928,-15.979000000004362,127.97299999999936,61.26299999999998,-33.21000000000822,39.61700000000015,16.702999999999868,-10.08300000000304,15.839000000001136,1.5989999999995064,3.104000000001861,18.27200000000033,4.773000000000138,5.326999999999771,5.9729999999998284,3.9329999999992538,-2.0990000000004727,-10.074000000003023,9.43900000000326,-1.3269999999977244,1.30800000000022,11.551000000000045,-1.8369999999990227,25.53999999999945,4.568000000000438,-3.989000000007081,15.346000000000082,-4.515999999999565,-1.2679999999988922
136.0840000000053,-38.55700000000013,-104.98000000000047,161.2549999999942,-24.076000000002296,-102.62500000001182,114.7640000000024,15.549000000001456,-46.53299999999945,-28.555000000000064,-13.292999999987387,13.060999999993328,1.4739999999989095,110.32999999999902,37.560999999982414,-172.14899999999602,35.338999999987664,31.872999999995955,161.24300000000176,570.0440000000071,457.81899999999496,220.359000000002,28.582999999999004,-81.29900000001271,191.16799999999895,-20.063999999999997,-95.12999999999464,77.65500000000429,-49.2839999999994,-159.8079999999868,-42.89800000000241,-14.876999999995633,5.114000000003216,89.79900000000214,54.059999999999775,-13.51999999999407,-4.876000000000147,76.68400000000588,25.134000000002743,6.992000000002463,-28.84099999999989,2.0200000000045293,11.838000000000193,41.31900000000144,8.559999999999945,6.521999999998229,14.692999999999756,-2.4110000000007403,-7.057999999997833,1.4800000000036562,7.84399999999863,-7.312000000001717,15.72599999999511,2.622000000000924,3.4940000000005966,3.2639999999986458,1.0979999999996437,56.09600000000228,19.62799999999998,-11.230000000000471,43.493999999999744,25.13000000000005,-7.504000000000133,36.79200000000016,13.449999999999918,-8.75899999999774,14.04799999999966,2.171000000000589,2.598000000000411,16.44500000000022,0.4310000000003811,5.403999999998632,6.145000000000067,1.24800000000036,-4.603999999999786,-7.702999999997928,4.161999999996624,6.929999999999836,0.0590000000016743,16.85600000000136,-3.1469999999998777,28.314000000001727,4.5709999999999695,-3.25599999998758,14.87299999999987,-0.8590000000005205,-3.155999999998471
111.09599999998636,-64.0340000000009,-107.28799999997136,160.1380000000063,-20.12200000000064,-84.61899999999787,132.99900000000093,5.558999999999514,-53.69900000000598,-27.63699999999858,-9.918000000004668,13.709000000017111,18.81999999999948,107.68699999999852,25.549000000000888,-86.1030000000028,54.47400000000471,17.62700000001587,182.15000000000143,522.497999999996,507.0069999999987,218.08699999999703,23.481999999999918,-91.0280000000057,179.00700000000143,-14.901000000000051,-94.4450000000188,75.56099999999333,-45.79599999999999,-153.8030000000049,-43.81099999999947,-16.678000000001703,4.711999999994987,89.17399999999986,58.59900000000096,-11.236000000008062,-5.971999999999866,75.45799999999758,27.044999999998254,16.417999999998756,-39.038999999999646,-0.8240000000000691,13.465999999999667,38.09499999999844,0.9890000000041256,6.757000000001767,19.121999999998707,2.7309999999999945,-5.801999999999907,12.984999999997626,1.30800000000022,-8.347999999998024,15.295000000003256,7.692000000000121,7.724000000001752,-1.348000000001548,-2.022999999999797,58.93399999999929,25.627000000000063,-12.287000000003443,34.67500000000001,19.85399999999995,-5.2120000000002165,29.054,9.003000000000227,-4.709000000002561,11.399000000000116,1.0569999999994195,5.672999999998751,11.437000000000095,4.045999999999594,5.454999999997767,5.608000000000146,-3.115999999999985,-2.949000000000268,-52.105000000000246,28.19600000000264,5.505999999996902,-1.1030000000005202,12.272999999999,0.6009999999989191,25.696999999998127,4.421999999999571,-6.680000000000064,14.303000000000132,-6.889000000000323,-0.9980000000012978
113.80600000001095,-54.33199999999943,-103.97900000000392,153.57099999999946,-32.774999999998045,-87.57299999999759,132.14399999999955,3.049999999998932,-48.80399999999554,-23.215000000004693,-2.923999999995885,21.64299999999457,15.597999999999956,102.47499999999832,20.715000000018332,-59.291999999999234,25.82999999999629,21.325999999999112,213.52900000000545,595.0379999999996,515.0880000000029,196.37500000000043,36.2710000000007,-69.2009999999982,175.19900000000348,-7.7199999999997715,-97.8639999999814,73.26699999999846,-45.90600000000009,-151.94099999999935,-46.07300000000123,-17.642000000000735,0.6720000000086657,88.83199999999931,62.907999999998765,-12.79899999999543,-4.227000000000203,70.75199999999882,23.688000000004195,9.125000000000227,-10.311999999998989,4.491999999993368,17.690999999999235,39.07300000000191,-0.5680000000040764,4.048000000000229,22.205999999999904,-0.7319999999992888,-4.153000000002294,5.721999999997252,7.74900000000116,-6.526000000002341,11.639999999999873,4.900999999999556,5.682000000001608,3.643000000002417,-1.3750000000001703,65.14699999999891,33.071999999999946,-9.813999999994394,38.88300000000058,21.82000000000004,-9.97600000000034,33.70999999999995,6.911999999999985,-12.59099999999762,12.509000000000016,2.0580000000002485,2.7810000000016544,-92.91700000000064,-47.26399999999984,102.16100000000095,7.906999999999797,1.1369999999999436,-1.3919999999998822,-1.4259999999978843,15.102999999999156,2.3220000000037544,0.1209999999986166,13.14700000000073,0.5260000000006926,28.777999999999796,1.642000000001076,-5.3650000000118325,10.441999999999751,-5.6809999999998695,-4.361000000000104
116.00399999999809,-55.55400000000077,-94.95900000001711,144.83000000000175,-34.05100000000232,-85.10799999999108,128.55599999999754,-0.7029999999986103,-47.48500000000604,-18.0849999999964,3.908999999998741,23.620000000005348,18.17800000000318,97.05500000000028,23.53499999999258,-3.552999999999429,15.570000000002436,18.126999999981308,236.7369999999937,702.6550000000043,500.9819999999991,198.60199999999963,33.082999999999174,-82.95899999998255,176.08299999999986,-1.168000000000191,-93.71300000000248,77.91100000000597,-41.055000000000064,-150.3780000000006,-44.60699999999633,-15.674000000001342,2.0199999999931606,88.38800000000049,53.66200000000134,-17.083999999999833,-5.471000000000004,79.51400000000035,20.336999999994987,12.362000000001672,-7.274000000001024,8.654999999998836,17.835999999999785,36.21299999999792,4.317999999994981,8.957999999998378,17.799999999999727,-1.429000000001679,-6.380999999998949,7.349000000004935,3.748999999999114,-7.891999999998234,15.368999999998325,5.1410000000004175,6.103999999999132,1.36099999999999,2.77499999999975,-41.08699999999885,-10.929000000000144,-74.76799999999457,43.93999999999991,16.87599999999998,-10.956000000004453,29.03199999999977,10.688999999999991,-9.744000000000597,11.421999999998889,-1.2790000000002522,1.0589999999979227,7.531999999999783,1.3640000000009422,4.590000000001737,4.851000000000383,-4.169000000000267,-0.923999999999836,-3.259000000002743,18.959999999998445,1.9439999999974589,0.1890000000003056,16.91600000000051,-5.236999999999625,28.15299999999894,0.9689999999977772,-8.301000000000158,8.098000000000383,-10.900999999999785,-1.16599999999778
98.68699999999536,-56.00699999999961,-96.32599999999913,143.65199999999732,-33.42399999999941,-81.50600000001305,119.66800000001284,-3.2600000000002183,-45.20299999999224,-63.400000000001455,4.950000000002319,4.760999999984961,20.14899999999784,96.45700000000376,22.205000000008116,47.04899999999839,11.98100000000295,10.47399999999925,257.54099999999767,717.2849999999926,507.2630000000004,206.67100000000005,25.086000000000297,-98.78000000001066,166.0159999999962,1.2740000000000862,-97.92500000000928,82.63000000000602,-33.415000000000106,-138.26299999999492,-44.94100000000003,-13.31199999999626,1.5070000000036998,89.91399999999885,56.69399999999882,-16.003999999998086,-4.5050000000003365,74.79799999999841,16.881999999998243,9.510000000000218,12.091000000000918,29.657000000008797,14.583000000001787,40.859999999997854,-1.3059999999995853,10.723000000001548,13.43400000000088,-1.6899999999964166,-32.29900000000043,-178.74400000000605,107.45600000000051,-6.477000000000999,18.106000000000225,5.5239999999997735,7.418999999998732,-2.255999999999858,-0.8889999999993847,153.43499999999892,61.21500000000015,33.02599999999529,41.99399999999969,25.814000000000004,-10.452999999995429,32.54800000000024,4.861999999999966,-11.70099999999934,7.3610000000016385,2.2070000000006478,1.721000000000572,5.517000000000394,1.4769999999998618,1.4710000000007994,8.380999999999617,-9.079999999999444,-2.0659999999999457,-3.4179999999992106,3.7779999999997926,3.793999999999187,-1.2099999999975353,14.250999999998726,0.316999999999723,288.7590000000017,725.4020000000011,-70.51999999999907,5.774999999999864,-1.407999999999987,-6.987000000000876
87.77499999999918,-74.68000000000075,-77.91699999997945,129.52300000000605,-41.521000000000186,-84.83899999998812,116.37899999998922,1.6899999999992588,-46.72800000000734,-14.10799999999881,18.630999999999176,22.65600000000632,15.406999999999016,94.399999999996,23.87699999999313,110.15100000000189,7.788000000005013,3.8940000000138753,275.5120000000033,760.4429999999979,490.4419999999959,179.455999999999,31.85799999999972,-82.78799999998228,161.2940000000037,0.1480000000000814,-94.77599999997892,87.67699999998513,-23.43400000000031,-133.62999999999374,-43.43200000000138,-14.166000000000167,0.5250000000046384,83.87900000000172,58.56100000000026,-17.559000000005653,-6.166000000000338,71.39000000000237,13.818000000003394,22.890999999998485,-21.93900000000042,-3.583000000014636,22.339999999999804,38.188000000002376,2.8930000000002565,6.934999999998581,26.636999999996647,0.3690000000005966,-6.441999999998416,5.911000000003241,4.840000000000089,-8.143999999998641,12.707000000000336,7.26799999999912,6.004999999998972,8.0600000000004,0.829999999999842,78.1579999999991,30.89700000000004,-19.079999999996744,44.99100000000027,17.09100000000001,-14.424999999999956,43.422999999999945,9.17899999999996,-17.187000000001262,11.952999999998326,2.967999999999904,2.2460000000023683,46.27400000000037,22.538000000000125,-25.124999999999886,5.958000000000041,-2.877000000000152,-6.633000000000067,-1.0099999999965803,12.305000000003474,3.155000000003838,2.1029999999996107,13.58199999999954,-4.00900000000064,21.03699999999975,415.2519999999996,144.33599999999842,-11.775000000000093,39.53900000000061,-29.480000000000928
126.6360000000077,-32.34999999999957,-80.24900000000343,132.48299999999062,-34.04600000000073,-60.31500000001415,106.77800000000276,2.941000000001281,-41.17499999999836,-12.268000000000256,27.309999999999945,27.856999999994517,13.461000000000922,85.23000000000138,19.384999999988395,165.0080000000003,7.825000000002547,-6.372000000010303,286.3040000000012,819.8490000000106,473.6210000000028,167.35199999999963,42.53400000000056,-78.86900000000878,144.9739999999963,-0.9240000000001912,-89.7340000000213,75.75100000001385,-19.55999999999989,-121.46000000000186,-38.22000000000117,-10.162000000002536,-0.7080000000087239,83.00999999999874,52.48100000000022,-16.595999999992728,-2.7839999999997644,74.72500000000082,13.202000000001137,18.06599999999889,-12.193999999999503,-0.560999999993328,17.819000000000074,41.864000000001056,-3.8939999999968222,9.475000000000476,18.02500000000009,-3.1490000000019336,-5.078000000000316,9.606999999999744,1.9859999999994216,-9.233000000000402,15.83299999999781,3.2099999999999795,4.648000000003094,2.76800000000037,0.4359999999998365,73.1710000000021,24.08099999999997,-21.216000000003987,53.063000000000216,24.26699999999995,-12.875999999999976,39.606999999999815,10.908000000000053,-12.59499999999889,11.460000000001004,0.0799999999998135,1.444999999998231,6.85099999999963,4.959999999999809,-1.0790000000014288,9.328999999999963,-6.978000000000861,-0.887000000000171,-1.224000000001979,11.947999999995318,0.973999999996522,-0.6120000000009895,17.134000000001492,-1.6949999999994247,-264.2690000000002,-1070.774,-121.28599999999778,12.0239999999999,-19.257000000000343,0.6759999999985666
79.54699999999093,-67.19400000000064,-88.95300000001498,122.99800000000688,-43.222000000000094,-66.06399999998303,102.95999999999594,0.2629999999982146,-38.56200000000172,-6.967000000003054,29.0869999999984,32.15300000001662,16.64700000000039,90.81699999999842,19.446000000016284,227.4569999999983,11.950999999987744,-19.99599999999191,300.1919999999928,802.5389999999959,461.19999999999663,155.09000000000128,24.09799999999933,-63.172000000008666,136.46200000000022,-2.6339999999997588,-80.18799999999828,63.58000000000175,-10.638000000000147,-114.51400000000832,-36.02000000000203,-5.689000000000988,0.342000000000553,75.88800000000049,51.649000000000456,-17.389000000002852,-6.0940000000002215,74.82299999999782,10.595999999998185,20.22999999999797,-4.78300000000047,10.907000000008791,25.869000000000145,30.50399999999911,-1.9440000000031432,11.232000000001108,16.28000000000327,-0.0920000000007803,-8.144000000001483,7.486000000000104,1.318000000000552,-5.508000000000379,14.830999999998085,4.890000000000327,5.950999999998885,3.125,-2.1520000000002426,75.52599999999927,25.00099999999996,-21.538999999995667,47.2219999999993,33.91299999999999,-16.183000000000902,45.237000000000194,9.957999999999956,-17.462000000000444,14.385000000000048,0.11299999999963,0.3370000000018081,-31.369000000000117,-24.730000000000985,28.652999999999903,3.790000000000049,-3.508999999999673,-7.457999999999743,-3.683000000000902,11.139000000002852,2.5080000000002656,-0.2829999999988786,14.109999999999443,0.245999999999924,136.89099999999996,76.70999999999992,-28.757000000001653,9.22799999999988,-10.417000000000344,-5.633000000000266
87.92100000000573,-54.88199999999779,-69.61599999999635,112.35399999999343,-32.50099999999918,-62.85400000001573,94.82700000000364,4.195000000001414,-35.68099999997685,1.5620000000012624,37.96399999999949,33.141999999998006,20.41799999999796,81.6190000000006,15.35599999999704,281.259,17.754999999999654,-21.50800000001709,301.8440000000055,911.5780000000028,428.6620000000085,144.9799999999982,31.177999999999884,-62.19399999999951,115.02100000000156,-2.962000000000131,-76.8429999999853,58.04399999999532,1.6770000000001062,-105.7320000000118,-32.1899999999971,-3.786999999999807,-0.0239999999962492,78.54399999999941,51.80599999999913,-17.516999999998006,-4.11500000000018,69.22599999999761,8.990000000005693,23.20000000000277,-16.719000000000506,-4.139000000009219,18.407999999999447,33.057999999999765,-1.4160000000003947,24.5270000000005,-11.99500000000171,-10.620000000000118,-3.362999999998806,5.004999999999882,5.727999999999156,-8.023000000000025,11.850000000004002,5.128000000000554,5.083999999999378,0.3539999999986776,-0.3560000000000229,60.91299999999933,8.467000000000091,-25.774999999998727,62.87100000000052,26.931000000000083,-18.54900000000157,46.026999999999774,12.016000000000028,-13.715000000001965,16.74900000000008,2.0740000000003533,0.9989999999987732,52.26100000000002,28.4790000000001,-28.000000000000117,10.257000000000003,-4.677999999999827,0.5839999999999179,0.9579999999971278,5.669999999997799,4.201999999997952,2.149000000000001,11.619999999999209,0.963000000000136,34.465000000000146,17.089,-9.044999999997572,13.05700000000023,-11.782999999999788,-4.88499999999874
84.90000000000464,-54.96400000000108,-67.27300000000014,110.9010000000012,-38.74899999999855,-59.11899999998696,93.12799999999584,5.025999999998021,-33.65500000002157,10.147000000000617,45.53500000000099,33.53299999998853,21.126000000001,74.78000000000407,12.536999999997532,340.0509999999997,34.0940000000046,-39.81999999998607,296.61199999999326,933.0600000000004,367.516999999998,131.87900000000354,29.269000000000744,-53.74799999999596,99.07200000000104,-4.727000000000103,-70.54399999999532,48.07799999999816,12.753000000000014,-94.87299999998412,-30.747000000002345,0.3940000000000054,-0.2749999999991814,71.9239999999985,56.49599999999992,-12.72000000000162,-2.326999999999657,70.7740000000058,12.79299999999921,18.209999999999127,-11.822999999998274,2.4660000000039872,22.168999999999528,25.804000000002247,0.2470000000130312,10.23699999999792,14.541000000002668,1.6599999999982629,-4.832000000001813,9.311000000002425,0.7030000000000314,-1.9499999999993636,44.16800000000194,-43.41200000000072,4.691000000002532,5.532999999999788,0.8100000000005991,63.133999999999446,13.128000000000029,-23.01000000001068,51.78900000000013,33.25599999999999,-15.478000000001655,42.53200000000028,15.81500000000009,-12.43599999999674,14.403000000000077,1.6559999999998354,3.5730000000000928,11.731000000000336,-0.3759999999999763,4.858000000001539,8.39400000000019,0.9210000000003048,-2.891000000000332,-3.9429999999981646,9.759000000002516,2.4230000000045493,4.715999999999099,12.402000000000156,-1.782000000000039,33.843000000000245,8.759000000000583,-7.497999999998228,34.346999999999994,-50.26200000000003,11.53500000000065
71.92999999999756,-52.54400000000032,-62.15899999999692,103.88699999999744,-32.75700000000086,-54.95600000001559,84.6490000000017,8.955000000000268,-25.57299999998577,17.14799999999741,52.2549999999967,34.778000000005704,21.35299999999916,72.06499999999778,9.68000000000302,390.9299999999973,51.09300000000303,-44.09100000000308,290.0449999999978,977.7679999999976,314.83799999999746,111.80099999999698,40.17899999999912,-53.67400000000089,77.59699999999725,24.253000000000213,-61.45000000001346,31.439000000000306,17.345000000000255,-87.70100000000411,-25.96099999999524,2.199999999999136,1.5440000000012333,73.99200000000405,32.65400000000085,-23.86999999999944,-6.041999999999348,70.10199999999713,13.59899999999925,25.20099999999843,-12.49700000000189,3.491999999994277,17.105000000000814,31.394999999997708,0.3509999999891988,-5.751999999998247,43.55499999999779,7.339999999999236,-6.016999999999939,9.651999999999816,3.17799999999977,-7.451000000000363,-21.917000000001963,52.641999999998745,5.65799999999399,0.866999999999507,0.4680000000000461,74.55900000000213,12.861999999999972,-18.16400000000158,60.819000000000045,32.34400000000006,-12.496999999996206,48.07600000000001,14.377999999999956,-11.679000000003724,15.756999999999266,-1.8810000000001992,3.743999999997527,11.711999999999987,4.070000000000107,1.7979999999994334,8.928999999999832,-3.1759999999998456,-4.952000000000112,-2.307000000001836,3.854999999998654,2.850999999998294,2.151999999998111,10.21599999999978,2.719999999999345,26.08199999999954,-7.144999999999868,-9.946000000002186,12.590000000000146,-11.352999999999724,-2.252999999998906
-3.802999999993517,-106.02199999999868,-45.42200000000776,96.29000000001042,-25.58999999999969,-47.864000000004125,79.25500000000056,13.6950000000013,-22.37600000000839,22.186000000004924,57.31800000000362,33.65499999999884,24.899000000002047,63.61400000000117,8.020000000010441,454.8400000000015,27.09899999999834,-69.103999999993,292.69500000000335,957.1990000000028,283.27000000000453,104.63000000000306,32.896000000000925,-34.13100000000213,48.33700000000363,-21.66300000000021,-66.19900000000598,30.272999999999683,16.263999999999612,-72.8939999999966,-23.324999999999815,6.981999999999289,0.7449999999948886,62.39699999999857,74.40699999999936,0.5919999999946413,9.9899999999991,68.39600000000132,7.213999999999032,16.62300000000414,-11.20300000000043,-4.034999999998945,7.21499999999935,27.210999999999785,2.866000000000213,17.740999999998053,-18.131999999999948,-8.633999999995012,-3.162999999997851,3.884999999996808,5.804000000000542,-4.256000000000881,10.89399999999614,7.533000000002232,2.597000000002936,-0.1039999999989049,-2.1940000000000737,68.19299999999942,29.843999999999937,5.932000000007065,66.54699999999991,37.31499999999998,-8.319000000000187,37.30099999999972,14.22699999999999,-12.450999999998658,12.521999999999878,5.593999999999966,5.235000000001833,13.203000000000031,0.4930000000001655,10.340999999999667,6.750999999999863,-7.296000000000191,-3.161999999999665,-4.84899999999584,6.891000000001668,4.388000000000147,-4.198999999999842,11.46799999999928,-0.0239999999990914,36.36900000000196,18.72500000000059,-2.361999999999398,12.110999999999803,-9.938999999999965,1.627999999996632
96.33199999998396,-22.993999999999915,-64.75799999998344,87.05999999999676,-24.42800000000034,-44.34799999999086,67.93499999999995,17.650000000000432,-12.889999999993051,30.92399999999884,68.68599999999674,30.70000000000164,15.252999999998451,64.80700000000184,10.045999999988451,485.8130000000017,92.00499999999464,-64.58800000000338,283.0739999999992,998.6719999999934,229.76699999999252,86.4409999999964,35.298999999999126,-38.92799999998715,44.36000000000036,20.48300000000012,-57.03099999998358,44.27499999999327,5.901000000000067,-52.46000000000777,-16.824000000008255,9.217000000001008,5.43800000000374,55.95299999999952,53.18599999999947,-10.748999999998432,6.413000000000579,64.03199999999742,8.715999999992619,24.435999999997197,-33.58699999999999,-14.80099999999993,11.671000000001186,30.08400000000222,1.1840000000006512,-6.703999999999155,42.7960000000013,12.466999999998052,-5.08400000000222,-1.3399999999990089,9.72200000000072,-6.9989999999990005,10.724000000004708,5.654999999998722,3.424000000001115,5.359999999998877,0.0799999999998135,68.84399999999857,-1.220999999999961,-35.26000000000522,50.0079999999997,35.950999999999844,-9.280999999998585,38.28200000000024,15.096999999999916,-14.60599999999772,10.91300000000075,-0.5579999999994811,6.684000000001333,11.222999999999672,1.596999999999582,5.839000000000283,2.7690000000003323,3.0000000000001137,-0.0080000000004076,-2.042000000000144,7.382000000001199,5.45099999999934,3.863000000001193,10.02200000000073,7.780999999999949,32.760999999997864,17.997333333333643,-5.8400000000006,11.624000000000123,-7.910000000000394,-1.5599999999977854
53.03400000000238,-40.97100000000182,-43.96999999999025,79.32099999999309,-16.720000000000823,-36.76700000000892,61.17199999999912,17.212999999998146,-8.326000000010936,38.30199999999877,78.01200000000108,23.730999999997948,24.98199999999997,50.83300000000008,3.33299999999781,530.1119999999969,104.93700000000672,-75.02400000000762,276.31900000001224,1021.9090000000052,181.6040000000044,71.45399999999995,47.04499999999996,-33.77700000000914,35.09599999999864,28.45200000000005,-42.88400000000365,62.63500000000022,-4.825999999999908,-31.18899999999485,-7.042999999993072,28.60400000000141,18.37199999999939,59.77800000000002,48.00600000000088,-8.532000000002427,9.338999999999942,62.15200000000323,9.07000000000835,15.273999999999432,12.853999999998678,11.700000000007549,8.717999999998938,21.448999999998364,0.2720000000010714,4.562999999998851,16.30399999999952,2.5689999999997326,-3.7889999999976,14.701000000002296,-0.6120000000009895,-4.366000000001691,13.254000000000588,3.1190000000009377,6.207000000000562,6.012000000001194,0.379000000000218,52.44600000000332,6.048999999999971,-18.77399999999625,51.95399999999992,35.984000000000194,-7.335999999992282,39.74999999999973,18.57800000000012,-5.200000000002092,13.270999999998878,7.032999999999845,6.081999999997834,62.87999999999983,23.26100000000082,-56.21299999999962,6.015999999999977,-3.7709999999997024,-4.307999999999623,-6.9430000000011205,7.204999999999018,3.021000000001095,1.1930000000006658,14.942000000002054,1.8259999999997945,32.761000000000706,17.99733333333222,-5.8400000000006,13.62400000000008,2.9299999999999216,-2.182000000001949
44.824000000005526,-36.69899999999871,-36.08400000002803,66.84000000000196,-8.380999999999972,-26.80699999998524,54.90700000000288,23.0070000000012,-8.397999999988315,39.704000000000406,82.05000000000382,13.976999999999862,20.825999999999567,50.06999999999948,6.616000000008171,570.5680000000029,127.35000000000127,-85.07699999998977,268.9999999999941,1032.6020000000028,133.4229999999934,57.94300000000021,36.281999999999925,-18.66499999998723,32.27799999999661,44.96199999999995,-33.59299999999621,63.51300000001174,-8.294000000000068,-13.89800000000605,-24.64300000000321,-17.63300000000072,-8.46599999999853,68.43499999999949,22.10399999999879,-15.173999999990428,13.132999999999129,58.562999999998056,6.85399999999845,16.888000000000147,-3.980999999996016,-2.935000000002219,10.81700000000012,18.980999999999423,5.940999999995711,3.5970000000020264,8.242999999998801,-0.134000000002743,-6.109000000000719,5.786000000000513,6.624999999999659,-4.204999999998904,10.149999999998728,7.607000000000141,2.6949999999999363,0.8840000000020609,-2.784000000000475,65.17699999999707,17.924000000000007,-11.994000000004236,55.20700000000005,40.7709999999998,-7.776000000012573,32.94200000000025,12.589000000000006,-14.483000000001311,10.769000000000515,7.898000000000138,6.927000000001726,12.24900000000062,8.579999999999188,7.173999999997704,1.2239999999998474,-9.74300000000028,-12.370999999999556,-4.03699999999958,5.142000000000735,3.7049999999965166,1.3719999999977972,13.033999999998969,-6.297000000000708,32.760999999999285,17.997333333333643,-5.8400000000006,8.145000000000024,-1.8159999999994625,-2.610999999996011
50.41499999999815,-24.397000000001867,-31.359999999995125,57.62899999999718,-6.604999999998995,-20.21500000000742,44.53499999999622,26.201000000000363,-4.053000000021712,49.74599999999896,92.80399999999533,6.359999999995125,23.342999999999847,42.14799999999741,4.84599999999773,659.6409999999992,227.6860000000056,-98.608999999999,259.7660000000019,1026.907,77.4530000000027,44.4090000000017,35.833000000000936,-16.723000000001775,17.74000000000342,47.21100000000007,-25.89199999999892,53.72899999999845,-4.085999999999501,-6.7619999999919855,-7.267000000001644,17.196000000001277,4.723999999998796,49.585000000001855,44.12800000000061,-6.84800000000223,13.774000000000797,54.87699999999904,7.172000000002754,15.164000000004307,10.907999999997742,9.587999999996557,1.693000000000211,20.14599999999973,2.6190000000042346,3.182999999998515,13.7439999999998,4.022000000003345,-3.933000000000675,3.170999999997548,7.532000000000494,-5.362999999999829,9.408999999999423,4.473999999999023,3.994999999997617,4.157999999995354,-1.4809999999997103,65.04899999999907,22.245999999999988,-13.09199999999464,57.76500000000056,39.84900000000007,-10.00699999999597,37.1929999999999,22.694999999999865,-5.718999999999141,11.226000000000624,2.505000000000024,7.247999999998456,5.272999999999684,3.529000000000337,7.780999999999949,8.758999999999872,3.3629999999995164,12.767999999999091,-1.0739999999998415,7.569000000000869,2.487000000013495,-0.1309999999961064,8.444000000000074,0.9140000000002146,40.63300000000112,45.66599999999994,-3.3239999999977954,8.638999999999797,-4.5239999999999725,0.0099999999974897
20.19599999999855,-10.496999999998025,-2.0869999999831634,40.09400000001051,0.415999999998462,-12.084999999979118,35.05499999999984,27.455000000000496,-4.54099999999471,55.554999999998245,92.16899999999556,4.272000000014486,23.85000000000161,37.54299999999944,3.002999999989697,653.8270000000011,202.19699999998969,-102.81300000000329,252.63599999999545,1033.150999999998,20.386000000007694,37.01500000000237,30.809999999999604,-11.927000000014232,3.4580000000005384,56.74600000000005,-19.238000000018477,46.685999999999694,3.2739999999996883,1.4399999999909596,-3.246999999998934,14.947999999998274,6.103999999993448,40.64199999999971,42.469000000001245,-6.195000000002437,11.108000000000118,52.12399999999775,1.6289999999912652,16.04899999999816,14.511000000001673,-1.0130000000003747,9.64999999999918,16.748000000001184,1.5039999999999054,3.8510000000002265,10.565000000002556,3.350999999997839,-1.4949999999998909,11.40399999999886,-2.579999999998961,0.2420000000000755,6.234000000000606,5.716000000001031,9.676999999999223,5.594000000002097,-8.485000000000298,69.59900000000232,23.45699999999997,-4.820999999992637,48.74999999999972,37.894000000000005,-7.702000000000453,1.361999999999952,-40.65999999999992,-42.69499999999766,7.634999999999081,7.446999999999804,5.591000000001145,-45.57000000000002,-9.61499999999944,73.31800000000328,3.2630000000001047,-5.61699999999945,-5.69499999999934,-3.3140000000003056,6.004999999998972,2.669999999994843,4.566999999997279,9.935999999999012,2.1730000000005134,29.864999999999498,9.403999999999256,-5.777000000000498,8.437999999999946,-6.139000000000294,5.779000000001133
32.01900000000251,-16.330000000002087,-12.244000000009692,29.67599999999493,9.38300000000254,-5.5420000000140135,22.27800000000002,30.76499999999953,-3.209999999990032,56.00900000000024,107.17200000000844,1.488999999992302,20.01199999999983,33.78600000000347,1.0870000000068103,684.9609999999984,237.08500000000183,-100.64700000000356,258.6430000000064,1008.5030000000016,-38.8370000000009,28.213999999996982,23.78500000000088,-6.006000000002132,-14.447000000001252,65.44299999999978,-21.44799999998668,36.46800000000212,14.806999999999704,2.2890000000074906,-0.7719999999949323,16.64100000000417,5.841000000009444,37.88899999999842,38.890999999999565,-9.711000000004333,13.468000000000302,47.19500000000494,2.332000000001244,14.907999999996946,1.9779999999997244,-0.0909999999976207,7.178999999999292,15.52599999999984,5.072000000001253,6.658999999999082,10.946999999998752,4.779000000002043,-1.5850000000000364,0.4520000000013624,7.627999999998281,-0.1399999999989631,8.445000000000391,2.970999999999435,3.604000000001406,1.937000000000921,0.3599999999998715,49.82299999999782,21.921000000000035,-11.29799999999932,45.72900000000004,40.55999999999997,-14.127000000002,40.4399999999999,22.871999999999915,-11.1629999999991,12.166000000000563,2.2330000000003736,3.3299999999997,5.302999999999969,7.818999999999221,6.031999999999016,3.855000000000075,1.1249999999996874,-0.0880000000002212,0.7259999999973843,4.305999999996857,2.9669999999953234,-0.4009999999993852,6.28900000000101,2.0619999999993865,40.33000000000016,34.260000000000446,-9.579000000002225,5.569999999999808,-1.6260000000002606,-5.729999999999791
-12.493000000006305,-29.049999999998025,14.868000000001302,20.00099999999065,17.173999999999978,1.6720000000077562,17.20900000000256,29.50600000000065,-0.6720000000086657,59.22500000000355,102.82199999999762,3.125,23.34899999999891,26.357999999993357,0.6460000000060973,707.4490000000026,269.2869999999971,-95.88599999999587,248.71199999998908,1003.8509999999974,-110.9739999999988,30.889999999999414,23.881999999998985,1.18400000001202,-26.18400000000065,62.59900000000016,-18.090000000006512,33.96599999999808,25.32700000000005,4.425000000003365,-25.52800000000275,0.2439999999978681,-3.6380000000008295,31.68799999999976,37.32399999999956,-9.96699999999464,11.657999999999902,40.00899999999774,2.5270000000091386,13.830999999998994,1.033999999998514,-5.591000000003987,9.54499999999996,16.08099999999979,-0.6220000000041637,5.940000000001078,14.145999999999503,0.3240000000005238,-0.6990000000001828,8.517000000000507,0.9750000000011028,-2.703000000002476,7.821000000001277,5.782999999999561,4.403999999999542,6.7049999999994725,-1.402999999999821,45.187000000001376,23.8290000000001,-9.094000000004598,56.947999999999865,33.36100000000002,-7.610999999997148,30.054000000000517,14.384000000000086,-12.643000000002758,9.566999999999837,4.5709999999999695,6.131999999999493,7.150000000000034,0.5859999999998422,3.0169999999998254,1.9089999999998497,-7.891000000000048,-11.92399999999978,5.377000000004273,8.37099999999964,3.575999999998203,-0.9590000000002874,8.500000000000796,2.845000000000653,39.20399999999944,24.723000000000184,-8.834999999999127,10.307000000000244,-7.549999999999812,-0.841000000002623
15.985000000000582,11.772999999999456,11.158000000000357,9.869000000014694,23.357999999998924,7.87399999999252,5.745999999999185,32.078999999998814,0.5010000000083892,44.67199999999707,127.44500000000016,-2.91700000000219,22.13100000000168,22.939999999999827,-0.3660000000081709,749.973,273.82200000000694,-97.05299999999396,265.1920000000018,958.9940000000012,-161.64500000001,-11.96899999999914,3.1509999999997262,-35.0210000000061,-22.07700000000159,65.43399999999977,-15.064000000006672,21.33199999999533,41.765000000000185,4.320999999993092,40.69200000000137,38.6229999999955,13.976999999999862,28.908000000001262,34.202999999999406,-11.706000000003767,13.795999999999252,37.011000000001104,-1.428000000009888,12.030000000004293,6.766000000001782,-3.705000000002201,8.840000000000714,13.616000000001804,2.9660000000035325,5.6630000000012615,6.347999999999843,-1.789000000002261,-1.5899999999987813,-3.814999999997326,6.500999999998669,2.3410000000012587,5.639999999999645,2.854000000002088,1.8030000000010205,6.00300000000118,-3.056999999999732,51.1889999999994,30.42499999999997,-7.330999999999221,45.017,36.09500000000008,-12.259000000000242,277.57199999999995,235.50999999999985,-8.814000000000988,13.420999999999594,-2.82100000000014,1.1189999999999145,10.923999999999978,2.4850000000000705,4.161999999999466,3.3270000000001687,3.095000000000425,-1.3480000000001269,6.408999999996468,13.407000000000837,2.9300000000034743,3.234000000000492,4.6939999999978,2.275999999999101,-47.57450000000034,-182.7379999999991,3.8315000000011423,10.13200000000012,-7.920999999999623,-6.270999999998139
7.794000000001233,22.759999999999536,18.48099999999704,-2.7590000000145665,29.524000000000683,11.559999999985848,-2.260999999998603,36.01199999999949,2.8559999999970387,59.54199999999901,113.2690000000025,9.753000000000611,19.127000000000294,20.227000000005543,-4.004000000009,727.9259999999965,361.5359999999896,-76.17099999999937,271.3560000000029,935.5250000000012,-233.7889999999902,-0.3120000000023992,63.48899999999986,11.302999999998065,-19.360000000000355,74.22000000000004,-5.06599999998798,14.550999999994474,49.32799999999986,10.461999999995442,6.9279999999992015,21.85700000000565,2.154999999993379,21.02299999999957,32.542000000000826,-10.680999999999583,9.835999999999956,32.36400000000117,-3.2780000000002474,14.51399999999694,14.346000000000458,-1.12899999999172,11.791999999999804,11.780999999999151,1.3949999999965712,21.126999999998475,-21.37299999999982,-7.042999999998756,1.573999999999387,11.829000000000178,0.238000000001648,1.948999999999046,9.31099999999674,3.543999999997993,-11.07099999999832,-0.4880000000014206,6.009999999999849,42.204000000000974,32.06299999999995,-8.214999999995598,43.53100000000012,34.08599999999993,-12.277000000000273,-173.75400000000027,-140.12399999999977,12.09100000000376,15.439000000000648,-1.8979999999999109,-2.0539999999982683,15.39199999999994,-0.8649999999988722,2.2739999999998872,8.643,-9.3190000000007,-4.542000000000002,10.98299999999881,13.19300000000112,0.866999999999507,1.9599999999996955,4.587000000000785,-0.4929999999987444,-47.57449999999892,-182.7380000000005,3.8315000000011423,14.5859999999999,-5.716999999999928,-4.474999999999341
36.11400000000913,66.67099999999948,14.708999999993466,-11.516999999992096,38.52399999999818,19.00600000001305,-9.225000000003549,44.177000000001954,4.139000000009219,53.00000000000296,110.87599999999613,14.661000000000968,20.867999999998688,14.337000000000444,-4.027999999993881,728.098,399.2430000000127,-63.733000000002,278.9610000000039,893.2129999999972,-294.9220000000082,-17.153999999999314,38.10500000000019,1.830999999992855,-16.03399999999624,78.7230000000001,2.7710000000070067,7.1350000000052205,45.781000000000205,13.17700000000741,7.236000000000331,21.23399999999833,2.2519999999985885,12.314000000000648,40.37699999999944,-6.17099999999482,10.532000000000608,31.194999999996757,-4.2049999999903775,7.305999999999813,17.57599999999968,5.44999999999618,5.1400000000001,17.00700000000097,-3.2409999999970296,3.817000000000803,14.779000000001474,0.4570000000001073,2.6520000000004984,9.707999999994854,0.8019999999987704,4.34099999999944,4.018999999999551,2.356000000000336,8.14799999999991,6.076000000001613,-6.947999999999865,38.38999999999828,33.219000000000065,-6.476000000009208,38.232,30.339000000000027,-11.249000000003662,31.26099999999994,14.226000000000028,-10.763000000002876,14.039999999999964,-7.257000000000602,0.8880000000004884,-20.42599999999979,-30.75000000000045,28.603999999998564,4.6640000000000015,-2.146999999999366,0.6639999999997315,9.958000000005995,14.23899999999776,-0.4520000000013624,2.1629999999987604,8.1579999999974,1.6970000000000596,203.44999999999945,450.4919999999999,-39.30100000000039,-5.870000000000175,47.71000000000001,-29.488000000000625
-3.875000000005002,41.81900000000098,28.528000000005704,-17.0470000000023,46.58500000000174,21.521000000007007,-16.873999999995704,39.37199999999734,9.08199999998942,62.380999999999176,116.44000000000004,18.92100000000028,24.51599999999985,11.950999999999112,-9.350999999992382,732.0430000000044,472.3079999999925,-48.87100000000828,286.66999999999234,853.9150000000006,-356.11000000000104,-23.253999999997177,39.55700000000064,2.4420000000191067,-14.932000000004564,73.01400000000022,8.20299999998042,5.358999999998559,53.85800000000032,16.705000000001746,8.127000000001772,19.75100000000225,1.4650000000074217,11.248000000000502,26.135999999999623,-11.38300000000072,10.179999999999724,25.686999999999216,-8.222000000000662,9.109000000000831,20.39299999999855,-4.491999999993368,12.165000000001667,16.732999999999265,2.636000000001104,8.348000000000866,9.350999999998066,-4.714000000001306,-0.8780000000001564,1.3300000000015189,1.2640000000004648,0.8010000000012951,7.010000000002492,2.4640000000005102,3.9609999999981937,2.795000000000414,-3.5769999999999413,34.63000000000136,37.819,-4.625999999996111,37.968000000000046,25.405999999999903,-10.686999999995804,23.28200000000038,10.819000000000043,-14.24599999999714,18.080999999999392,-8.91199999999941,-1.824999999999477,18.419999999999703,-7.235000000000014,-1.4189999999985048,6.93400000000004,-5.328000000000088,-4.289999999999594,10.775999999998476,14.92300000000455,1.3879999999971917,-0.2229999999997289,3.386000000003264,0.6439999999997781,-146.6679999999997,-418.18500000000114,21.627999999998337,16.321000000000296,-13.367000000000218,-4.639000000000237
-9.173999999995884,51.40299999999911,32.07999999999629,-26.62400000000389,48.19399999999803,26.99000000000069,-18.36500000000001,47.41700000000151,9.16700000000219,66.51600000000144,120.76400000000262,19.82399999999416,29.99100000000112,10.548999999997475,-11.694000000011329,699.6579999999994,483.1299999999999,-37.04199999999673,290.8450000000016,817.5540000000012,-402.2889999999961,-31.499999999999773,37.99000000000064,1.7579999999952634,-23.831999999998743,70.32599999999967,10.131999999998698,0.7870000000025357,46.27099999999942,25.58599999999842,8.943999999996777,28.852000000000544,-1.0200000000054388,4.009999999999536,20.378000000000892,-5.756000000008044,6.517999999999802,22.85800000000222,-6.103000000007341,17.651999999998225,6.75200000000018,-3.668000000004668,10.729999999998086,12.529000000000678,-2.493000000004031,8.337000000000216,16.187999999999647,-1.267000000001417,4.067999999998051,2.472000000000208,3.382000000000573,3.0270000000001573,3.753999999997859,6.449999999999534,-2.042000000000144,6.553999999997018,-2.1740000000001203,25.32899999999927,32.22799999999992,-2.4599999999963984,31.73099999999991,29.08100000000005,-11.633000000000491,24.48499999999996,14.715999999999951,-12.970000000001392,19.44600000000065,-12.254000000000076,-5.129000000002293,24.75299999999976,-13.141000000000249,-0.7999999999981355,4.200999999999766,-4.290999999999912,-0.2900000000003899,11.449999999996407,22.146999999995387,-0.6129999999984648,0.641000000001668,9.0990000000005,0.8079999999992538,27.191000000000543,4.575000000001239,-7.146999999997661,22.17199999999977,-1.2309999999999377,-8.287999999998874
-16.80300000000443,71.10900000000129,34.81500000000324,-36.815999999987525,58.66200000000106,16.601999999988948,-25.072999999991907,57.36699999999928,13.891999999987092,70.65499999999929,123.74300000000176,18.006000000013955,33.63499999999817,3.885000000002492,-14.355000000000471,672.3149999999976,544.956000000002,-32.60500000000093,302.9600000000073,743.7709999999981,-438.891000000001,-53.500999999999976,15.03399999999857,-16.44300000000385,-24.870999999996,100.718,22.66900000001897,8.648999999991247,50.5190000000006,28.583000000003267,12.461000000001832,20.421999999996387,-1.2139999999931206,-2.5460000000009586,15.767999999999915,-4.137999999989006,8.82700000000085,13.179999999999836,-8.875000000000455,5.53000000000452,46.15000000000009,9.558000000004084,10.692000000000236,16.8689999999998,-0.1370000000008531,3.396999999998229,15.97799999999836,0.0240000000019335,-1.1419999999986885,7.34600000000114,3.5019999999988727,19.71499999999935,41.36600000000499,-3.731000000000506,4.476999999997133,1.9680000000022344,-1.1609999999997456,13.060000000001535,28.83099999999992,-5.310000000008586,26.037999999999784,20.02000000000006,-8.652000000000726,24.909000000000248,8.82000000000005,-12.060000000002448,19.619000000000145,-17.358000000000118,-2.7339999999981046,22.26100000000031,-10.311000000000092,-3.411000000002673,8.891000000000204,-9.168000000001086,7.332000000000249,16.84900000000198,18.796000000003232,0.9860000000003312,1.05700000000013,2.3640000000000327,0.0070000000008008,31.197999999999126,18.235999999998853,-0.3360000000043328,41.06900000000024,-70.17999999999986,20.44999999999959
-18.402000000003227,75.81799999999816,40.28299999999945,-36.86500000000024,68.91799999999932,32.92200000000776,-30.06600000001072,59.29299999999955,17.785000000003492,79.92199999999912,126.80999999999472,14.806999999996153,40.49400000000105,0.1100000000008094,-19.83700000000681,622.5430000000017,520.5749999999966,-28.30799999999272,307.0920000000001,699.0909999999985,-486.248999999998,-32.94899999999075,70.75900000000033,35.974000000010165,-28.128000000003794,56.224000000000096,17.003999999997177,8.85000000000673,54.77299999999943,33.32500000000209,6.707000000000107,8.96600000000376,0.7139999999935753,-6.774999999998954,13.20699999999988,-4.187000000001717,4.327999999999577,11.139000000002852,-9.246999999993475,12.5,11.27299999999991,-3.949000000011438,13.125999999999747,20.839999999998327,-0.4879999999957363,11.294000000000892,18.13000000000216,-2.258000000000493,24.663000000001038,169.83000000000175,-88.47799999999921,4.7300000000007,5.34399999999664,5.814000000000874,-1.7759999999952925,6.530999999998244,-2.8010000000001867,17.71699999999896,31.008000000000106,3.32700000000159,23.714000000000368,19.431999999999935,-9.97600000000034,15.810999999999352,5.7569999999998345,-15.888000000001057,20.680999999999017,-18.619999999999948,-6.209000000004039,26.52300000000025,-17.53800000000041,-4.624999999998636,5.698000000000292,-5.762999999998897,-1.944000000000301,15.73799999999892,25.61900000000037,-1.3669999999990523,1.4150000000000773,0.6639999999975998,0.0529999999997699,218.96500000000003,500.5330000000015,-39.16899999999828,21.90499999999993,-14.730000000000132,-5.5590000000023565
-23.88899999999694,93.73800000000188,42.5899999999956,-43.67700000000241,79.16500000000042,37.73199999998269,-32.92900000000145,63.76500000000078,18.335000000001852,89.30100000000039,131.93899999999985,8.910999999989144,38.460000000000605,-4.500999999999067,-14.708999999993466,609.4359999999995,545.1470000000029,-22.92500000000928,309.82099999999946,634.357,-532.3489999999993,-57.31900000001247,45.85800000000049,14.916999999991276,-33.10299999999984,84.97099999999999,27.355999999986125,-2.1239999999920656,67.97200000000032,34.94899999998324,18.493999999998323,30.21799999999644,-3.13099999999622,-17.21900000000005,11.63400000000081,-1.9530000000031575,5.678999999999235,5.117999999998801,-7.879000000002634,14.10799999999881,31.06600000000128,-3.4059999999954016,22.150000000002024,22.796999999999912,-2.6490000000023883,-0.0910000000004629,42.78400000000033,3.32000000000221,3.8510000000002265,2.499000000000251,4.008999999999219,4.310000000000969,4.592999999999847,3.925999999999874,-1.4679999999998472,0.7190000000008467,-0.0619999999997844,14.241000000001236,29.52399999999997,4.552999999998519,18.53699999999989,17.39999999999995,-10.955999999998769,14.80499999999978,0.730000000000075,-7.927999999998292,20.638000000001,-27.93399999999977,-6.882999999999129,63.9249999999997,2.271000000000356,-32.029,2.798999999999552,-2.190999999999832,-2.1839999999997417,81.7229999999995,44.565000000000055,-21.82699999999045,2.126999999998702,8.151999999998338,1.9459999999995148,23.426000000000613,20.91399999999908,-4.171999999999798,28.69099999999989,-11.962000000000472,-8.12699999999893
-25.940000000002783,104.05099999999834,51.97800000000825,-50.945999999999,89.3730000000005,45.31200000001263,-37.95399999999631,64.28200000000004,19.299999999998363,88.69000000000256,132.53500000000145,3.259000000002743,47.06400000000031,-12.650000000002136,-13.68400000001202,560.5840000000001,605.6060000000002,-7.934999999997672,308.8869999999929,568.8780000000008,-582.946000000004,-63.023999999995794,47.38399999999956,20.52000000001044,-41.14399999999705,91.41600000000008,29.638999999997395,-22.69900000001144,60.01199999999969,35.944000000006326,17.709000000002106,27.73799999999937,-3.3140000000003056,-21.76200000000108,10.114999999998986,-5.584999999996398,4.20700000000096,1.9470000000012533,-10.346000000004096,10.968000000002576,53.46799999999803,14.600000000007183,15.176999999999907,24.82300000000066,-0.0429999999994379,26.649000000000456,-3.685999999999012,-11.37600000000134,4.678999999998723,2.73499999999558,5.828000000001055,8.1089999999989,5.740000000002965,5.334999999999468,-1.1079999999992651,8.420999999998457,-3.3060000000006085,0.9169999999983248,30.90200000000003,1.4279999999985191,12.617999999999086,18.53400000000001,-10.147000000000617,13.920000000000243,2.85100000000007,-11.624000000000478,23.86500000000069,-29.046000000000305,-6.785999999999604,32.62500000000017,-22.5529999999992,-6.485000000000696,3.5760000000003345,-7.69600000000068,-1.5080000000004643,25.64700000000357,29.60799999999608,1.5599999999949432,2.060000000000173,5.248000000003117,1.8420000000006096,26.91099999999977,20.186999999999955,-1.436999999998534,23.88399999999997,-10.040000000000049,-4.206999999999539
-28.81499999999733,123.3710000000002,58.495999999991,-52.930000000003474,99.48400000000106,58.0449999999928,-41.00400000000377,67.97199999999748,17.224000000010165,91.66299999999978,133.93900000000372,-1.244999999994434,47.44099999999776,-9.98800000000415,-15.295999999989364,520.4529999999977,592.507999999998,-1.2020000000006803,299.8649999999998,507.3700000000031,-624.2129999999975,-68.1129999999996,52.92500000000047,21.056999999973414,-57.05800000000068,89.799,30.6880000000092,-41.649999999992815,148.62700000000046,37.60300000000143,18.37199999999939,26.29100000000335,-4.345999999998185,-25.684000000001102,5.789000000001465,-1.867000000004282,8.083999999999492,-2.435000000002674,-9.282999999993535,13.69299999999498,9.534000000002152,-10.279000000002725,19.83499999999765,28.01200000000108,-2.5539999999978136,2.5059999999996307,47.42999999999995,3.355999999996584,1.0680000000007794,4.73299999999881,3.425999999998908,6.6440000000000055,7.66599999999471,6.060999999999694,-14.868000000001302,4.890000000000327,2.340000000000231,-2.0289999999988595,28.201999999999927,1.4530000000036123,7.449000000000439,17.132000000000147,-4.178000000001703,6.325999999999965,2.755999999999758,-7.87099999999441,22.54999999999967,-29.30199999999985,-7.308999999997923,33.83499999999984,-24.2360000000005,-6.642999999999688,4.085999999999856,-8.536000000000143,-0.8549999999999613,23.491999999998825,34.653000000002976,-0.2560000000073614,0.8819999999985839,3.0300000000011096,0.245999999999924,22.226999999999464,27.231999999999346,-4.989499999999225,26.93000000000012,-10.360000000000014,-5.251999999998702
-29.01600000000144,130.83900000000028,59.97299999999086,-60.86999999999989,103.90299999999968,54.08899999999903,-45.32099999999559,71.44900000000405,18.73800000000756,94.22899999999572,138.95599999999604,-2.197000000001026,52.1710000000013,-16.81499999999687,-13.03699999998571,489.8430000000019,597.4190000000021,12.126999999998134,287.8240000000119,440.204,-661.126999999999,-72.69900000000007,54.03999999999982,27.100000000018557,-72.8240000000028,90.96199999999985,31.372000000010303,-53.38800000000674,90.34399999999962,20.922999999993408,24.66999999999757,26.54099999999744,-3.2900000000040563,-33.28699999999856,4.4619999999994775,-3.241000000002714,7.363999999999748,-11.227999999999838,-9.460999999998876,13.641000000001211,41.3819999999987,5.529999999998836,20.856000000000563,24.73099999999988,-0.7820000000037908,7.498999999998546,25.352000000000885,-3.502999999994927,4.58500000000015,7.388000000003103,6.131999999999493,9.581000000000016,5.701000000004797,6.513999999999953,16.85799999999631,5.153000000001384,-6.132000000000204,-7.450000000000045,24.784999999999968,4.723999999998796,3.262000000000853,9.863,-9.102999999993244,0.2680000000005123,1.829000000000036,-13.336000000003878,24.219999999999686,-31.654000000000337,-11.26999999999896,94.43100000000015,-12.99499999999938,-70.71400000000096,-4.666000000000281,-4.444999999999766,-1.595999999999265,30.822999999998046,32.71499999999605,2.899000000002161,2.711000000002173,7.462999999998487,3.0169999999998254,22.227000000000885,27.232000000000767,-4.989499999999225,29.74099999999993,-12.703999999999382,-8.77800000000093
-66.09499999999571,118.39800000000196,77.4900000000116,-70.70899999999938,116.42200000000004,54.78500000001532,-48.19700000000466,75.85999999999729,18.736999999987347,123.52300000000014,136.1539999999991,-27.27100000001883,59.56899999999905,-13.573999999999842,-17.676000000005843,457.3370000000011,597.0789999999965,17.889999999999873,269.5979999999963,377.5629999999978,-679.3210000000045,-81.13700000000108,57.49700000000004,28.404999999997926,-90.41199999999776,91.7810000000001,34.6559999999954,-73.48599999999124,146.89400000000035,26.654000000007727,29.04100000000085,32.54999999999768,-3.363000000001648,-35.291999999998325,3.262999999999749,-3.485000000000582,7.228000000000634,-10.616999999996324,-10.931000000005042,12.308000000001584,41.20599999999968,6.884999999999764,20.23000000000081,26.32899999999836,1.9929999999988013,13.95300000000077,24.963999999999945,-3.91800000000444,3.0579999999986285,-0.3080000000011296,6.531000000001086,8.406999999999698,7.101000000000113,5.407000000001005,-3.804999999999836,7.96799999999962,-3.996000000000066,-18.447000000000457,19.56700000000016,3.337999999996555,-4.443000000000552,10.016999999999854,-5.909000000008291,-2.9299999999999216,-1.6220000000000567,-7.85799999999881,20.662999999998988,-34.142999999999546,-11.76900000000387,-27.456000000000103,-49.86999999999995,57.4860000000001,-0.0219999999998776,-6.4109999999999445,-2.546000000000248,28.07000000000244,39.7700000000043,0.6439999999997781,-0.8360000000010359,6.069999999999709,1.0279999999994516,-167.7160000000001,-442.1459999999996,33.99599999999623,6.490000000000151,42.30599999999996,-31.609000000000265
-7.074000000000069,189.11999999999975,63.75800000000709,-74.98799999999619,121.3799999999992,63.09899999998834,-53.25599999998758,77.82800000000236,20.849999999995816,97.07300000000032,134.90900000000465,-18.99399999997513,60.39499999999976,-12.418000000002394,-18.29800000000432,428.0329999999992,575.018,17.798000000004777,241.6629999999941,326.5230000000031,-648.8650000000007,-89.6569999999997,61.9489999999999,28.797000000008666,-95.247999999998,82.52499999999986,29.650999999989835,-88.32999999999629,115.08399999999952,11.58499999999094,32.47700000000009,34.10900000000083,-1.6840000000001965,-39.302000000003545,-3.637000000000512,-2.3379999999974643,10.759000000000183,-18.500000000000227,-8.043999999995322,10.69699999999898,59.78100000000097,13.866999999993368,18.97899999999879,25.652999999999796,-1.4859999999998763,11.587000000000105,29.035999999999262,-3.686999999996488,4.576000000000136,4.352000000000089,4.040000000000532,-2.1019999999992933,35.73899999999526,12.846999999999298,0.1710000000059608,1.8319999999988568,-3.457999999999828,-28.50999999999999,15.620999999999974,3.138000000001284,-10.26199999999946,9.770000000000143,-5.107999999995627,-5.516000000000787,-5.421999999999727,-10.328000000004067,20.467000000000724,-34.5790000000008,-13.688999999996554,2.564999999999884,-53.40300000000013,15.68600000000231,-0.7290000000001129,-8.843999999999852,-8.715000000000117,26.888999999999896,33.9999999999975,2.584000000001652,3.412000000000148,5.683000000001925,1.9170000000002572,20.829999999999416,48.54600000000033,-4.669000000001233,27.98199999999973,-15.566000000000455,-8.997999999999706
3.4849999999892134,199.36199999999928,73.52300000000014,-83.6430000000064,128.30099999999902,48.2050000000072,-56.50900000001116,87.78099999999824,19.702000000006592,103.52500000000192,139.3669999999986,-36.96300000001429,63.1590000000017,-12.093999999996186,-21.27700000000914,380.13899999999694,507.52899999999954,2.92299999999841,225.6279999999947,289.3889999999999,-582.4700000000007,-95.05300000000148,73.32899999999967,31.71399999998812,-109.15900000000534,76.88400000000009,30.920000000014625,-107.75200000000495,84.42599999999985,15.497000000016214,36.90199999999777,34.08200000000079,-2.294999999992342,-45.66799999999773,-2.3809999999997444,-4.291000000000622,11.722999999999216,-18.80800000000136,-6.983000000002448,14.40099999999802,39.19999999999959,-3.203999999993812,21.882999999999697,27.735000000001264,2.453000000002703,15.099000000000729,26.80299999999818,-2.985000000001037,3.264999999998963,8.539000000001806,1.7399999999994975,17.079999999998563,-17.601999999999407,-1.492999999999256,-13.935000000003583,6.718000000000757,4.778000000000304,-33.835999999999444,11.01099999999997,3.601000000003296,-14.372000000000895,2.469999999999928,-10.099000000002434,-7.437999999999789,-2.631000000000228,-9.612999999995964,19.646000000000186,-42.74500000000003,-15.609000000003448,33.63900000000015,-31.86700000000116,-13.457000000002497,0.4040000000003374,-4.583999999999833,6.540999999999997,32.11299999999824,36.009999999998854,-0.4420000000038726,2.006000000000085,3.346999999999412,1.6540000000006216,16.043000000000518,37.44999999999976,-6.926999999996042,45.45300000000019,-54.72200000000029,9.825000000000728
-15.215999999986709,187.04699999999832,82.78799999998228,-86.91400000000158,135.8060000000023,70.28800000000501,-56.19599999999991,89.87099999999941,20.031999999991967,121.99999999999704,143.5769999999991,-49.02300000001105,79.60799999999892,-9.122000000002116,-22.41199999998571,362.74099999999976,506.58600000000433,-0.0120000000038089,219.8980000000006,267.92299999999614,-478.3329999999978,-96.314000000001,77.79700000000034,30.943999999999505,-115.22499999999808,66.21600000000001,32.177999999998974,-98.14400000000204,128.67800000000005,19.548999999983607,37.56400000000326,49.75900000000024,-4.876999999999043,-50.15300000000025,-2.4140000000002715,-3.008999999997286,9.429000000000087,-22.036000000002787,-6.53700000000299,12.994000000003323,58.548999999999296,5.993999999998323,19.720000000000937,28.070999999999916,0.2779999999972915,24.63199999999972,-3.8419999999973697,-10.030999999997904,3.4170000000017358,0.0909999999976207,6.537000000000148,-0.6469999999978882,32.29600000000232,13.862000000000307,11.086999999997715,0.7280000000008613,-10.24799999999999,-41.07400000000041,11.777000000000015,5.96299999999701,-23.813999999999425,-0.9370000000000543,-4.250999999999294,-11.652000000000127,-6.407999999999703,-8.487000000002354,20.29500000000013,-38.92899999999955,-17.24399999999946,68.18600000000004,-10.29399999999896,-40.59399999999869,0.7679999999997023,-2.3539999999997008,-0.7739999999998304,-26.778999999999087,44.89200000000437,10.60200000000009,0.7570000000015398,5.067999999999984,4.228999999999417,8.739500000000078,38.682500000000175,-2.179000000000997,28.063999999999822,1.1160000000003834,-18.06900000000269
-90.83200000000032,179.73300000000165,99.1570000000138,-83.50799999999481,150.11499999999955,83.5700000000088,-58.90099999999734,95.5990000000014,18.89600000001792,129.33300000000258,140.59100000000058,-54.38299999998435,86.22900000000016,-12.676999999996497,-24.41400000000158,323.2210000000009,406.3289999999995,-8.544999999992342,152.78900000000704,227.23399999999856,-484.9120000000085,-109.28000000000112,75.52800000000062,31.092000000012376,-106.11200000000169,96.307,36.55999999998585,-103.37600000000292,107.84700000000028,19.904000000008185,35.33299999999713,26.47400000000175,-2.7650000000107866,-67.08600000000047,19.83900000000034,11.974999999995362,11.826999999999543,-25.799999999998136,-5.7549999999992,14.096000000000686,33.65500000000168,-5.780000000004293,20.1279999999997,23.402999999999,1.9620000000031723,13.89599999999973,20.075999999997407,-4.852000000005319,-14.824000000001549,-139.8489999999981,84.33300000000088,18.44699999999761,-25.07299999999759,-0.2030000000004861,-1.5779999999949723,11.053000000001134,1.3779999999997017,-54.79699999999923,6.0880000000000045,2.6120000000105392,-29.13600000000045,-2.0769999999998845,-6.949000000003025,-18.21199999999976,-9.295000000000186,-10.432999999994763,19.195999999999454,-38.917,-20.974999999998545,36.33899999999954,-37.48000000000076,-21.00499999999954,-4.942999999999742,-1.4910000000007528,-1.7050000000004673,31.592000000000557,41.47299999999632,-2.445000000000164,1.4070000000003802,2.533999999999992,-0.1429999999999154,8.739500000000078,38.682500000000175,-2.179000000000997,25.248000000000204,-15.086000000000157,-11.648999999997043
-22.327000000007047,234.1129999999993,90.22299999999176,-93.47500000000082,151.37399999999843,76.43999999997959,-61.09399999999141,96.63099999999928,17.065999999999804,135.07999999999925,142.48999999999796,-53.86900000000878,88.47800000000063,-14.2120000000034,-21.94799999999759,306.0670000000073,385.8799999999974,-2.2760000000062064,135.36400000000413,198.6880000000042,-427.0449999999983,-121.963999999997,96.07899999999958,48.87699999999313,-117.43499999999472,45.88999999999999,24.450999999999112,-110.44899999999416,73.97199999999984,20.4340000000002,48.84000000000128,51.79200000000037,-6.200999999998658,-62.65699999999868,-6.70599999999979,-5.913999999995667,10.223000000000582,-23.784999999998035,-9.228999999993448,4.427999999995791,61.296999999999,1.530999999999949,17.14900000000057,24.341000000001145,-1.213999999998805,9.919999999999618,20.400000000000773,-4.659999999995534,5.416999999999916,5.486999999999398,1.5219999999985134,0.1840000000015607,35.76999999999657,11.468999999999596,-1.870000000002392,3.51699999999937,-4.3669999999998765,-56.48800000000165,9.970000000000034,6.5249999999991815,-38.9959999999995,-7.579000000000136,-7.504000000000133,-26.3539999999999,-10.438000000000258,-12.049000000001795,18.795000000000076,-41.28499999999988,-20.74399999999912,33.288000000000295,-34.26299999999998,-21.61600000000305,-5.127000000000237,-1.0549999999994952,-0.0789999999994961,31.228999999996176,41.02800000000002,-7.759999999996125,3.8239999999973406,5.143999999998528,2.2589999999993893,2.765999999999736,37.075999999999,-3.237999999993235,24.22599999999981,-7.700999999999425,-14.03500000000122
-64.11099999999124,222.18600000000208,118.10300000001916,-100.64700000000356,157.68600000000106,84.83900000001086,-61.25800000000936,95.38400000000138,17.235999999979867,138.8430000000028,143.0749999999989,-46.25300000000152,80.7709999999986,-23.068000000000666,-9.778000000005704,289.9139999999932,370.9929999999986,6.286000000000058,98.5469999999964,152.1819999999991,-412.5179999999887,-102.17000000000098,81.66200000000003,21.06899999998859,-117.93200000000184,107.04899999999996,33.752000000004045,-99.21800000000758,125.00200000000028,33.954000000005635,46.51799999999753,52.60599999999727,-8.282999999994445,-74.81000000000222,-6.072000000000344,-5.0420000000031,24.40299999999951,-27.19200000000228,-9.497000000010305,10.331000000002176,56.77799999999991,3.870000000006257,18.34100000000092,24.188000000000898,-3.1010000000037508,4.58200000000204,41.06600000000071,-0.4819999999995161,2.899000000002161,1.2909999999976662,1.2300000000010414,15.036000000000628,-25.97399999999652,-2.1500000000003183,-12.619000000000824,-1.3620000000003074,4.164000000000101,-165.8299999999997,-24.020000000000064,-50.20200000000159,-42.37600000000015,-16.809999999999903,-11.312999999995554,-31.58900000000031,-16.855999999999938,-10.812000000004218,18.34400000000045,-45.300000000000296,-25.73700000000088,35.03400000000028,-40.89199999999949,-22.07599999999843,-4.608999999999952,-7.513000000000147,-1.3200000000004763,30.00500000000557,30.795000000000528,1.8669999999985976,1.3550000000009277,4.576000000000136,-1.573999999999387,94.63599999999984,465.00800000000027,19.20366666666382,23.94800000000004,-19.980999999999938,-8.030999999999722
-27.22800000000234,244.5179999999965,88.93999999997959,-111.11499999999523,164.70999999999947,77.69799999998668,-67.2999999999945,101.98199999999817,18.616000000019994,135.46499999999924,139.8900000000026,-34.14299999999457,110.8030000000042,-5.984999999998308,-27.135999999995875,259.1740000000016,286.0840000000053,9.528000000000247,65.67400000000134,108.24200000000133,-402.16700000000856,-107.78799999999931,86.38699999999915,12.768000000005486,-116.42799999999056,61.60900000000007,15.881000000013046,-109.93700000000216,112.30599999999988,30.3890000000024,58.53300000000559,61.21500000000424,-8.35500000000593,-69.67300000000023,-4.0489999999991255,-6.128000000001066,18.65800000000064,-34.453999999999496,-6.481999999994059,7.623000000000957,58.005,-4.210999999997966,12.971999999999184,22.33599999999853,-3.2559999999989486,10.261999999997329,17.47100000000046,-3.149999999999409,2.284000000000219,12.936000000001968,-0.4509999999996239,9.313000000000216,7.809999999994943,3.27699999999993,11.858999999998332,9.470999999999208,-12.250999999999834,37.0490000000018,52.60800000000003,61.51799999998957,-52.47099999999989,-18.807999999999936,-8.07500000000232,-36.8629999999996,-17.573999999999756,-6.806000000000267,18.07900000000018,-50.32999999999959,-26.17700000000127,31.020999999999788,-40.65700000000021,-21.813000000000216,-8.57600000000005,-2.640000000000242,1.9989999999999952,81.13099999999918,33.45699999999852,-11.624000000000478,0.218000000000984,1.285000000001446,4.171999999999798,94.63599999999845,465.0079999999995,19.203666666658137,22.588000000000008,-14.62099999999964,-9.639000000001374
-68.16400000000158,245.6970000000041,119.1530000000057,-111.07200000000148,171.9459999999998,97.8510000000142,-42.191000000008216,88.82000000000119,11.009999999987484,132.02499999999873,145.73899999999753,-29.223000000001772,88.07799999999588,2.346999999997479,-10.950000000002548,260.18000000000256,319.9860000000001,23.35199999999986,51.82499999999664,79.27299999999491,-393.9269999999965,-104.57999999999856,88.00900000000027,5.030000000010659,-123.16600000000903,126.65499999999996,24.63399999999183,-105.25499999999964,63.36700000000022,11.193999999989046,61.68199999999615,62.70799999999781,-6.530999999995402,-79.49999999999875,-7.841000000001941,-3.459999999995489,21.68599999999969,-32.88000000000011,-7.513000000005832,11.770000000001346,38.722000000001344,-13.90400000000227,16.50199999999984,18.56999999999971,-0.5580000000009022,4.636000000002127,19.5920000000001,-2.932000000004109,4.719999999997526,12.459999999998672,-1.140000000000896,4.292999999998415,7.416000000000622,7.985000000000753,-14.065999999996848,-0.1209999999986166,6.58600000000007,-68.50600000000213,24.337999999999926,30.670000000009168,-63.47000000000023,-18.57200000000017,-4.547000000002299,-39.480999999999966,-25.090000000000146,-7.1189999999944575,11.699000000000126,-51.95700000000016,-22.24899999999934,1.6320000000000334,-68.59000000000037,-0.795999999999708,-12.73300000000006,-0.0389999999995893,-2.9039999999994848,26.391000000000982,34.756000000004406,-0.2200000000016189,0.435999999999126,6.037999999998078,-2.3070000000004143,94.63599999999984,465.00800000000027,19.203666666669506,6.99600000000018,30.11499999999998,-32.68099999999947
-66.1010000000033,267.8399999999982,115.08800000001428,-119.81799999999794,184.07000000000264,92.76099999997314,-100.60699999999656,107.92999999999893,36.5729999999985,121.26700000000028,145.40400000000204,-21.64299999999457,83.90400000000113,3.4150000000011005,-5.115000000000691,255.4079999999999,231.2129999999968,37.26199999999835,33.99100000000317,59.49700000000462,-371.2769999999864,-104.66600000000312,88.66000000000014,-0.9649999999965077,-126.20800000000258,64.47099999999999,1.8679999999903885,-106.65899999999056,143.16199999999986,16.51600000001281,65.3410000000008,73.67800000000102,-7.398000000000593,-80.52800000000104,-6.075999999998771,-9.68000000000302,25.86299999999966,-35.42699999999854,-4.168999999990319,-0.372000000004391,77.02099999999916,5.541999999991276,4.74399999999946,19.735000000000014,-2.697999999992362,8.42399999999941,19.834000000000174,-1.8339999999966492,2.668000000002735,-3.087999999996782,9.92299999999915,6.3600000000008095,5.2120000000002165,3.981999999999175,9.994999999997844,2.8169999999988704,-11.518000000000228,-90.713999999997,4.67499999999994,-19.94000000000824,-72.81600000000026,-36.53399999999998,-3.7350000000003543,-57.60100000000037,-30.724000000000014,-1.862000000005537,11.186999999999614,-48.085999999999984,-26.41399999999976,30.51900000000032,-46.13499999999959,-26.18500000000097,-10.945999999999856,-3.4940000000005966,5.598999999999421,19.372999999995955,38.808999999997695,-3.5730000000000928,-0.00299999999811,3.0420000000020764,1.90900000000056,-34.340999999997734,-2.2029999999993777,7.345000000003665,18.056999999999945,-17.271000000000925,-8.32200000000114
-82.00100000000248,297.8960000000001,129.05299999999897,-133.6059999999975,188.424999999998,104.79800000002795,-79.8339999999996,92.13600000000211,23.82800000000316,111.13300000000096,152.29199999999992,-14.649000000008527,76.89300000000117,9.820999999999458,3.576999999995678,279.15399999999977,244.74799999999848,68.4690000000046,64.5689999999945,21.89599999999814,-318.7680000000114,-98.36799999999926,82.99599999999998,-16.61300000000665,-124.50900000000048,121.992,9.998000000018692,-116.10699999999952,100.1570000000001,2.899999999999636,70.97499999999854,74.31699999999637,-3.033000000004904,-75.5359999999996,12.783999999999196,0.0970000000052095,14.3810000000002,-36.59700000000044,2.813999999989392,3.6710000000027776,58.35799999999836,-0.3049999999916508,3.493000000000279,19.808000000000447,-2.301000000005615,1.7709999999993895,20.058999999997692,-0.0679999999988467,2.3430000000018936,2.2950000000037107,3.817000000000803,14.732999999998242,14.777000000003682,6.086000000000524,-2.071999999998297,3.9420000000006894,-2.546999999999855,-94.66200000000242,11.914000000000158,2.0320000000083382,-79.81499999999997,-37.58999999999997,-4.305999999996857,-54.58999999999996,-34.754999999999825,-4.998999999997977,9.841999999999018,-55.90400000000031,-27.89500000000089,33.61799999999988,-52.50599999999963,-25.81899999999848,-15.072999999999936,-3.097999999999246,1.8350000000005195,21.35900000000106,35.07099999999923,-3.768999999999778,1.1189999999970723,5.19599999999798,2.476000000000056,-16.649000000001024,-410.540000000001,-156.25599999999622,34.85300000000002,-45.47899999999956,1.781000000002564
-56.87299999999596,316.4960000000008,125.86599999999636,-145.99600000000237,190.52599999999984,106.87199999999848,-85.62300000000391,91.01999999999748,28.527999999982967,111.32200000000124,149.28600000000074,-7.421999999996842,75.3389999999996,13.31700000000069,2.502000000004045,303.55500000000006,280.26399999999967,84.31400000000622,67.77900000000727,6.387999999998328,-309.85699999998815,-113.9129999999966,95.07400000000032,10.72999999998956,-130.50199999999563,60.84499999999999,-6.409000000007836,-108.03900000000796,169.9629999999999,6.120999999996002,43.1790000000035,17.894999999998618,-11.046999999996387,-82.9340000000002,-12.46799999999979,-5.041000000005624,27.56700000000052,-32.550000000003365,1.056000000005497,-2.2089999999991505,63.03500000000213,-11.481000000003403,-0.4529999999988376,12.439000000000531,-3.606999999999516,6.109000000000719,13.884000000001606,-4.910000000000991,2.27899999999579,4.738999999995031,1.1359999999996262,1.2920000000008258,5.907999999999447,3.902999999999679,-14.203000000003383,6.755999999998608,7.490999999999559,-113.10200000000066,12.970999999999844,1.2639999999919382,-81.99100000000001,-37.525999999999904,-6.510000000002947,-63.98200000000003,-35.948000000000135,-1.4430000000004384,10.166000000000963,-53.06699999999936,-30.61299999999676,28.799000000000063,-46.11500000000035,-29.62200000000053,-13.711999999999946,-6.7149999999998045,0.4240000000002908,16.460999999998194,23.27300000000037,5.004999999999882,0.651000000002,1.067000000000462,0.180000000000291,-50.78399999999874,-32.27099999999936,1.8619999999941683,16.037999999999997,-10.63700000000054,-14.488000000000056
-86.4620000000059,332.53699999999924,145.84999999999582,-162.71300000000792,194.3489999999997,117.61500000000068,-94.14699999999812,84.72500000000025,32.65400000002501,120.739999999995,149.14299999999798,-1.1839999999892823,106.37099999999862,21.63100000000213,-27.55099999999402,289.5839999999964,216.73300000000492,84.22899999999345,32.696999999996024,46.80400000000304,-266.92500000000337,-104.89499999999909,95.12900000000002,-0.1219999999875653,-129.53200000000038,86.792,3.2960000000002765,-119.63499999999384,125.3499999999999,0.3540000000043619,78.09199999999805,102.16400000000476,1.7879999999991014,-78.4639999999996,5.214000000000851,0.940000000002783,28.88399999999933,-28.29600000000028,2.868000000000848,2.605999999997266,61.86899999999866,-2.404999999998836,-0.9330000000005612,9.979999999998768,7.721000000009326,4.007999999998901,15.001000000000886,-1.0860000000036507,0.1530000000002473,5.477999999999383,3.041000000000338,-8.403999999998746,-30.670000000003483,14.401000000000865,14.01000000000181,-2.8349999999988995,-10.047999999999746,-107.22499999999968,9.656000000000107,-3.1929999999988468,-91.4919999999995,-54.64600000000015,-4.762999999996964,-60.26600000000002,-30.042999999999864,0.1650000000040563,10.10299999999944,-54.63500000000039,-30.733000000000743,24.824999999999875,-46.849000000000274,-31.73500000000047,-14.742999999999997,-0.1680000000007453,2.098999999999762,13.217000000003054,35.43400000000361,-2.944999999999709,-0.0320000000016307,7.7920000000005984,2.7180000000001314,-36.02300000000014,-17.07800000000006,6.311000000010836,15.671999999999995,-7.147999999999399,-13.01300000000083
-137.43299999999863,335.2339999999998,161.1810000000105,-177.23999999999478,196.9390000000004,121.32599999999913,-101.17500000000064,76.24500000000012,34.91199999998571,104.02800000000524,174.054000000001,9.045999999989364,78.05500000000336,14.681999999999109,-6.055000000014843,284.5669999999984,188.2659999999987,74.04699999999593,137.1819999999957,28.811999999999216,-137.06100000001695,-108.94100000000437,93.0189999999996,6.310999999982414,-122.73000000000138,89.914,5.748999999991611,-90.88100000000168,180.14500000000027,17.394999999999072,66.78100000000313,92.6089999999988,4.619999999999891,-70.9760000000017,23.696999999999942,5.846999999994296,26.341000000000747,-26.62100000000009,3.5340000000019245,-8.425999999997202,85.87699999999927,4.151000000001659,-0.3489999999999327,16.29700000000014,-6.827000000009775,-1.7759999999981346,11.812999999997942,3.961000000003878,1.9120000000015125,1.1140000000011696,5.028000000000077,15.71299999999951,36.78899999999885,-6.177000000000987,-13.79400000000146,4.267999999999006,7.553000000000054,-98.9450000000005,18.18800000000005,7.8190000000063264,-87.40400000000008,-53.707,-0.925000000000864,-63.43299999999985,-40.20600000000005,1.9829999999956271,5.670000000000641,-57.4460000000002,-28.6500000000018,59.31100000000029,-32.14299999999923,-55.41199999999833,-15.66200000000002,-4.073999999999955,1.2219999999999231,13.486000000000333,20.32799999999497,-1.855999999997948,-0.5629999999996471,-1.678000000001134,2.6569999999992437,-72.66000000000048,387.70200000000017,163.59199999999987,15.82100000000004,-10.379999999999969,-14.618000000000109
-93.03599999999506,366.5070000000014,156.6169999999829,-182.82500000000252,198.2820000000004,135.64399999997931,-70.38499999999885,45.643000000001166,19.9579999999969,107.50500000000328,169.34499999999844,12.24299999998948,85.58500000000038,14.411000000001197,-7.726999999999862,292.261000000002,152.96299999999974,66.6810000000055,39.00200000000496,59.36299999999619,-194.98299999999065,-110.4159999999979,94.26899999999988,11.108000000012908,-127.188000000001,95.315,12.451000000010026,-114.85000000000127,132.37699999999995,13.647999999989224,65.426999999994,87.59400000000142,4.827999999997701,-78.84099999999705,-8.388999999999669,-0.8549999999900137,22.625999999999635,-19.38099999999849,2.2039999999947213,-1.1810000000025411,38.46100000000092,-16.73000000000684,-3.7149999999996903,9.483000000000176,2.6090000000010605,4.129999999997835,7.826000000000022,-2.7410000000031687,-1.2380000000007385,4.6449999999993,2.7510000000006585,2.544000000000324,3.982000000002017,6.629000000000929,10.773000000000366,0.7660000000015543,-11.71500000000023,-108.42499999999971,5.128999999999895,4.027999999993881,-95.317,-50.05999999999986,-5.810999999994237,-72.76999999999987,-48.07400000000008,-1.956000000001268,7.128000000000156,-55.04099999999994,-30.913000000001038,22.88999999999959,-48.57400000000069,-30.59599999999989,-13.555000000000206,0.4429999999999268,4.81099999999941,9.350999999998066,22.900000000004184,0.6140000000016244,1.86000000000206,3.5020000000002938,1.4809999999997103,-21.45100000000042,-437.4510000000001,-147.9700000000037,12.85199999999982,-13.751000000000602,-16.796999999999684
-152.76499999999942,395.07299999999645,181.14000000000487,-192.7979999999934,197.64699999999775,156.07900000002246,-97.38799999999516,59.20700000000068,47.03400000000784,108.04699999999345,164.15100000000393,14.856000000008862,81.77599999999643,15.863000000001648,-10.619999999994434,255.24899999999772,151.36699999999905,65.96100000000433,111.06599999999388,63.38800000000333,-104.68700000001265,-113.23899999999868,99.13900000000028,13.634999999999309,-131.76599999999894,102.525,20.008000000007087,-89.34299999999666,183.4859999999999,29.419000000007145,56.839000000002216,83.05100000000039,2.1240000000034343,-67.79800000000193,-13.862000000001728,3.2600000000002183,20.559000000000083,-18.63999999999919,2.472000000000208,-1.5608181818208775,49.82727272727345,-12.657636363633172,-2.1000000000015007,5.631999999999948,-0.3840000000025156,-0.8859999999998536,14.039999999999964,2.706999999998061,2.347000000000321,4.045999999999594,2.4849999999986494,-6.34200000000078,-6.993999999997413,6.810999999999012,2.7989999999988413,1.4780000000001792,-0.4809999999999093,-110.10399999999834,8.664000000000005,6.9090000000073815,-101.22,-67.96199999999999,0.7079999999973552,-68.37499999999999,-50.434999999999874,-2.114999999997736,5.254000000000758,-56.72999999999959,-28.62099999999828,-11.354000000000042,-71.79199999999923,-7.065000000000055,-19.7379999999999,-8.137999999999579,3.7400000000005207,7.571000000001504,21.468999999996186,1.393999999999096,-0.5220000000036862,1.9270000000005891,6.109000000000719,-57.50500000000045,-42.09300000000056,1.3979999999946813,8.936000000000277,-11.906999999999355,-13.11900000000037
-156.59799999999677,400.79500000000223,179.19899999999416,-209.1549999999984,195.93200000000195,152.01499999998305,-111.31300000000692,40.155999999998926,52.502000000004045,103.76600000000168,153.82099999999923,14.12399999999252,80.9330000000017,11.687999999998056,-9.924000000000888,245.14200000000412,139.17599999999766,62.27999999999838,72.71100000000388,64.08099999999877,-119.19599999998808,-106.36900000000082,94.88600000000034,23.58400000000529,-147.55800000000363,111.16299999999998,19.06699999999546,-89.77100000000746,158.14200000000014,35.138000000006286,56.69800000000009,78.51799999999685,-0.2619999999978972,-71.92599999999914,3.404000000000451,3.197999999997592,22.155999999999665,-15.994999999998072,3.649000000007163,-1.5608181818151934,49.82727272727061,-12.657636363633172,-11.252999999999249,10.45699999999954,-0.7540000000005875,-5.5799999999976535,8.084000000002334,0.8000000000038199,-2.438000000000784,-0.4239999999981592,4.905000000000825,-1.033999999998514,6.036000000000286,1.7050000000011778,-0.387999999998101,5.035999999998353,1.6269999999998674,-109.19900000000098,3.977000000000075,-0.4390000000057625,-90.69399999999987,-59.00900000000018,-5.957000000000789,-71.37700000000002,-43.84500000000013,4.5050000000003365,3.221999999999525,-52.02500000000043,-30.00900000000115,26.53800000000004,-49.21800000000047,-31.97399999999959,-18.490999999999858,3.3289999999993825,3.417999999999921,2.7769999999975425,22.46700000000033,2.02099999999632,0.557000000003427,-0.0020000000006348,-0.7900000000006457,-49.66799999999978,-31.14699999999928,9.444999999999482,11.580999999999976,-20.682000000000045,-11.471000000000233
-197.0450000000028,409.67799999999954,183.8619999999992,-223.89500000000453,214.93099999999856,176.6110000000026,-107.6719999999966,32.12800000000016,60.80300000000989,97.6130000000012,144.3809999999985,12.463000000025204,73.0039999999974,12.62800000000084,-6.530999999995402,233.23000000000889,131.94900000000302,63.47700000000032,-21.142999999995027,3.0520000000024083,-223.1809999999996,-125.44500000000198,63.87099999999961,27.68599999999424,-161.21499999999855,123.904,19.05500000000302,-76.9649999999956,161.62500000000009,52.08099999998694,56.13799999999856,77.53000000000156,0.0059999999962201,-64.7909999999996,6.419000000001063,3.1740000000013424,21.412999999999727,-13.40600000000336,1.135999999996784,-1.5608181818208775,49.82727272727345,-12.657636363644542,-6.519000000000119,7.7160000000020545,0.6930000000068048,0.4449999999991405,8.176999999997747,4.381999999998243,-0.3619999999983747,2.871999999996433,5.35199999999918,-1.992000000001326,5.104999999997517,6.368999999999403,1.1689999999987322,0.4820000000023583,-3.3579999999993504,-101.37400000000127,7.358999999999938,-0.0790000000051804,-92.42100000000022,-62.22599999999989,-1.870000000002392,-72.15200000000017,-45.86899999999989,2.069000000000188,3.8919999999990296,-54.7709999999995,-28.306999999998084,84.81799999999993,-32.17499999999944,-88.75900000000172,-20.071000000000083,-3.465999999999525,3.7300000000001887,3.5799999999994725,19.637999999997646,-0.3940000000000054,-0.9410000000002584,6.002999999995495,2.2060000000010405,-57.62400000000128,-50.78200000000095,0.4999999999995452,7.350999999999885,-8.875000000000455,-11.395000000000266
-144.14699999999812,428.8790000000006,196.58200000001216,-223.5660000000053,185.84100000000203,175.2070000000003,-117.3249999999996,18.684999999999263,61.27999999998792,94.72999999999844,137.55800000000136,12.377999999989695,85.79800000000262,14.947999999998274,-18.859999999995125,216.64799999999215,124.12400000000048,62.21899999999323,175.08599999999888,93.34699999999998,26.91699999999173,-122.76299999999765,80.98700000000036,31.71399999998812,-178.0460000000005,136.92199999999994,24.828999999999724,-70.89799999999968,161.82999999999996,59.88199999999324,54.79100000000017,74.703999999997,-2.8199999999969805,-67.10799999999892,9.618000000000391,4.735999999991236,20.676000000000272,-14.40099999999802,1.9040000000018156,-1.5608181818151934,49.82727272727345,-12.657636363633172,-8.804000000000656,11.202000000000112,-1.740000000006603,-2.734000000000947,9.02900000000102,-2.382999999997537,-3.209000000001083,9.137000000004036,0.512000000000512,-1.2309999999985166,3.3360000000016043,1.9400000000004525,-14.727999999996657,0.9319999999974016,8.327999999999491,-100.71999999999832,-0.0350000000000072,-1.1969999999905667,-81.16199999999978,-59.18799999999997,-5.207000000001472,-64.09200000000013,-47.97799999999999,2.510999999998376,5.355000000000132,-50.90300000000028,-27.65900000000272,20.929999999999893,-44.50700000000012,-32.37900000000025,-15.507000000000204,-3.840000000000288,2.601999999999549,-1.6389999999944391,9.323000000006232,2.5270000000034543,-1.6630000000020573,7.833000000005086,-1.0970000000000368,-228.0039999999985,-498.3219999999996,50.2839999999992,7.764999999999844,-29.91700000000037,-11.627999999998906
-208.81400000000667,449.59599999999966,211.73099999998607,-246.54600000000076,167.53999999999962,138.41600000000653,-109.91800000000468,7.4780000000004065,65.7470000000103,42.67300000000205,143.59799999999723,-20.7149999999956,54.110000000000014,7.042999999998756,5.871999999999389,202.88699999999835,126.9679999999994,58.74000000000024,-61.07200000000148,-51.63000000000011,-254.01599999999007,-125.88200000000144,77.4879999999996,40.08800000001429,-196.727999999996,154.15300000000008,22.59599999999864,-62.57400000000644,151.44000000000003,86.59599999999728,61.83100000000081,78.38500000000295,-1.6970000000014809,-60.10300000000086,29.221999999998616,8.124000000009346,62.63100000000037,-6.319999999999482,2.9719999999997526,-1.5608181818208775,49.82727272727061,-12.657636363633172,-7.308000000000447,6.243999999998096,2.4540000000001783,7.15900000000147,-21.100000000001277,-2.994000000001052,-1.2100000000003774,1.0499999999979082,3.771000000000413,-1.1870000000016034,3.6130000000014206,4.142000000000223,13.056000000000267,4.920000000001323,-10.20899999999969,-101.61700000000168,-5.65199999999999,-2.581000000009226,-73.31100000000035,-57.566999999999965,-10.262999999997646,-55.57599999999994,20.29999999999994,21.012000000001763,8.77399999999966,-52.33500000000007,-25.197000000000003,28.1959999999998,-43.437000000000126,-30.49699999999973,-11.245999999999867,-0.0569999999996184,2.434000000000225,-0.8700000000033015,26.53499999999553,-3.482000000002472,1.741000000001236,1.310000000000855,3.95899999999898,-45.59500000000014,-22.138999999999957,2.501999999998361,14.74800000000016,4.936000000000007,-10.56999999999988
-273.2779999999934,474.9740000000003,224.2310000000089,-246.64900000000216,197.04599999999743,213.7079999999969,-118.47499999999512,-5.65599999999904,65.05099999999402,76.15600000000313,123.669000000001,5.602999999996428,61.702999999999975,9.829999999999472,-7.65400000000227,189.1480000000001,123.1899999999996,54.340000000001965,65.03299999999399,10.906999999997424,-97.70600000000512,-134.34200000000374,81.62599999999998,38.78099999999449,-220.65500000000495,170.77500000000006,22.618999999986045,-60.16799999999876,118.66199999999978,101.61800000000768,58.32000000000335,82.96799999999962,-5.358999999998559,-60.64599999999984,6.570000000000675,7.898000000000138,29.92399999999975,-10.266999999998916,3.796999999997297,-1.5608181818151934,49.82727272727345,-12.657636363633172,-13.765999999998256,7.26099999999974,0.1579999999989922,-3.558000000001016,6.154000000000792,4.345999999998185,-2.133000000000606,-2.082000000001472,4.720999999999265,-2.9760000000010223,4.7819999999944685,4.449999999999932,-0.729999999998654,-7.393000000001848,-4.019000000000261,-92.7599999999984,-3.730999999999973,2.142000000003464,-70.27399999999986,-54.03700000000002,-2.7519999999981337,-55.24500000000003,-43.093,0.6100000000003547,3.766000000000247,-44.89799999999988,-26.870999999999867,22.765000000000413,-44.11500000000075,-24.50100000000077,-14.584999999999935,-7.169999999999988,4.314000000000107,-2.037999999998874,6.376000000000204,4.077000000000908,-2.0080000000007203,2.216999999998848,-0.7129999999989423,-46.57600000000031,-18.444999999999823,3.6560000000008586,9.62600000000009,-14.555000000000009,-5.445000000000277
-248.7610000000018,474.9269999999996,225.41499999999812,-256.2189999999873,167.74500000000216,180.2009999999882,-115.1800000000037,-10.491000000001804,69.00599999999031,70.25799999999549,116.63800000000036,5.748999999991611,59.26399999999887,8.45600000000104,-6.140000000004875,178.04800000000114,126.61200000000008,54.01000000000522,75.53100000001223,8.45300000000293,-87.16399999999567,-135.66899999999578,75.57199999999966,47.55900000000111,-255.9569999999951,184.49199999999985,18.36000000000695,-63.817999999992026,176.2970000000001,129.72400000001016,65.75599999999895,82.99199999999587,-1.3670000000047366,-60.66900000000146,-18.555000000000632,2.910999999994601,-4.50699999999955,-11.263999999999896,2.075000000002092,-1.5608181818208775,49.827272727276295,-12.657636363633172,-10.822999999999183,0.2219999999994115,-3.92400000000066,-8.52299999999957,2.7309999999999945,3.778000000005477,14.941000000001736,131.00900000000024,-69.73299999999938,-2.7279999999990423,3.01300000000424,1.9509999999996808,-12.319999999999707,6.696999999999775,11.773999999999774,-86.21200000000044,-1.8030000000000437,0.9950000000003456,-166.0589999999999,-86.87000000000005,22.67999999999688,-53.449999999999775,-46.09799999999993,4.867999999999029,7.7110000000004675,-43.20100000000053,-21.155999999999157,27.04999999999984,-38.933999999999,-27.80699999999854,-11.669000000000196,-1.91599999999994,2.834000000000003,-4.355000000003884,13.335999999998194,-4.971000000000458,-2.176000000000045,5.09399999999971,2.316999999999325,-5.29200000000003,447.7580000000003,8.944999999999936,11.8509999999997,-10.079999999999956,-7.977000000001055
-269.90999999999303,481.7530000000005,231.1770000000024,-261.32200000000694,163.48900000000128,185.65600000001723,-115.87200000000166,-26.94799999999873,66.11400000001595,71.11499999999751,120.13299999999845,5.823000000009415,57.69799999999918,6.7780000000027485,-6.628000000000611,168.88500000000022,121.55999999999948,47.71699999998873,66.41799999999876,14.111999999994396,-75.29299999998784,-144.9889999999982,75.80700000000036,54.49200000000474,-276.5320000000031,191.3390000000001,16.333000000008724,-43.43900000000076,119.18499999999987,149.5969999999943,65.45399999999972,83.81700000000478,-3.0389999999897555,-57.93599999999799,10.699000000001035,7.947000000001481,73.1740000000002,-4.287000000005037,8.056999999996606,-1.5608181818208775,49.82727272727345,-12.657636363633172,-9.069000000002347,2.595000000002301,-2.9179999999996653,-3.17100000000039,4.141000000001327,3.6439999999970496,-0.4620000000016944,-0.0209999999981391,5.53899999999885,-3.804999999999836,2.367999999995618,4.180999999999813,14.678999999995312,3.575000000000728,-6.5579999999997085,-74.68100000000106,3.990000000000027,3.2159999999976208,-75.0630000000001,-58.413,1.2389999999982138,-58.36400000000026,-40.09400000000003,4.305999999996857,8.100000000000307,-47.14799999999926,-23.11699999999917,27.191000000000543,-33.87600000000077,-23.86999999999944,-12.043999999999857,0.5789999999997519,-0.2580000000001803,-4.7359999999969205,2.688000000006241,3.8360000000011496,0.8330000000000837,0.5380000000002383,3.153000000000361,-34.73999999999933,-29.12700000000044,8.36800000000153,14.763000000000304,-10.379999999999969,-8.337999999999113
-284.44200000000137,483.8639999999998,233.25199999999316,-264.1849999999977,156.3379999999995,184.7539999999981,-110.04599999999982,-32.177999999998974,67.6759999999831,65.39900000000216,126.696000000004,7.275000000004184,54.413999999999874,5.93600000000265,-11.230999999997948,152.8560000000084,123.2180000000028,43.79900000001271,211.12099999999143,60.29300000000717,23.30299999998715,-149.10200000000486,74.86700000000042,62.03599999998914,-303.5799999999995,189.94199999999972,16.368999999986045,-55.38999999999987,126.09200000000004,180.82899999999427,67.46200000000044,89.96300000000019,1.482999999996082,-58.89600000000144,33.20599999999985,13.354000000003907,36.29399999999947,-3.716999999994641,4.889000000002852,-1.5608181818151934,49.82727272727061,-12.657636363644542,-10.75699999999813,1.2209999999981846,-1.5379999999993288,-5.0829999999990605,-1.4080000000006976,5.547999999998865,-2.9110000000002856,2.0449999999982538,3.5160000000018954,-3.066000000001168,4.016000000001441,2.361999999999398,-14.483000000001311,-1.4250000000004093,3.813999999999851,-71.4979999999997,3.674,6.379000000003998,-72.83600000000021,-57.75399999999999,-1.7269999999996344,-48.49099999999993,-54.53500000000009,2.673000000004322,13.61699999999928,-46.04500000000016,-22.05700000000093,28.528999999999627,-40.4759999999996,-23.550000000000185,-9.797000000000011,-5.940000000000367,3.734000000000037,-4.673000000002503,6.5249999999991815,-0.0670000000013715,0.7609999999999673,0.2810000000010859,1.2320000000002551,3.5319999999998686,-205.8010000000003,-34.85699999999952,12.938999999999725,-15.006999999999238,-5.030000000000712
-307.2390000000041,490.7020000000003,236.35300000000825,-267.8769999999986,149.4100000000003,186.77999999999884,-106.75999999999704,-34.69800000000021,67.76100000001861,56.060999999999694,118.38099999998803,9.863999999993212,50.360000000003424,6.25,-7.544000000007145,137.07899999998858,115.13099999999667,37.5,48.82199999999557,12.444999999996751,-70.9769999999935,-156.22899999999618,76.50799999999975,69.49500000000626,-342.0529999999985,204.5580000000001,13.379000000009,-59.9360000000047,99.5309999999999,211.71900000000505,66.52799999999957,88.6099999999999,-1.850000000001728,-56.86000000000036,12.845000000000084,9.27199999999857,36.14600000000081,-3.363000000001648,5.797999999992953,-1.5608181818151934,49.82727272726777,-12.657636363633172,-15.904000000000453,-0.463999999999487,-0.7169999999916854,-6.898000000001048,1.7040000000008604,3.685999999999012,-0.2759999999994988,5.630000000002156,-1.1570000000006075,0.4170000000016216,-1.9409999999993488,5.094000000001131,-1.315999999997075,1.6110000000026048,-1.6559999999998354,-83.37799999999902,0.3319999999999545,-2.20400000000609,-67.65299999999996,-52.643,0.7420000000024629,-56.01099999999981,-105.87799999999989,-11.87800000000152,10.189000000000448,-37.19600000000014,-18.656999999998902,26.718999999999937,-36.95799999999991,-24.249000000000365,-9.480999999999897,-5.863999999999692,-0.0190000000003465,-7.488999999998214,15.667999999999438,-3.3849999999972624,0.5050000000011323,4.803999999998609,6.228000000000122,-120.55199999999928,-323.3629999999991,38.41199999999958,17.468000000000217,-8.893000000000484,-12.153999999999598
-319.1650000000095,493.5919999999996,239.2569999999978,-273.3029999999985,145.2949999999987,181.5059999999903,-92.18500000000064,-64.19700000000148,71.30099999999402,50.95799999999713,122.81800000001226,12.364999999999782,46.65199999999743,5.394999999992933,-10.608000000001994,111.98100000000296,108.02300000000288,31.5309999999954,-93.3469999999943,-46.07199999999807,-168.50600000000213,-165.59100000000058,74.28099999999986,72.92500000000928,-366.2500000000023,203.13900000000015,7.31199999997898,-59.0940000000046,143.5810000000001,245.59299999999664,70.82300000000146,87.38799999999856,-0.4149999999981446,-52.51199999999869,11.433999999999855,6.322999999997592,42.87700000000001,1.2049999999987904,1.2690000000020518,-1.5608181818208775,49.827272727276295,-12.657636363633172,-12.847999999999615,-5.277999999998428,-0.1160000000083982,-8.179000000001224,-3.669000000002143,2.6949999999999363,-0.3940000000000054,-4.065000000002783,6.607999999999947,-2.07200000000114,2.0289999999988595,2.996999999999161,3.287000000000262,0.1039999999989049,1.8940000000000623,-75.976,1.3880000000000337,-2.623999999991611,-64.46499999999986,-49.35800000000001,-0.864000000001397,-36.95100000000018,-37.90200000000006,0.344999999998663,14.77299999999957,-43.03699999999964,-20.257000000000858,32.911,-38.28400000000016,-24.470999999999776,-7.520000000000238,0.8209999999998274,6.5540000000005705,-4.318000000000666,1.5289999999993142,2.389999999996917,0.7589999999993324,-3.4309999999976526,-0.1240000000009899,-30.51000000000101,-24.715000000000487,1.3460000000009131,15.541999999999945,-9.615000000000862,-7.2220000000001505
-342.85299999999097,492.4359999999993,244.103999999993,-269.78200000000925,139.75700000000018,184.6559999999954,-125.38999999999874,-48.62699999999904,73.44999999997981,46.49400000001265,119.54999999999814,15.954999999985375,43.83100000000013,9.57700000000159,-10.900999999989835,89.83499999999935,95.78799999999887,29.553000000009888,170.76999999999316,45.769999999998845,35.23500000000013,-174.85100000000102,86.22099999999975,78.02699999999732,-394.6140000000014,202.12399999999988,9.570000000007894,-74.74999999999454,122.94099999999996,271.3070000000016,69.46999999999548,92.42199999999912,-1.4030000000047949,-53.38000000000136,10.482999999999263,5.462999999997464,41.20099999999951,0.0,0.4950000000008003,0.4330000000038581,52.46300000000019,-16.925000000003365,-20.706000000001268,-3.181000000000722,-2.279999999996108,-10.549999999997794,0.8110000000016271,6.0180000000002565,-1.3519999999999754,3.7350000000003543,1.014000000000692,-0.022999999998774,-1.0800000000017462,0.1410000000007016,13.745000000000118,-2.4120000000010577,-12.524000000000513,-69.48699999999803,4.121000000000041,-2.7710000000070067,-59.375,-50.75899999999995,-8.197000000001253,-30.268999999999835,24.84099999999998,14.57900000000336,15.319000000000216,-39.11900000000088,-24.61299999999937,24.08100000000033,-33.1789999999998,-23.17600000000084,-2.447999999999695,-4.553999999999547,1.1929999999999552,-6.472999999999729,9.805000000000064,-1.3429999999971187,-1.7369999999999663,-1.736000000002491,2.230000000000132,-21.137999999999124,-13.35600000000028,1.3399999999990089,18.87599999999985,-15.290999999999144,-11.96599999999961
-356.5309999999954,493.4370000000001,238.96500000000745,-279.5099999999934,136.93700000000035,182.0430000000215,-53.21700000000078,-48.160000000001446,56.714000000010856,39.8469999999918,119.0339999999992,12.305000000014845,40.36399999999958,6.967000000003054,-13.32999999999629,65.84100000000035,77.34100000000126,20.38599999998496,34.7110000000157,-0.4909999999995307,-62.774000000001706,-186.67300000000185,72.05000000000013,74.57299999998668,-417.507999999998,197.259,9.753999999998086,-56.40899999999647,136.38800000000003,330.4450000000088,75.20400000000222,98.36400000000368,-2.245999999991,-53.79599999999982,-13.434999999999777,1.1960000000044602,39.471000000000345,-1.7760000000009768,-0.0369999999975334,-2.361999999999398,70.17199999999946,-6.444999999996526,-11.275000000000546,-9.274999999999524,-2.636000000001104,-8.844000000001984,-5.162000000001399,2.798000000001366,-1.1110000000002174,-4.698999999999387,1.7189999999985162,-2.529000000001247,2.5630000000035125,3.4629999999992838,-4.379000000000133,4.139000000000692,1.5550000000004616,47.07599999999843,114.27499999999996,50.77499999999873,-50.988000000000255,-44.58000000000004,-5.834999999996171,-30.536999999999992,-41.10300000000002,-3.043000000002394,17.549999999999955,-39.28899999999942,-23.02800000000076,27.299999999999613,-35.03000000000043,-27.6600000000002,-0.3280000000000171,-7.669000000000636,0.3940000000000054,-4.381999999998243,6.072999999997819,-1.5960000000006858,-1.0300000000000864,1.2990000000002055,2.615000000000123,-23.920000000001096,-22.61699999999962,-2.683000000001812,20.476000000000028,-12.109999999999843,-13.562000000000296
-372.6310000000126,489.5790000000005,242.9930000000013,-270.6420000000094,133.69800000000112,177.23399999999856,-80.00799999999799,-46.79099999999892,63.62300000000687,39.47699999999941,114.32500000000232,26.294000000007145,36.19600000000105,13.790999999997666,-8.240000000000691,40.00299999999584,56.155999999998585,13.611000000014428,25.995000000000346,-17.477000000002363,-28.174000000001342,-199.27700000000075,110.8470000000004,113.24400000000878,-446.4259999999968,197.09900000000005,5.565999999998894,-125.15200000000276,150.28199999999998,295.6779999999867,72.96200000000113,95.3649999999982,-0.4890000000045802,-54.47499999999934,42.14100000000087,5.993000000000848,42.054999999999154,1.152999999999338,-3.1920000000013715,-0.7660000000043965,57.32300000000237,-15.991000000008173,-24.45699999999817,-9.523000000001502,1.3730000000009568,-10.622999999998228,-3.1260000000003174,5.074999999999363,0.3659999999996444,2.3400000000037835,4.349999999999454,-1.2910000000005084,-2.037999999998874,1.0329999999996176,2.803999999997586,-1.6720000000020718,-1.6620000000003188,-174.91899999999987,-89.61899999999999,-57.549999999992,-50.95400000000012,-45.76,-8.816999999999098,-22.184999999999988,-42.11999999999989,-10.642000000001415,15.81899999999976,-37.364000000000175,-25.082999999999345,29.61099999999988,-34.202999999999406,-29.379000000000133,-0.2330000000000609,-9.337000000000018,2.593999999999852,-7.531999999997652,2.11500000000342,1.2420000000020082,3.0370000000004893,0.1660000000015316,3.70500000000078,-15.400000000001056,-28.51399999999984,2.045000000003938,21.81899999999999,-14.831999999999825,-14.445999999999517
-388.6109999999917,482.7079999999995,241.55299999999897,-269.4949999999949,128.80799999999795,153.6619999999857,-82.53400000000397,-42.19200000000001,61.16899999999532,38.48899999999844,114.7519999999986,27.953999999999724,33.57699999999966,15.365000000002738,-13.317000000006374,19.1470000000038,29.16500000000042,0.7809999999835782,26.579999999989923,-5.4689999999936845,-29.791000000000167,-216.26799999999665,85.06700000000009,81.31099999998241,-453.9519999999982,181.17700000000028,17.578000000003158,-133.5209999999961,132.09,329.2790000000082,84.51499999999896,108.26700000000072,-2.4290000000064538,-50.47899999999856,16.41999999999939,1.6849999999976717,47.043000000000745,4.941000000002305,-5.504999999993743,-0.3719999999987067,53.263999999998646,-26.227000000005773,91.52699999999923,6.377000000000521,-61.194000000000415,-13.262000000000285,13.512000000000056,8.07800000000043,0.1910000000009404,-3.842000000003054,0.3580000000013683,0.0830000000007658,-4.018999999999551,2.405000000000257,-15.294999999997572,5.286000000000968,11.313000000000528,52.56099999999719,117.33799999999998,45.25099999999611,-39.21099999999953,-45.71999999999999,-11.389000000002625,-32.29199999999999,51.29899999999985,-4.713999999995622,21.478000000000463,-42.32999999999976,-26.00900000000053,24.666000000000565,-102.37700000000132,10.083000000000196,-10.66199999999995,-26.905,30.507000000000065,-7.550000000003365,3.890999999998712,-5.286000000000968,-2.1990000000016607,-5.164999999999509,-0.245999999999924,-66.09999999999872,188.37199999999967,11.98699999999917,26.04500000000023,-13.473000000000468,-17.98700000000082
-399.1210000000024,471.914000000001,237.1219999999994,-266.2900000000036,136.2560000000002,194.36000000000604,-73.19999999999709,-32.77099999999962,56.726000000003296,40.83299999999781,121.59699999999702,29.601999999977124,33.98699999999906,16.375999999996793,-16.919000000007145,-1.7699999999990723,-3.6589999999989686,-10.241999999993824,45.1909999999998,5.85599999999431,10.014999999998508,-239.8560000000032,87.56500000000003,83.93600000001697,-461.6950000000031,173.89399999999958,21.16699999999128,-157.07400000000007,112.28,341.265999999996,82.03700000000254,104.6510000000012,0.4640000000108557,-52.329000000003134,8.486999999999512,-7.3610000000030595,47.636999999998864,1.553999999998723,-6.287000000008902,3.451999999998634,55.00000000000114,-32.79999999999745,-18.77299999999877,-19.079999999999583,0.6229999999959546,-7.529999999999859,-8.642999999997869,5.93900000000076,0.4559999999997899,2.8169999999988704,1.465000000000316,-1.3749999999987494,-2.017000000000735,2.288000000000068,1.1109999999973752,-2.648999999999546,-1.2860000000003424,-146.2789999999984,-74.22499999999994,-48.78499999999804,-42.774,-43.13500000000001,-7.373000000001184,-13.592000000000226,-44.76399999999998,3.9449999999988,20.458999999999605,-46.21800000000036,-24.361999999999284,40.68699999999978,26.862000000001277,-69.29799999999773,12.79699999999977,9.30100000000067,-31.860000000000355,-7.663000000002285,-3.1130000000018754,-0.2260000000035233,3.693000000001234,-2.445000000000164,7.079999999999131,-9.372999999999363,-13.58199999999954,-3.8659999999993033,27.75599999999976,-25.981000000000165,-15.812999999999988
-397.1130000000017,492.08500000000015,243.2489999999916,-266.4800000000014,135.26099999999985,167.68799999999828,-92.1510000000012,-26.021000000000072,71.65500000000975,44.7810000000004,122.23800000000438,32.361000000037166,32.69500000000107,21.07900000000313,-17.50499999998283,-16.584000000000287,-38.016000000004624,-20.97200000000612,48.553000000003976,18.2770000000005,26.776999999992768,-258.20099999999684,87.86599999999964,90.64900000000762,-491.3659999999993,167.64299999999997,22.693000000026583,-142.45599999999286,158.164,406.09699999999975,88.1749999999954,113.67799999999876,3.026999999997315,-58.07499999999948,26.25500000000045,6.44600000000537,48.77700000000118,4.759999999998854,-8.751999999992677,5.35199999999918,56.76299999999799,-33.7769999999864,-24.67300000000137,-14.77000000000146,1.0890000000017608,-10.257000000001426,-8.189000000001556,7.143999999999551,0.1360000000033778,-2.1359999999958745,3.498999999999341,0.6929999999982783,-4.450000000002774,-1.0499999999993292,13.333000000000084,-1.1459999999999582,-8.4699999999998,-51.715999999998985,20.60599999999999,-4.021999999997661,-38.0110000000002,-37.471,-16.888000000000147,-16.31399999999985,-39.522999999999975,-21.514000000001943,29.113999999999866,-47.3790000000001,-28.504999999999825,45.83200000000005,-47.18200000000081,-23.78500000000088,3.504000000000218,-7.791000000000992,2.9040000000001958,-12.276999999994588,-4.694000000000642,-0.7589999999993324,-0.3330000000005384,-3.768999999999778,0.7140000000006808,-6.757000000000346,-8.521000000000356,-7.071000000001959,30.28500000000029,-12.564999999999316,-18.44600000000014
-428.27800000000025,455.25699999999887,230.3349999999909,-258.8619999999878,137.03799999999973,167.9450000000088,-86.84700000000021,-17.96600000000126,64.34399999998277,44.652999999999565,118.198000000001,40.12399999999161,31.713999999999487,25.646999999997888,-20.39800000000014,-27.38300000000322,-68.66699999999923,-32.61700000000474,-132.22000000000662,-31.75299999999765,-68.32899999999427,-271.917000000002,87.19600000000014,94.37299999999595,-498.0680000000007,150.22300000000044,24.30399999998372,-187.98200000001088,119.94000000000004,345.5810000000042,90.93300000000112,119.36599999999656,2.552000000002863,-61.47299999999802,-13.029000000000224,-9.442999999998849,49.63499999999925,6.4210000000002765,-10.743000000002212,-2.3309999999980846,64.8680000000013,-17.377000000010412,-26.67899999999861,-18.22799999999916,-4.64200000000119,-10.31499999999994,-13.192000000000805,4.856000000000904,2.325999999996497,-3.684000000004062,1.0779999999996903,-0.5239999999986367,-5.190999999996393,1.4519999999990318,-13.976999999999862,2.533000000002517,7.123999999999597,48.2040000000012,119.92499999999993,40.625,-35.98500000000016,-39.867,-16.51899999999955,-8.501000000000047,-120.30599999999988,-22.494999999997844,32.33499999999978,-58.27599999999933,-27.893000000000256,56.62200000000013,-41.19799999999998,-36.81500000000142,-12.457999999999814,-31.48299999999935,29.144999999999754,-7.233000000002221,0.7540000000005875,-2.361999999999398,4.810999999997989,-7.7970000000021855,3.991999999999507,57.93599999999941,-218.90599999999975,-23.626999999999043,40.33100000000012,-22.438999999999965,-19.536999999999694
-433.3129999999983,453.9119999999997,235.31500000001412,-264.5750000000021,139.70500000000214,139.80699999999615,-85.84000000000174,-6.764999999998622,67.79800000001615,36.43200000000206,117.8829999999948,35.88899999997466,29.335000000000377,29.073999999997117,-22.80299999999897,-33.695000000000164,-96.91799999999944,-35.680999999999585,17.1320000000037,29.34799999999882,56.01800000000594,-289.0899999999988,92.16499999999996,99.91399999998976,-515.2010000000018,141.9319999999992,30.689000000006672,-197.86400000000413,162.96099999999996,403.7419999999997,83.61500000000319,108.30700000000206,0.6529999999997926,-65.5210000000011,50.98899999999986,3.710999999998421,56.77400000000006,6.84500000000412,-14.331000000004224,2.374000000003207,73.53200000000015,-23.107999999990625,-24.443000000002257,-24.0729999999985,-2.3739999999975225,-9.722999999999615,-16.619000000000028,5.501999999995633,-2.055999999998903,-4.390999999998257,5.4249999999996135,0.9539999999987004,-4.907000000002881,2.26600000000019,-0.4459999999994579,1.5809999999987667,0.1840000000001396,-51.28400000000113,24.38400000000005,-9.510000000000218,-32.12599999999988,-37.17,-16.92499999999768,-12.554000000000087,-42.7220000000001,-19.702000000000908,39.082000000001216,-55.29500000000027,-31.696999999999772,148.35799999999963,5.853000000000463,-115.48199999999724,0.8949999999998681,-8.465000000000344,0.0910000000004629,-9.304000000003043,-10.7879999999966,2.307000000001836,-1.084999999997649,-1.482999999998924,8.026999999999873,-59.53699999999884,220.6000000000003,11.829000000000178,40.58299999999981,-28.251000000000204,-21.321000000000367
-447.2049999999968,446.2880000000005,234.25300000001243,-266.4190000000076,149.43999999999846,179.11400000000413,-46.55399999999759,13.330999999999449,49.86499999999978,30.274000000002843,123.05900000000064,30.334000000016204,24.155999999999267,29.964999999998557,-25.012000000015178,-45.66599999998857,-112.79900000000112,-38.17099999998845,-7.470000000000709,45.351999999996906,54.00999999999385,-295.3649999999982,87.7449999999996,106.09200000001238,-537.5699999999995,138.86600000000087,39.50199999999313,-222.68699999999623,138.0650000000001,399.54799999999295,82.79099999999744,110.1380000000006,1.0619999999903484,-62.023999999999546,20.331000000000188,-9.234000000003562,53.94900000000007,6.011999999998352,-15.703999999993812,3.564999999997553,67.67999999999859,-33.05000000000291,-28.023999999999205,-21.63800000000151,-1.2170000000025991,-15.917999999996368,-10.557999999997492,11.902000000003454,3.5139999999984184,-2.786000000003241,1.3170000000016555,0.1860000000021955,-5.804999999998017,-0.8129999999979987,1.9470000000012533,-1.1690000000015743,1.4589999999998329,-140.43100000000095,-63.469,-51.34199999999964,-40.82100000000004,-35.36100000000001,-21.575999999998885,-14.554000000000045,-40.472000000000016,-19.805999999999813,45.67399999999964,-64.93300000000062,-36.21200000000045,71.01200000000034,-53.5340000000005,-36.82200000000364,16.40299999999968,8.53000000000037,-32.26100000000045,-11.733999999995604,-2.878000000004022,-3.653000000002749,3.12799999999811,-3.8819999999986976,5.825000000000102,3.361999999999909,3.9879999999996585,-12.603999999998903,52.06300000000006,-21.484000000000947,-24.89399999999904
-453.125,440.08899999999966,232.72699999999983,-272.0579999999927,155.15299999999996,156.51799999998275,-81.644,14.591000000001486,59.72899999999299,31.081999999997837,138.69000000000256,27.636999999981526,24.996999999999048,28.775000000001683,-26.147999999989224,-25.842000000011467,-145.47399999999584,-32.458999999994376,14.562999999998285,15.31400000000076,101.83099999999286,-308.08400000000233,82.12000000000046,112.54899999998996,-537.194999999997,113.83499999999955,46.50900000001457,-239.20199999998889,166.63099999999991,416.38200000001007,81.65000000000191,101.94399999999746,3.4179999999992106,-66.59999999999968,22.348000000000923,-6.164999999998599,55.79000000000036,9.148999999996477,-18.9640000000054,6.308000000001357,65.9150000000011,-30.524000000002616,-28.670999999999932,-28.17699999999945,-1.9409999999993488,-10.702000000003409,-16.122000000001435,4.198999999999842,0.4919999999998481,-5.896000000001322,3.604999999998881,2.149999999997476,-3.3929999999998017,2.783999999998344,-3.1399999999962347,4.22500000000241,-2.7189999999997383,-95.7809999999995,47.736,44.994999999994434,-31.559999999999988,-39.75399999999999,-22.56800000000112,-26.10299999999981,-92.27499999999998,-41.37900000000059,53.65299999999991,-70.76999999999956,-37.31200000000001,75.65299999999979,-59.57700000000017,-40.54599999999766,-7.344999999999757,-42.90099999999981,36.37500000000031,-10.0620000000049,0.0800000000026557,-2.184999999997217,1.1650000000031469,-9.3260000000015,-0.1260000000002037,4.9739999999999895,8.871999999999503,-9.10000000000082,54.56299999999992,0.8890000000008058,-42.21799999999973
-466.8510000000083,439.42800000000017,236.8769999999813,-281.1519999999973,159.5560000000006,157.483000000002,-92.1350000000018,25.432999999998174,59.851000000003296,22.634999999996808,132.67599999999788,24.939000000017582,15.65300000000036,34.70200000000432,-22.26499999999305,-46.66199999999776,-143.54600000000346,-23.108000000001997,5.822000000000571,24.86900000000105,99.92700000001378,-340.35299999999893,59.93499999999976,89.96500000000651,-569.571000000002,117.65299999999996,47.71699999998873,-274.21900000000505,172.14299999999997,413.8489999999933,126.11699999999928,195.48599999999965,10.308000000009088,-68.87399999999957,20.54899999999975,-9.16100000000597,60.67599999999942,8.268000000003894,-21.46599999999808,2.2519999999985885,76.44500000000107,-27.85599999999704,-22.276999999999703,-21.756999999999493,-1.5139999999973952,-13.839999999999009,-13.713999999998803,7.653999999996586,2.548000000001593,-1.898999999997386,5.231000000000563,-1.3319999999993115,-7.729999999997972,-0.6389999999996121,10.961999999994989,-3.198000000000434,-9.543000000000037,-51.85799999999858,34.00099999999999,-11.761999999998809,-32.97699999999999,-29.836000000000016,-23.935000000000173,-10.594000000000037,-30.14799999999997,-27.99100000000294,61.11000000000004,-69.07899999999998,-45.3969999999984,90.59000000000026,-58.77400000000108,-46.2600000000009,4.668999999999812,-4.298000000000002,-5.478999999999701,-11.730999999997492,0.463999999999487,-2.0660000000020773,1.6089999999991278,-5.072000000001253,1.769000000000176,13.59499999999798,17.529000000000394,-15.250000000003183,67.6870000000001,-49.51800000000048,-15.04900000000049
-474.7380000000021,428.76499999999993,234.94900000002872,-284.2040000000111,163.72299999999882,156.16500000000997,-97.61399999999298,35.26600000000144,58.24000000000069,12.256000000002132,135.20800000000008,28.357000000005428,13.398000000003664,35.64099999999826,-23.69400000000041,-36.06800000000021,-166.9309999999996,-17.578000000003158,-1.2200000000007094,12.509000000000016,120.59899999999288,-316.43700000000194,77.01799999999999,111.35300000000824,-582.6999999999998,115.12299999999982,52.185000000008586,-290.75900000000274,150.93800000000002,416.9189999999958,98.6659999999972,147.3450000000014,2.5759999999991123,-80.856,-9.90600000000086,-14.72799999999097,57.82200000000017,5.6150000000002365,-23.479999999995016,-1.5900000000044656,82.61499999999842,-28.60800000000836,-26.661000000001422,-22.6460000000003,-3.1920000000013715,-13.387999999997646,-17.903000000001157,7.443000000000666,0.0290000000006784,-1.5379999999993288,0.5340000000003897,-2.23399999999856,-2.552000000002863,-0.8340000000004011,-12.172999999995682,1.0359999999991487,10.468999999999795,-59.44700000000296,30.244999999999987,-17.900999999994838,-31.459999999999862,-29.779,-25.38499999999999,0.7739999999998304,23.46699999999995,-14.565999999996391,64.69899999999953,-78.43900000000019,-42.617000000001326,95.34999999999982,-56.93199999999905,-47.45599999999968,2.1150000000002223,-5.19999999999996,0.240999999999758,-13.576999999997952,-1.2819999999976517,-3.372999999999138,-0.7699999999999818,-2.811999999997284,6.033999999999651,11.52500000000174,25.793999999999077,-12.331999999997834,66.31099999999996,-23.722999999999672,-29.56400000000059
-482.1589999999901,420.7550000000005,231.82399999998324,-292.27300000000014,174.59500000000077,129.6139999999923,-105.26100000000724,44.5920000000001,59.9369999999908,7.675000000000409,145.01900000000205,25.500000000010917,7.469999999997867,37.74699999999598,-21.240000000011605,-55.167000000000144,-175.79900000000066,-13.232000000016342,106.79300000000468,67.36500000000092,265.02700000000914,-326.55899999999747,75.8619999999997,109.7530000000006,-596.252000000004,116.56499999999994,51.830999999992855,-307.7889999999911,173.25199999999992,430.8900000000108,102.42300000000456,154.69700000000444,5.089999999995598,-90.90300000000012,36.51300000000077,-8.972000000005664,61.20599999999996,13.320999999996276,-25.409000000001924,-3.4639999999967586,99.9449999999996,-20.421999999996387,-21.260999999998376,-27.495000000001824,-3.5160000000018954,-14.191000000002418,-13.011000000003037,7.84900000000448,1.958999999999378,-4.958999999996649,4.089000000000453,0.4760000000004538,-6.072999999997819,1.4870000000001935,13.466999999997142,-2.235999999999194,-9.626999999999695,-114.41800000000056,20.035000000000068,-0.5130000000008295,-35.637000000000185,-26.350999999999992,-28.399000000001703,-6.451999999999813,-29.85799999999994,-28.347000000002254,68.8600000000001,-68.46599999999938,-43.90900000000073,101.30899999999984,-58.45899999999915,-46.81099999999958,7.326999999999728,6.668999999999414,-4.603000000000179,-13.617000000004964,2.1359999999958745,-4.887999999999693,0.6929999999982783,-9.072000000000456,4.98800000000017,13.870000000000005,35.11800000000136,-17.41000000000099,74.90099999999984,-12.582999999999345,-30.503000000000213
-492.78600000000097,417.0849999999994,228.06399999999485,-304.00999999999385,186.1959999999982,171.68000000001484,-109.72600000000055,55.91499999999883,64.41600000000562,35.35400000000095,128.5129999999981,56.005999999979394,5.1310000000000855,39.14200000000392,-24.207000000001244,-71.9760000000008,-189.06900000000064,-7.031999999981053,-42.49899999999798,-12.336000000004788,116.24699999998712,-331.19500000000244,79.15400000000048,105.15199999999822,-617.4529999999947,114.73399999999998,44.66600000000653,-334.0540000000089,169.5129999999999,431.1829999999986,120.33099999999877,216.15899999999897,3.8760000000024775,-103.04100000000176,39.83300000000014,-13.482999999996537,61.91299999999984,8.649000000002616,-25.28100000000677,-0.3330000000005384,73.87800000000198,-41.052000000001954,-28.005999999999176,-22.756999999998584,-3.267999999991389,-11.09000000000151,-15.85099999999784,12.40299999999479,-0.4459999999994579,-5.774000000002388,4.990999999999701,0.3589999999974225,-6.997000000001208,1.8540000000001555,-1.1540000000024977,-0.8800000000007913,-2.7619999999998868,-11.82099999999764,123.20399999999997,16.393999999991138,-35.47899999999977,-26.27299999999999,-30.26800000000094,-10.744000000000042,-30.173000000000005,-31.46999999999593,71.41699999999958,-75.76999999999998,-47.771000000000186,110.98099999999997,-52.6290000000003,-45.35100000000227,3.2620000000001426,18.41800000000049,-6.882000000000232,-13.870999999994638,-9.050999999999476,2.202999999997246,4.0460000000024365,-7.20799999999997,4.187000000000296,71.60300000000035,240.0889999999997,-22.57099999999923,83.88400000000011,-12.081999999999482,-32.50099999999776
-501.9159999999943,406.89100000000025,224.60900000000947,-306.0609999999997,190.59000000000168,152.30699999999615,-120.3649999999982,75.60400000000129,64.03800000000501,2.253000000001748,147.9120000000023,31.83599999999842,2.6250000000004547,43.536000000000286,-20.09299999999712,-107.47000000000072,-196.0999999999956,-5.310000000008586,-53.19200000000137,-18.82299999999759,140.7350000000065,-328.65899999999897,82.06699999999998,99.32799999999132,-622.4220000000003,111.78000000000026,41.25899999999092,-350.9520000000009,145.7930000000003,438.2139999999936,87.64099999999644,120.535000000001,3.576999999995678,-47.24899999999934,-12.069999999999936,-28.28400000000784,56.81000000000012,10.973999999998796,-25.230999999996584,7.2270000000003165,77.23399999999856,-35.20499999999629,-21.54299999999978,-25.90000000000145,-2.6250000000004547,-10.103999999998337,-13.989999999998304,6.884000000002288,2.934999999999377,-0.1710000000002765,-3.1850000000005707,2.134000000000924,-7.407000000000607,2.052000000000476,-2.663999999998623,0.0399999999984856,1.711999999999847,-62.14300000000037,48.423,-9.307999999998628,-32.04899999999995,-16.78900000000003,-29.23799999999801,-10.433000000000092,-22.54100000000001,-32.94100000000526,81.56999999999996,-71.35600000000082,-49.81699999999876,115.34200000000006,-56.17299999999972,-47.211999999998966,12.586999999999904,-16.157000000000465,6.744000000000483,-14.743000000004258,-5.892999999997528,1.7520000000047276,3.2379999999989195,-3.2229999999998427,5.552000000000135,16.118000000000166,31.13400000000013,-15.090999999989664,79.92099999999986,-7.945999999999742,-32.54500000000178
-503.8400000000024,397.81200000000007,223.6940000000004,-319.8120000000017,197.75700000000143,148.19299999999205,-125.58900000000222,79.61599999999862,65.00300000000152,-0.7360000000005584,146.72899999999913,38.84299999999712,0.7719999999977745,46.83899999999994,-22.631000000001222,-112.885,-230.71900000000485,-5.102000000010776,-58.361999999999625,-27.51399999999649,166.53499999999894,-341.1749999999984,84.04299999999978,93.33500000000186,-639.3150000000048,112.35300000000024,36.93900000000667,-369.4889999999986,156.63899999999984,456.6040000000044,96.03500000000054,152.78399999999692,4.6320000000037,-97.32499999999789,35.93499999999921,-3.1669999999962783,61.851000000000056,10.829999999998565,-26.593000000002576,-5.218999999999596,101.7169999999993,-26.28799999999956,-27.79300000000262,-22.872999999998456,-4.788000000007742,-14.45900000000222,-13.51099999999974,4.4899999999984175,2.6669999999995757,-6.823000000002821,5.2579999999991855,1.76400000000001,-8.194000000003143,0.4449999999991405,3.653000000002749,-1.933999999997127,-0.2530000000000143,-90.7730000000015,3.736000000000006,-19.402999999999796,-36.095000000000255,-19.68899999999998,-27.42699999999445,-8.508999999999745,-25.272999999999968,-30.72799999999916,80.07700000000071,-68.69099999999975,-46.76500000000061,115.09500000000016,-53.67400000000089,-50.0409999999988,10.488000000000142,6.963000000001074,-6.109000000000009,-9.68899999999735,10.152999999996837,-4.389000000003307,0.947999999999638,-12.2950000000003,5.545999999999651,18.25999999999937,53.74799999999951,-13.553000000013071,85.77799999999982,-0.4630000000005907,-33.85999999999996
-506.6400000000044,389.9919999999998,219.8359999999866,-325.01800000000003,202.6869999999988,124.17000000000372,-83.77599999999461,119.20100000000105,48.169000000007145,-2.856000000002723,145.54999999999723,46.606000000019776,0.9200000000021192,54.744999999996935,-22.643999999991134,-169.37300000000164,-229.01899999999955,0.8540000000266446,-60.45500000000175,-42.65800000000581,201.3180000000034,-344.64399999999955,86.58200000000029,87.83000000000811,-651.1079999999993,111.93600000000004,35.997999999995045,-387.1029999999962,146.87800000000024,455.8409999999981,98.75499999999988,166.20399999999904,6.366000000002714,-83.30400000000395,22.238000000000117,-14.15999999999258,59.41700000000054,15.769000000000233,-28.24799999999641,-1.3269999999977244,94.2360000000008,-38.56200000000172,-170.37799999999947,-41.77400000000091,75.79300000000444,-17.449999999999477,-10.376999999999724,14.433999999999967,3.789000000000442,-7.6629999999966,9.18800000000033,-0.8790000000004738,-4.354999999998199,4.476999999999975,-15.079000000002909,1.3169999999973925,7.32799999999969,-69.78899999999726,55.07199999999999,-4.54099999999471,-41.74100000000003,-17.53300000000002,-28.488000000004376,-1.6329999999999956,-17.318000000000033,-35.393999999996595,79.38899999999975,-73.64199999999954,-49.46000000000055,120.21100000000013,-46.26699999999886,-50.39099999999905,19.790000000000063,45.30299999999912,-38.56700000000046,-13.582999999999856,4.547000000002299,1.7789999999990869,3.251000000000204,-5.8989999999994325,4.348000000000241,22.63399999999933,48.14600000000056,-13.772999999997635,85.50500000000056,-7.489000000001056,-34.0999999999994
-510.9249999999975,380.5120000000002,215.35700000001725,-331.9699999999955,213.30600000000004,146.42299999998158,-135.96200000000067,109.14199999999994,68.23699999997643,-2.643000000000484,141.37300000000437,48.32799999999224,1.2999999999976808,51.58100000000445,-24.585000000001852,-186.6389999999967,-245.09599999999523,10.68199999999706,-75.51300000000083,-66.76899999999364,229.0100000000052,-346.26499999999965,88.39599999999983,78.80899999997837,-659.9609999999984,109.7769999999997,30.249000000003434,-411.9780000000048,142.27199999999982,457.6599999999985,93.31700000000184,171.67099999999778,4.620999999997366,-92.58999999999844,22.93499999999966,-15.052000000002865,58.44799999999992,15.798999999998388,-29.53400000000101,-7.033999999998741,99.66000000000008,-30.689000000006672,-30.47499999999843,-11.538999999999078,0.4369999999994434,-13.123999999999114,-4.537000000001967,7.685000000003583,1.452000000000453,-0.1129999999989195,-0.8989999999997167,1.1940000000009832,-0.7229999999992742,-0.169999999999959,14.904999999998836,-1.091999999997029,-6.852999999999554,-58.83000000000038,85.885,-9.466999999995096,-34.53999999999979,-10.729999999999997,-29.40900000000397,-7.86900000000017,-21.891000000000016,-36.13599999999906,83.48900000000015,-67.95000000000044,-50.48399999999873,114.72999999999942,-51.09900000000067,-50.43900000000292,-1.6300000000001091,-14.98500000000007,29.629000000000616,-9.009000000003198,11.212000000000444,-0.8879999999919619,0.119000000000824,-5.377000000004273,3.9090000000001615,17.72500000000008,51.853999999999445,-13.848000000001548,84.9809999999998,-9.377999999999531,-35.08800000000036
-516.0830000000033,428.9649999999998,207.9949999999826,-338.4310000000028,223.7690000000001,167.37100000002556,-149.13099999999986,113.11000000000035,76.99000000000069,-10.56199999999876,146.3259999999991,60.18099999998867,-1.606999999998493,57.65999999999849,-19.31200000001354,-207.1930000000009,-264.74300000000426,17.027999999982057,-56.97599999999738,-86.69800000000123,260.674999999992,-357.4550000000045,88.72700000000009,74.97500000001764,-668.0239999999969,103.19900000000004,31.433999999990192,-434.89400000000273,142.16000000000014,453.8509999999974,94.1379999999981,170.8530000000053,2.2699999999986176,-95.0559999999996,20.44400000000053,-12.854000000004362,60.85099999999954,16.345000000001164,-32.21499999999651,-5.182000000002063,96.78700000000048,-28.7529999999947,-27.59100000000103,-14.546999999998889,1.272000000000162,-11.744999999999097,-6.260000000000332,2.785999999997557,0.950999999997748,1.3609999999971478,4.014999999999702,2.833000000001107,-4.705999999998767,5.679999999999552,-16.548999999997704,3.919999999999391,8.017999999999859,-97.7940000000018,37.528,-7.995000000005348,-26.24999999999993,-10.760000000000014,-37.43899999999485,-7.698999999999856,-18.40299999999999,-39.05000000000314,80.3049999999999,-70.3249999999997,-49.63500000000067,120.92700000000036,-51.56499999999937,-46.77499999999952,21.654000000000195,24.990999999999985,-32.259000000000526,-10.372999999998456,19.829999999996065,-0.1340000000084273,1.490000000001146,-2.0949999999999136,4.703999999999553,69.70499999999902,249.95800000000017,44.72299999999905,87.8540000000001,-15.137,-39.07700000000034
-513.2819999999924,353.50000000000017,209.4000000000051,-350.83999999999946,216.51299999999907,124.7920000000022,-164.00999999999613,128.69699999999966,74.10899999999856,-10.998999999998205,149.32799999999702,64.50200000001587,-3.489999999999327,66.79399999999873,-19.176999999990585,-250.90599999999768,-261.3769999999988,24.65900000001966,-130.2189999999996,-85.41500000000042,260.6200000000058,-362.9089999999962,110.13400000000004,92.69999999999072,-682.0220000000006,92.43000000000023,28.80800000000363,-456.88499999999976,148.56499999999997,444.31800000000976,92.33000000000402,175.13099999999895,4.389000000003307,-98.348,29.11599999999908,-18.669999999997344,55.77499999999986,15.396000000004053,-32.550000000003365,-8.743999999995822,103.71000000000096,-34.72299999999677,-30.028999999998973,1.1289999999974043,1.4869999999973516,-2.101000000001818,-17.71399999999801,-3.573999999997568,2.0660000000020773,-4.458999999997104,4.08999999999935,-0.2910000000014179,0.5859999999984211,0.9369999999989886,11.59600000000296,-4.123000000001298,-10.416000000000023,-37.69799999999748,47.23299999999999,-13.715000000001965,-34.05900000000024,-8.124999999999982,-34.08600000000206,-4.990000000000094,-18.33,-42.32200000000148,80.56899999999985,-68.37599999999995,-51.89299999999975,109.86599999999989,-51.769000000000176,-62.38199999999949,13.366999999999862,3.1649999999999068,-1.715000000000089,-4.64799999999741,24.027000000000957,-0.271999999995387,-0.1040000000017471,-2.816999999996028,1.3900000000006685,-37.80499999999876,-147.01000000000022,-77.6269999999954,81.80499999999995,-5.951999999999202,-36.67899999999946
-517.840000000001,350.37499999999983,203.64999999999327,-360.2350000000001,224.95400000000103,146.6559999999845,-177.25500000000807,139.55100000000016,75.40200000000823,-18.35900000000379,150.12199999999893,65.94199999999546,-5.284000000000333,63.82700000000341,-17.870999999991,-284.12199999999643,-260.7730000000004,33.2149999999956,-118.2920000000081,-101.04400000000167,310.13199999998733,-371.93900000000326,87.97899999999963,63.01300000000083,-688.7190000000032,69.18700000000015,22.22900000001573,-478.5120000000006,149.80699999999985,430.8099999999968,90.2809999999988,176.44599999999855,2.550999999994019,-96.02199999999924,22.40600000000086,-16.827999999998156,54.61400000000083,17.180999999999358,-34.862999999995736,-5.447000000003754,113.26299999999776,-27.01400000000831,-13.238000000001191,0.8050000000025648,-2.764999999999418,-12.912000000000036,20.761999999999148,6.899999999995998,4.214999999999236,-0.3960000000006403,2.7050000000002683,3.228999999998905,-3.003000000001066,3.006000000002018,-0.833000000005768,3.0850000000015143,1.843999999999824,-76.46100000000047,65.84100000000001,-5.004999999994197,-33.98699999999977,-8.98699999999999,-32.63200000000097,1.3809999999999434,-18.387000000000015,-36.48699999999394,73.81300000000053,-64.85600000000105,-54.51199999999972,103.67500000000014,-48.20200000000057,-53.484000000000265,17.002000000000095,-7.160999999999973,-0.8509999999994022,-39.2970000000048,44.73000000000411,-3.2650000000046475,0.3419999999977108,-7.413999999999987,1.6199999999997772,15.02399999999966,58.44700000000032,-20.80100000000016,81.30999999999986,-20.158000000000698,-39.11099999999976
-513.6170000000106,337.53800000000007,198.93799999999828,-369.9160000000006,234.51999999999916,170.59300000000803,-191.16300000000024,143.49499999999864,78.02799999999479,-20.76700000000073,161.49000000000342,65.68600000000515,-8.083999999999492,68.7629999999956,-14.307000000007974,-334.64400000000296,-247.6220000000012,42.74900000000344,-121.39299999998912,-128.6290000000008,302.04499999999825,-372.21999999999866,88.74500000000012,58.87500000001182,-701.5749999999997,98.42399999999998,21.325999999999112,-496.6559999999959,169.58799999999988,435.4799999999954,86.18399999999724,182.8530000000001,-1.0859999999979664,-98.41600000000028,25.89899999999972,-18.45700000000079,53.52099999999922,18.42399999999884,-34.80900000000702,-15.908999999999196,135.9550000000013,-8.904999999992924,-14.266000000000645,4.182999999997605,1.4769999999998618,-3.386000000000422,8.15900000000056,2.710000000001856,0.6859999999988986,-3.489000000001852,5.451000000000761,6.564000000000192,-0.6159999999965748,5.124999999999602,-14.782999999999902,2.411999999998216,6.714000000000198,-50.91199999999958,157.277,-6.24400000000378,44.613000000000014,-56.40899999999998,-87.79299999999921,-1.7499999999998297,-22.89899999999996,-47.40300000000275,73.85999999999981,-66.42699999999877,-52.27200000000067,104.27600000000012,-51.888999999999896,-52.80899999999917,13.09199999999997,-12.126999999999557,-0.4910000000002412,4.931000000004815,34.19399999999655,0.7290000000011787,-0.4689999999982319,-0.1390000000043301,3.3900000000002706,-35.06,-132.86900000000017,-16.709000000003016,78.74199999999973,-18.585000000000207,-40.41300000000092
-515.6739999999957,330.56600000000003,203.0390000000125,-378.4640000000024,225.5989999999997,120.14199999998708,-208.66999999999507,126.10099999999989,85.65599999999449,-22.741999999999507,158.9179999999999,69.04299999998784,-10.350000000002524,75.31700000000114,-15.990999999985434,-319.79900000000043,-270.3710000000001,48.15699999999197,-124.68800000000329,-134.2649999999992,330.2430000000072,-379.69000000000506,86.46799999999999,48.9989999999807,-721.1709999999982,93.31099999999992,22.301999999990585,-515.7219999999995,185.86100000000025,406.8359999999984,82.79499999999871,174.35899999999833,4.406000000005861,-101.80399999999992,28.390999999999167,-20.8370000000059,53.86200000000088,23.748999999997977,-39.23300000000154,-13.774999999998272,124.74599999999896,-26.038000000005468,-9.990999999999415,11.4609999999999,-5.84400000000187,-6.216999999998052,13.331999999999766,0.8270000000038635,4.692000000000007,-1.3449999999977535,1.9120000000000916,5.942000000001713,-0.9070000000008348,2.4619999999998754,-0.4449999999962983,-8.95800000000122,-1.256999999999664,-65.103000000002,42.109,0.8179999999924803,-31.77999999999983,-14.30600000000002,-44.8820000000012,-5.593000000000004,18.720000000000024,-37.2099999999989,70.8599999999997,-68.55300000000142,-58.849999999999625,90.99799999999972,-53.80399999999952,-62.76900000000012,13.499000000000194,-9.212000000000842,-1.8810000000001992,9.771999999998116,47.040000000004056,-5.361999999996669,3.421000000000163,-6.907999999995695,1.4259999999993056,15.45200000000051,37.43499999999997,-26.4129999999966,70.95500000000001,-25.284000000000617,-46.35899999999964
-515.1880000000006,322.09899999999993,194.04299999998784,-394.3659999999966,236.6490000000013,168.3100000000195,-208.77000000000407,182.35400000000084,74.12200000001121,-30.34399999999664,174.84999999999786,70.7149999999956,-13.797999999999888,75.56799999999839,-15.637000000015178,-360.57800000000384,-237.5669999999957,62.35300000000734,-148.91999999999825,-127.42000000000075,351.1229999999955,-378.9799999999957,88.48500000000001,41.40600000000632,-702.9269999999997,26.136999999999944,9.10599999999704,-530.6520000000035,203.7399999999998,388.4760000000029,77.89600000000405,183.27000000000453,1.6359999999963293,-104.57499999999982,32.18600000000151,-22.246999999993022,45.96699999999885,29.95000000000232,-36.0590000000002,-7.871000000005779,116.11500000000206,-30.913999999995667,-10.926999999998088,17.148000000000252,-6.515999999999167,-0.6709999999998217,14.40900000000056,-3.6130000000014206,4.700000000002547,0.7229999999992742,1.680000000000348,6.665999999998462,0.9160000000008496,2.49600000000072,1.0800000000017462,0.1010000000007949,-0.3980000000005645,-110.54100000000062,2.680000000000016,-16.191999999989548,-35.94600000000021,-14.843000000000028,-45.38900000000013,-1.0650000000001825,-74.02300000000004,-59.29000000000429,71.54799999999994,-72.1689999999981,-59.50700000000069,100.73499999999989,-53.27500000000072,-63.14299999999946,1.881999999999806,-4.2479999999990525,0.3720000000001278,12.7900000000011,44.27799999999706,-0.2959999999916363,0.4469999999997753,-1.9680000000022344,3.757000000000232,63.30899999999957,219.0190000000001,-35.10100000000307,74.5110000000004,-23.976999999999293,-43.40799999999945
-511.4480000000015,292.24,194.36000000000604,-407.2690000000023,225.30599999999907,123.80399999999554,-231.87599999999972,139.8239999999987,86.29100000000562,-35.22600000000011,180.1240000000007,78.8819999999987,-18.765999999999394,79.64100000000371,-17.786000000000968,-374.8379999999997,-246.069,81.603999999993,-149.07200000000103,-146.78599999999733,374.8289999999997,-393.2680000000005,87.09000000000024,32.75100000000748,-715.5930000000012,45.349999999999824,11.829000000011549,-548.6629999999991,220.4290000000004,366.4800000000014,71.59399999999891,185.30299999999897,0.4940000000033251,-106.12600000000045,28.085000000000093,-27.051000000005843,44.11200000000122,32.1990000000028,-40.39999999999964,-3.777999999994108,116.5869999999984,-26.855999999997948,-5.002000000001772,29.081000000002177,0.1710000000002765,1.7350000000021737,17.714999999998327,-8.181999999999334,5.867999999998119,-2.825999999998885,3.049999999998932,11.087000000000558,3.661999999997079,4.94199999999978,-2.9080000000021755,2.9920000000004165,-1.72499999999971,-88.42799999999897,128.67000000000002,-75.12800000000652,-33.30200000000012,-19.48299999999996,-44.41199999998844,-7.133999999999929,-27.938000000000017,-48.06799999999498,71.28999999999976,-76.09700000000146,-59.54899999999981,104.27,-57.84499999999895,-62.18900000000076,0.6280000000000285,-0.7130000000003633,-0.9860000000003312,13.430999999997084,71.81999999999675,-8.679000000012138,1.0940000000005057,-3.125,-2.37199999999973,6.607000000001051,38.11900000000037,-28.74099999999657,74.40099999999958,-26.39599999999973,-44.3640000000002
-516.6259999999966,329.13,186.24300000001315,-412.597999999997,238.309000000001,165.81999999998516,-238.22299999999927,173.3220000000017,81.22599999999238,-41.8610000000001,178.50900000000252,83.1670000000031,-16.182000000000585,86.21199999999476,-15.173000000004322,-417.3979999999972,-239.45899999999935,108.26400000000832,-145.35600000000386,-163.87700000000223,390.9850000000006,-393.9509999999984,90.93100000000014,27.270999999996093,-722.1309999999988,28.455000000000297,8.50799999998344,-569.0889999999968,229.092,352.79500000000326,71.10000000000127,184.97299999999652,0.1289999999926294,-105.67000000000064,36.96499999999929,-25.414999999998145,42.47699999999952,33.089999999998554,-38.896999999997206,-14.679000000000997,144.96699999999976,-12.914999999998145,-4.954999999998222,37.79899999999827,-2.881000000002132,-1.4220000000022992,22.213000000002125,-5.545000000000755,2.6340000000004693,3.5950000000013915,0.9920000000008145,0.6670000000013943,3.0300000000011096,3.443999999998937,-0.583000000000311,-3.2989999999983866,2.3159999999997183,-82.8029999999984,60.459,-24.64599999999564,-37.26300000000009,-22.299000000000024,-50.02800000000889,-1.3339999999999463,-150.273,-120.49200000000155,85.93700000000055,-70.02999999999986,-74.68300000000028,101.8220000000003,-57.81000000000063,-67.14299999999866,8.028999999999797,-7.732000000000028,0.5819999999999936,17.180999999999358,56.943000000006805,-2.0109999999874617,0.8119999999991023,-0.3299999999995862,-2.828999999999837,5.25299999999902,38.63799999999955,-25.833000000000084,75.90300000000028,-12.45800000000088,-47.94300000000078
-506.8749999999909,295.606,185.2909999999838,-424.9389999999949,235.7529999999997,147.86400000000413,-252.8570000000002,177.33399999999904,86.70600000000377,-51.901000000003705,185.64499999999956,86.5840000000162,-25.76299999999776,86.13000000000284,-13.635999999996784,-394.27499999999895,-164.679000000001,115.33199999998942,-169.0849999999955,-162.71600000000035,400.4330000000096,-404.47599999999966,86.0909999999997,22.09399999999277,-721.5120000000013,18.89399999999952,4.493000000024949,-581.9090000000017,236.797,332.6599999999985,65.15799999999672,187.37800000000107,1.0370000000079926,-107.05199999999876,38.40699999999941,-31.45799999999781,37.930000000000064,39.950999999996384,-40.08199999999533,-3.912000000002536,150.23800000000165,-19.470000000001164,-6.572000000002731,41.10799999999984,-4.610999999999876,-0.90200000000209,30.359999999996035,-11.413000000004558,5.489000000002875,4.094999999995252,1.013999999999271,7.383999999998991,1.4189999999985048,5.3310000000010405,-0.9979999999984556,1.444999999998231,-2.1589999999996223,-52.44600000000048,95.44199999999998,-19.57400000000007,-41.17499999999978,-20.88000000000001,-52.240000000000464,5.06399999999978,21.878,-28.74199999999973,63.59599999999972,-69.75400000000036,-57.78099999999995,106.84700000000014,-57.27200000000039,-68.81500000000074,4.238000000000142,2.159000000000333,-4.411999999999949,17.572000000001253,72.59499999999548,-3.824000000008709,-0.7409999999993033,1.3700000000000043,-0.9619999999998186,0.0460000000003901,48.230999999999824,-32.03200000000379,77.86299999999997,-20.148999999999265,-48.87599999999992
-513.9470000000131,292.91200000000003,186.4859999999908,-437.8050000000087,231.053,123.27900000000228,-268.9360000000022,184.27499999999952,87.75699999998778,-63.98999999999546,179.9229999999966,88.9409999999998,-36.41599999999983,82.64800000000037,-8.775999999988926,-423.64200000000096,-170.0930000000028,131.39699999999266,-176.59300000000258,-168.31699999999614,405.2979999999934,-409.8340000000008,87.77599999999985,21.656000000007225,-725.4230000000007,16.204000000000462,11.986999999976431,-598.6879999999985,229.35899999999947,321.142999999995,63.29900000000066,198.83399999999935,-1.282000000003336,-109.86000000000048,41.483000000000914,-31.151999999997315,38.911999999999125,41.76600000000121,-38.37300000000141,0.0969999999995252,140.84299999999814,-22.820999999999003,1.4450000000010732,40.81099999999935,-8.935999999999922,1.6330000000010614,37.95499999999947,-6.641000000001895,4.059999999998354,2.035999999998239,4.003000000000156,6.021000000001209,10.644999999999529,4.868999999999346,-2.359000000001288,1.91599999999994,-2.828999999999837,-122.89600000000009,21.94200000000004,-48.13300000000709,-42.97600000000017,-27.597999999999967,-53.125,-18.74799999999972,-25.812999999999995,-52.00800000000072,74.83300000000028,-66.56099999999867,-68.844,102.3019999999999,-48.90599999999949,-70.347000000001,6.964999999999932,-0.6860000000010302,3.491999999999962,19.68100000000277,79.60800000000177,-4.735999999991236,-1.822000000001367,1.7610000000019,-1.379000000000019,3.691999999999496,25.09200000000007,-37.77399999999602,75.55300000000003,-18.79600000000039,-49.53199999999924
-508.0199999999991,291.732,177.07600000003367,-448.34899999999607,244.0489999999997,165.19800000000942,-278.2869999999946,205.9580000000011,82.5800000000072,-73.00400000000309,177.346,90.74699999998757,-52.10600000000056,91.40300000000252,-6.287000000020271,-422.0609999999965,-187.65300000000025,146.48400000000947,-178.28399999999647,-180.91400000000132,415.8450000000016,-428.2650000000018,123.3030000000003,45.94700000000103,-722.7379999999982,3.909999999999769,8.690999999998894,-608.0290000000048,236.74800000000005,312.81700000000683,56.977000000000544,191.69600000000173,1.1049999999954707,-113.80199999999974,47.31299999999976,-31.26200000000381,35.20600000000087,46.00200000000427,-41.8329999999969,-6.529999999997926,172.9270000000014,-8.2520000000045,-7.742999999999256,49.18600000000026,-2.2149999999953707,0.927999999998974,37.8340000000037,-5.407999999994217,4.252999999999929,1.0649999999998272,8.118999999999232,8.765999999999963,5.884000000003198,6.217000000000894,-0.3330000000005384,-0.1450000000005502,1.1149999999993554,-67.5139999999999,26.152,-15.703999999993812,-48.90800000000013,-22.787999999999982,-50.2679999999998,-22.427000000000064,-27.586,-51.06499999999983,66.54300000000006,-68.81800000000027,-66.46899999999931,97.96599999999992,-48.57999999999976,-75.5110000000002,6.094999999999828,2.10000000000008,-0.7659999999994227,15.181999999998652,77.78399999999692,-0.6560000000092714,0.795999999999708,2.511999999998693,-1.3390000000001123,41.39900000000125,184.10500000000027,4.833999999999605,67.9000000000002,-15.328999999999835,-57.21400000000045
-506.2709999999981,281.76500000000004,176.7699999999877,-456.88499999999976,235.81999999999965,144.6279999999888,-308.56300000000374,178.9670000000001,95.87400000000343,-89.89500000000135,169.135,92.34600000002048,-32.38100000000088,105.09700000000066,-22.79100000000653,-443.4690000000046,-158.68800000000078,152.78299999999945,-183.2400000000007,-191.4859999999976,406.27399999999625,-421.7679999999973,86.275,20.801000000005843,-711.0630000000015,2.21300000000042,17.30999999999767,-621.9789999999989,237.3650000000005,297.4119999999971,52.45000000000459,193.62499999999727,1.2330000000019936,-110.6030000000004,46.49300000000025,-32.93499999999767,27.92400000000015,48.614999999995234,-38.76400000000331,-1.1230000000011842,158.67899999999793,-22.533999999996013,-2.5000000000005684,48.68700000000104,-2.5880000000029213,0.755000000000905,34.967000000000326,-8.95399999999995,5.194000000000187,7.7610000000049695,1.543000000000916,8.304999999998586,5.630000000002156,8.995999999999071,-3.5120000000006257,2.254000000002065,-4.017999999999233,-89.14200000000108,54.55799999999993,-34.753999999998086,-43.922999999999845,-29.522000000000048,-60.14999999999873,-12.988,-28.083,-55.142000000000735,58.04299999999998,-65.00900000000058,-67.17700000000093,84.7760000000001,-55.565,-59.36399999999793,3.096000000000032,-4.81799999999879,-1.4880000000005111,16.932000000002745,85.26300000000333,-2.9359999999996944,-0.9369999999989886,2.4930000000011887,0.8949999999998681,-4.236500000000376,19.023500000000126,-33.44600000000355,72.29099999999988,-18.29000000000036,-56.188000000000216
-509.3200000000024,275.647,169.6770000000015,-469.6200000000033,238.63500000000076,140.19799999998668,-308.27600000000075,190.07299999999816,86.4259999999831,-94.538,191.30499999999984,94.00599999999032,-70.21100000000047,99.8739999999998,-4.039999999986321,-469.9159999999949,-184.35099999999807,154.41900000000714,-176.45200000000614,-198.1960000000015,408.4960000000024,-420.7830000000001,84.89699999999995,21.37399999999161,-708.7220000000002,-68.99600000000063,24.121000000013737,-633.7530000000015,241.236,280.45700000000124,45.61199999999417,200.7540000000006,3.692999999998392,-119.735,53.89499999999998,-35.73000000000093,26.930999999999017,52.57500000000164,-38.28100000000632,-16.61100000000033,308.3970000000022,73.174999999992,2.2539999999992237,47.473999999999705,-10.849000000001752,-0.1739999999983865,35.729999999998086,-2.1299999999996544,3.972999999999161,1.170999999999367,5.2669999999992,9.436999999999784,6.396999999998343,9.104000000000667,0.9520000000009076,-1.3720000000034815,2.9829999999996915,-51.27999999999986,85.45900000000009,-26.87900000000809,-43.32199999999986,-33.20799999999995,-61.1090000000047,-23.868000000000222,-1.2480000000000018,-46.14599999999882,74.54299999999989,-64.07399999999939,-79.13699999999864,97.20099999999992,-43.2540000000003,-92.31200000000116,9.82900000000022,-5.328000000000799,0.0250000000001193,50.60699999999656,70.22099999999796,-2.9359999999996944,1.1870000000016034,1.3779999999997017,-2.812000000000125,-4.236500000000376,19.023500000000126,-33.445999999997866,67.4820000000004,-26.78200000000004,-54.13199999999989
-506.9729999999993,276.8509999999999,166.96799999999712,-480.0779999999975,242.39999999999924,139.08700000001772,-317.1569999999974,209.8070000000007,85.08300000000872,-107.54099999999768,175.5800000000022,92.83499999999094,-77.43099999999856,100.80600000000004,-1.3799999999946522,-456.04600000000346,-74.08699999999726,156.7869999999857,-180.6159999999977,-208.65499999999884,396.0570000000075,-423.9750000000015,84.15400000000001,20.055999999999585,-719.8099999999982,-20.52399999999963,23.388999999997395,-655.568999999997,195.21200000000007,239.70899999999347,44.537000000002536,202.8039999999976,3.661999999997079,-118.1200000000004,54.82299999999896,-34.60099999999784,28.87100000000089,58.50599999999986,-45.38000000000011,0.418000000001939,95.28199999999742,-56.377999999995154,-5.280999999999381,49.93499999999926,-1.735999999999649,0.225999999997839,31.012000000001198,-7.486000000000104,-3.251000000000204,28.82700000000113,-20.40699999999873,6.639000000001261,5.971999999997024,7.466999999999757,0.2780000000029758,0.6690000000020291,-2.9090000000003613,-137.95000000000073,50.08499999999998,-66.5589999999952,-45.17300000000013,-31.85900000000004,-60.424999999992224,-13.667999999999836,-65.73299999999999,-72.33200000000011,58.41799999999964,-62.10700000000031,-69.62700000000126,76.83700000000009,-56.59500000000008,-68.94500000000079,10.678000000000054,-5.89999999999975,-0.2580000000001803,14.355000000000471,81.2310000000025,1.4469999999960237,0.8269999999981792,-0.6699999999995043,-0.0910000000004629,-4.032999999999731,22.730999999999568,-42.55100000000312,63.25199999999924,-24.91099999999875,-63.19800000000129
-513.306,270.44200000000023,160.10799999999108,-487.014999999991,235.65200000000036,134.7050000000081,-351.57199999999875,172.11400000000197,96.8380000000252,-117.28800000000206,182.88299999999825,89.80699999999615,-86.71999999999969,105.2949999999953,-5.638999999996486,-486.48600000000215,-113.63900000000058,158.1179999999904,-185.56499999999687,-229.0960000000041,366.25999999999976,-422.1309999999988,87.27799999999988,19.27499999999327,-708.7100000000021,-36.028000000000304,26.81800000000294,-651.627000000002,253.04099999999963,244.4700000000012,77.2890000000018,203.69000000000028,-1.1719999999968422,-122.10599999999944,58.96300000000068,-38.56200000000172,22.503000000000384,62.07800000000248,-38.71399999999312,-8.449999999999136,113.0030000000005,-39.64900000000853,-13.342000000000098,46.900999999999726,-4.519999999996571,-4.73700000000008,33.32200000000114,-4.504000000002861,16.568000000000893,-21.502000000003815,30.30899999999974,10.781000000000065,2.0539999999982683,5.629000000000417,-1.2360000000001037,-0.489000000001738,0.2659999999998774,-125.73899999999868,65.91500000000003,-35.74199999999337,-48.06699999999999,-36.965999999999966,-62.88700000000631,-8.375000000000199,-36.279,-65.34500000000207,66.11000000000047,-70.19599999999997,-80.17799999999937,86.91399999999997,-50.99600000000066,-87.41199999999907,8.411999999999864,-8.954000000000661,-1.745999999999981,9.249999999997272,75.08599999999888,-1.4160000000003947,-1.5119999999996026,-0.2560000000016771,-1.8990000000002285,-44.28500000000071,-115.83399999999956,-87.31599999999844,70.19700000000029,-34.570999999999685,-62.61699999999877
-517.3069999999996,261.36399999999963,153.35600000000795,-498.1410000000096,239.23499999999933,132.51900000000205,-329.77600000000393,224.63999999999945,79.22399999997651,-128.25899999999135,184.36900000000375,94.11600000000816,-98.8500000000016,112.80500000000302,-9.338999999999942,-498.2729999999947,-58.84100000000103,163.1470000000263,-192.65100000000075,-241.62599999999657,335.3639999999928,-421.7300000000023,85.18100000000004,14.868999999998778,-716.9719999999984,-46.13299999999967,28.870000000006257,-667.9069999999967,262.2889999999998,225.7940000000076,-5.718999999999141,211.44100000000208,14.160000000003947,-127.15900000000032,57.581000000000415,-44.40900000000738,19.68999999999994,67.02599999999848,-43.04799999999887,-16.462000000001353,145.8410000000015,-40.831999999988966,-11.86999999999898,40.86100000000101,-3.8970000000006166,-4.129999999997835,32.3379999999986,-3.661999999997079,4.219999999997981,-0.7689999999968222,4.326999999999259,5.09699999999782,4.809000000005881,5.41199999999975,-1.4130000000022849,-2.757999999997196,-1.677999999999713,-75.59499999999844,-11.97600000000012,-67.18200000000252,-52.91899999999998,-41.465,-65.68899999999758,-14.099999999999824,-4.227999999999998,-53.1029999999987,72.50199999999936,-70.10799999999904,-89.1210000000001,82.31000000000002,-54.09599999999983,-86.80800000000204,6.424000000000163,-11.167999999999267,-2.490999999999844,-27.669999999994843,85.28699999999958,6.585000000012542,-0.96099999999808,-1.5199999999992997,-1.0679999999993584,-7.110999999999024,7.798000000000371,-45.36800000000199,68.37000000000018,-27.615000000000123,-62.13499999999925
-515.1639999999986,263.4360000000001,148.5110000000077,-503.3020000000022,237.52000000000064,129.0649999999914,-374.9169999999992,176.58700000000067,100.73200000001634,-141.1380000000065,182.1679999999958,101.40400000000228,-105.03999999999962,111.21199999999476,-11.840000000006512,-476.6210000000058,-72.30200000000195,162.8789999999981,-193.3470000000057,-239.8710000000051,318.5550000000035,-419.8789999999974,88.42700000000008,9.179000000017368,-731.7370000000011,-33.161000000000485,24.91499999998723,-675.8610000000033,273.6450000000005,210.54100000000065,58.75599999999963,214.43800000000687,2.8079999999931715,-133.48900000000015,72.17099999999945,-41.91299999999956,12.698999999999216,71.94799999999759,-41.35200000000623,-20.141000000000982,162.77900000000045,-31.61600000000817,-14.84700000000032,46.01900000000114,-3.464000000002443,-10.059000000001106,28.812999999999533,-7.314999999999827,2.109000000001515,1.3390000000015334,5.460999999999672,4.279999999999973,5.65199999999777,7.959999999999923,-1.852999999999838,-1.20600000000195,0.6860000000003197,-133.97500000000093,53.7230000000001,-39.483000000007,-47.19300000000004,-45.671000000000014,-77.21300000000042,-17.511999999999972,-52.033,-69.09200000000055,54.80300000000042,-65.36200000000179,-82.4079999999995,83.29199999999996,-65.81800000000015,-91.08199999999869,10.198999999999714,-12.364000000000177,2.2590000000001,33.480999999994765,61.52400000000284,-1.8000000000085947,2.6899999999983493,3.279000000000565,-1.019000000000858,20.413999999999533,114.98999999999953,-7.409999999998718,61.872999999999934,-36.36900000000054,-77.81300000000044
-522.0759999999984,256.5470000000005,135.58399999997164,-511.0079999999982,237.7069999999996,110.30299999999896,-347.87000000000035,224.2130000000003,82.60499999998956,-146.99399999998946,185.68500000000083,98.40099999998984,-112.06899999999678,114.038000000005,-10.375999999996566,-477.591000000001,-28.777999999999796,174.10800000000108,-192.0839999999885,-229.37299999999823,322.09400000000414,-422.2290000000015,91.41700000000004,7.848999999987427,-709.6379999999982,-81.94499999999962,22.21600000000308,-679.9559999999985,295.8459999999995,192.82799999999725,17.03399999999533,213.08299999999463,9.582000000000336,-134.32200000000023,72.78900000000021,-46.50899999999183,8.509999999999707,74.23100000000318,-45.53199999999151,-32.49799999999823,156.53999999999826,-13.506999999992786,-18.950000000000955,45.24399999999957,-5.315999999999121,-8.881999999999834,28.86699999999962,-6.677000000001954,1.1599999999987176,4.098999999996522,0.6120000000009895,-0.435999999999126,6.945999999999231,3.784999999999173,-0.4880000000014206,-4.463999999998691,-4.382999999999981,-104.59100000000204,53.00399999999996,-55.44499999999744,-48.42200000000005,-51.13899999999995,-78.9670000000001,-11.94500000000005,-90.991,-91.3880000000006,71.99099999999987,-79.16299999999836,-89.56200000000081,92.78899999999996,-58.3059999999989,-95.15999999999993,0.8470000000002642,-5.386999999999631,0.193999999999761,-3.487999999993008,82.83399999999688,3.1039999999961765,-4.554999999999154,-1.7410000000040782,-4.631999999999437,-13.800000000000525,-1.033999999999935,-47.84799999999905,68.82799999999989,-34.66400000000078,-64.1050000000007
-536.3370000000032,234.55799999999985,131.71400000001086,-519.5919999999944,245.6910000000001,135.26600000000144,-378.4299999999973,199.4249999999994,90.49099999999726,-161.34600000000887,183.2240000000013,100.1220000000103,-120.58900000000392,123.66400000000226,-12.951999999995678,-482.1989999999971,3.845000000001164,178.86999999998352,-193.4330000000045,-217.3029999999983,333.0999999999904,-425.206,95.20699999999992,1.1230000000068685,-720.526000000001,-65.72999999999993,21.655999999984488,-695.2580000000012,309.2010000000002,179.68099999999367,11.216000000001712,219.1919999999982,2.344000000005053,-134.9879999999999,78.95400000000024,-52.813000000003285,4.693000000000325,86.46600000000149,-47.10700000000543,-30.942000000004555,171.2520000000012,-26.02600000000166,-25.301999999999225,43.4519999999992,-5.190999999996393,-13.379000000000474,33.172000000001844,-3.913000000000011,1.2810000000001764,2.758999999997513,3.35500000000053,2.4699999999995725,2.8720000000021173,4.234000000001004,2.501999999998361,0.55799999999806,4.208999999999463,-58.55799999999931,64.47699999999993,-24.939000000006217,-56.891999999999854,-53.3590000000002,-77.60899999999538,-24.631000000000117,-51.797,-73.85899999999879,88.29300000000018,-72.4410000000006,-102.50199999999978,95.62499999999989,-60.36800000000113,-98.02399999999948,-1.0569999999997748,-0.1130000000003406,-5.042999999999864,-3.8000000000010914,72.00899999999706,2.197000000001026,-3.195999999999799,2.828000000002362,-4.328999999999894,-47.03699999999884,-116.37400000000042,-98.04100000000062,73.74900000000011,-29.377999999999812,-76.37199999999922
-521.0519999999974,271.9709999999999,130.83500000000186,-527.1580000000085,238.35600000000028,120.12899999999718,-406.4580000000035,173.93299999999954,98.987000000011,-168.18000000000097,189.74900000000048,95.42199999998502,-127.285999999998,121.75599999999918,-16.406000000006316,-480.92300000000137,42.35899999999901,178.14900000000762,-185.86400000000367,-204.61799999999928,339.5990000000097,-430.6139999999999,98.79800000000004,-0.0479999999924984,-706.0390000000012,-74.46100000000015,19.92200000001958,-697.9089999999985,321.5009999999999,164.72800000000234,10.473000000001775,215.02700000000343,6.366000000002714,-142.3180000000002,80.35199999999918,-52.95399999999972,-4.318999999999562,87.50900000000001,-47.81500000000278,-37.807999999995445,158.85800000000074,-15.11199999999917,-34.55500000000029,50.17699999999934,-5.744000000004235,-18.740999999999985,32.11499999999603,-4.6899999999993724,1.942999999999984,1.3640000000009422,3.677999999999315,2.141000000000304,8.609000000001288,4.8549999999991655,-2.2149999999953707,-0.316999999998302,-1.3309999999997046,-115.52099999999824,51.02900000000013,-63.243999999986045,-60.01100000000008,-53.18699999999978,-82.15100000000461,-33.24399999999983,-79.663,-94.54600000000256,58.84399999999985,-71.11200000000082,-89.54499999999825,101.66200000000012,-56.36399999999924,-98.6069999999998,6.725999999999743,-2.577999999999747,0.0540000000000873,-11.706000000003767,85.9830000000045,-3.8389999999935753,-2.7910000000019863,1.5960000000006858,-5.098999999999876,-8.126000000000033,-142.1689999999998,-89.21199999999772,71.4260000000003,-23.13699999999983,-76.19899999999973
-545.2820000000031,226.49100000000004,119.84800000000178,-535.0089999999966,238.04099999999977,113.98999999998978,-376.64800000000014,216.8849999999992,80.94499999997424,-176.47699999999986,191.79399999999876,94.81200000002444,-137.58800000000235,127.74299999999812,-19.34799999999086,-459.76,15.381000000002132,172.47399999998834,-192.21800000000255,-196.1970000000008,338.80699999999706,-437.2109999999992,95.29399999999998,5.992999999989479,-719.404999999999,-43.656000000000006,27.55099999999402,-698.9410000000021,328.801,152.5510000000054,-3.8659999999993033,234.56999999999653,5.327999999997246,-137.70600000000002,65.625,-55.51199999999881,-7.305000000000916,88.96799999999416,-46.99699999999893,-52.31700000000501,142.2409999999985,-42.35899999999901,-37.51699999999971,44.90900000000124,-9.749999999996817,-17.41800000000069,36.997000000002345,-7.395000000002483,-1.3700000000000043,6.073000000003503,2.009999999999934,-3.0609999999995807,3.878999999994903,7.119000000000142,2.098999999998341,-3.78300000000138,-2.740000000000009,-169.66800000000148,58.07500000000001,-89.46000000000822,-67.44500000000002,-59.42900000000009,-87.1910000000014,-10.849999999999936,11.172000000000004,-55.91499999999883,79.32699999999997,-65.14199999999875,-100.85700000000202,101.73699999999997,-54.748999999999626,-103.67900000000104,-2.57000000000005,-15.990000000000038,24.31800000000024,-48.23299999999904,90.29499999999756,2.1569999999940137,-4.285999999999035,0.8710000000007767,-2.599999999999625,-17.75700000000029,14.188999999999652,-45.74000000000069,77.31899999999925,-24.61500000000001,-76.28500000000003
-539.9409999999989,245.66899999999947,123.85299999998551,-536.3900000000001,237.33600000000047,112.86600000000816,-396.3989999999967,201.9600000000025,86.15700000002562,-187.2889999999984,197.723000000002,88.59899999997651,-142.65800000000013,131.3539999999989,-19.958999999994376,-418.2610000000011,-25.943000000000893,172.02100000001792,-196.27699999999777,-202.13899999999967,323.5159999999951,-452.7999999999992,99.904,4.674999999997453,-713.8080000000002,-99.84699999999977,17.981000000008862,-713.8789999999972,326.6890000000004,136.73099999998612,-4.795000000001437,216.99600000000032,4.358000000001994,-148.83199999999874,103.31499999999993,-62.88399999999683,-17.06299999999885,103.51499999999874,-49.64599999999564,-60.500999999999294,172.32700000000136,-16.83300000000827,-36.93800000000067,47.88900000000069,-9.979000000004136,-19.354999999998768,18.985000000000696,-8.8929999999948,-2.5379999999984197,-1.7730000000028667,11.951000000000532,-6.435999999999353,12.707000000000336,3.6690000000007217,-1.229000000000724,-1.2179999999972324,2.004999999999768,-162.19600000000014,4.73599999999994,-129.41200000000208,-66.12999999999971,-53.41299999999993,-86.44400000000019,-25.85700000000024,-80.32400000000005,-92.80399999999533,76.56100000000023,-57.818000000000325,-106.44499999999935,96.86200000000004,-50.27800000000013,-104.725999999998,29.30099999999989,25.401000000000096,-31.680000000000064,-20.062999999998965,87.76600000000485,2.627999999998565,18.04000000000201,-5.705000000003224,-47.99700000000087,-46.84100000000058,146.03600000000014,-31.39300000000276,72.24100000000035,-11.476000000000395,-85.98700000000008
-535.2969999999971,265.5370000000005,125.69600000001628,-544.3750000000023,231.3049999999997,110.99799999999505,-427.6239999999973,184.1809999999981,88.95299999999224,-191.68999999999983,199.151999999998,89.8310000000265,-149.61999999999875,138.11900000000037,-23.34000000000742,-499.17599999999993,107.93100000000209,167.4440000000004,-201.76999999999907,-206.52800000000295,292.94499999999744,-458.7700000000012,99.07399999999996,8.680000000003929,-682.6329999999998,-76.75300000000007,29.27199999999175,-708.4360000000004,332.9889999999992,130.0910000000158,-18.376999999998134,233.48100000000045,9.856999999999516,-160.11600000000072,98.95300000000093,-58.55099999999993,-17.412000000000205,96.97300000000268,-48.63900000000285,-58.23599999999374,153.19299999999885,-16.186999999990803,-35.16699999999844,59.60699999999974,-7.189999999997099,-18.42200000000105,37.92300000000069,-4.739000000000715,-4.08299999999997,8.529000000004316,5.95299999999952,-6.183000000001471,14.206000000001495,6.377999999997996,0.9330000000034032,0.8579999999966503,-0.65400000000011,-93.40600000000023,77.47499999999991,-54.39499999999953,-68.32800000000034,-53.6010000000001,-95.0019999999995,-33.1039999999998,-44.88599999999998,-86.19000000000483,71.50800000000004,-61.96500000000072,-107.12800000000016,95.33099999999992,-39.70699999999994,-113.7020000000021,0.7629999999998915,-2.130999999999972,16.76000000000002,8.1579999999974,75.99199999999655,0.9400000000084674,-8.511000000001445,9.391000000002236,-1.9080000000002428,-28.08199999999914,16.14800000000045,-64.65799999999717,67.3960000000001,-19.81099999999856,-85.30900000000088
-562.9480000000001,219.63000000000008,109.92400000000087,-549.7189999999989,236.06199999999973,105.29800000001616,-415.055000000001,199.7419999999977,81.03000000000975,-198.45900000000256,205.847,89.30699999998524,-159.41500000000133,136.95700000000102,-23.12000000001717,-455.8479999999975,67.02299999999468,160.15599999998358,-205.83500000000183,-212.63099999999892,262.8720000000044,-463.8710000000003,100.84700000000004,8.80099999999402,-656.5479999999993,-76.99700000000007,41.93099999999959,-718.4290000000033,349.6520000000004,129.9679999999853,-40.12800000000425,240.21600000000376,8.044999999992797,-162.52199999999988,102.07100000000013,-64.87500000000637,-24.748000000001014,108.526999999998,-53.15500000000384,-65.45800000000668,164.03099999999995,-12.872000000004393,-40.40600000000154,62.830999999999904,-5.954000000002679,-20.670999999998685,38.3829999999989,-6.619000000000597,-3.936000000001627,6.640999999996211,7.253000000000043,-6.3400000000001455,12.763000000001057,7.744000000000994,-0.0540000000057716,-1.8269999999972697,-1.4919999999996492,-163.2310000000004,34.163999999999994,-100.0,-66.26100000000008,-50.17800000000001,-91.99800000000096,-16.189999999999927,-28.11499999999993,-148.23599999999715,80.26699999999991,-60.23500000000013,-114.02000000000072,88.57900000000005,-44.48700000000088,-109.64599999999932,2.820000000000533,4.177999999999571,-0.4570000000001073,-23.34599999999796,79.13199999999847,8.46499999999537,-4.267000000001531,9.38600000000065,-1.986999999999739,1.5339999999994802,-96.04300000000023,-84.10600000000272,64.19700000000006,-11.591000000001372,-88.54199999999963
-538.4370000000047,269.76099999999974,118.28600000001188,-556.5619999999967,227.16800000000035,103.35699999998268,-398.3120000000042,224.5030000000014,76.46499999998468,-209.62499999999977,211.99700000000237,91.58899999999905,-163.26699999999903,143.79899999999566,-28.71099999999842,-401.4980000000037,6.830000000002201,160.43700000000172,-206.67700000000195,-206.56799999999865,240.36899999999832,-462.163000000001,100.749,10.059000000023843,-684.7790000000003,-74.16200000000046,35.84000000000742,-722.7229999999963,328.5719999999998,110.43700000000172,-5.458999999996195,246.34399999999917,12.549000000001342,-169.07099999999957,109.31799999999969,-68.37699999999813,-33.47699999999918,103.964000000002,-48.383000000001175,-67.76399999999967,158.1140000000005,-17.57799999999179,-44.44099999999764,62.33699999999942,-6.133999999997286,-23.504999999997267,39.98400000000117,-1.5289999999993142,-2.045999999998571,8.46599999999853,6.991999999999621,-5.9599999999989,13.344999999998208,13.01600000000036,0.2130000000022391,-1.1520000000018626,1.2340000000001794,-115.81399999999888,74.99299999999991,-67.28499999999258,-72.61599999999966,-48.98499999999988,-97.26899999998864,-45.54299999999998,-35.09800000000007,-28.00000000000296,63.28200000000024,-54.76900000000029,-108.47699999999918,79.13000000000001,-45.66200000000009,-115.26599999999974,-4.579999999999984,4.2020000000000834,-3.027999999999764,-35.35200000000032,90.86599999999976,4.061999999998989,-7.586000000000581,8.117999999998915,-2.136000000000138,-24.701000000000302,7.157000000000124,-64.70299999999725,158.24799999999968,58.27900000000028,-57.332999999999856
-574.7770000000003,215.09599999999975,109.4359999999824,-558.874000000003,229.19199999999972,99.341000000004,-458.9139999999986,178.01800000000014,73.44900000000507,-219.83399999999733,208.5139999999967,91.27200000000356,-170.35400000000038,147.48500000000035,-28.209999999990032,-500.1559999999984,40.45100000000161,161.85299999999643,-203.6559999999895,-203.6009999999976,219.74500000000037,-480.2979999999991,119.18399999999998,30.74899999999161,-717.734,-63.35399999999965,28.125,-727.2710000000018,321.369,103.783999999996,-34.93400000000406,243.59199999999817,11.96899999999914,-173.95199999999988,105.53499999999973,-72.1559999999954,-35.54100000000062,116.73099999999864,-51.04399999999032,-65.57899999999677,159.97099999999875,-19.537000000002536,-39.47100000000319,63.47199999999873,-8.242999999998801,-22.33600000000422,39.519999999998845,-3.115999999999985,-6.541000000001418,5.896000000001322,8.023000000000025,13.408000000001152,58.13299999999799,-24.114999999999043,3.005999999999176,-2.867999999998005,-2.459000000000344,-138.17000000000093,55.57300000000023,-80.50600000000259,-67.5530000000002,-47.6090000000001,-105.0260000000094,-23.203000000000173,-58.70600000000001,-103.67200000000024,62.56599999999963,-48.65099999999956,-120.32300000000048,77.54599999999998,-42.35599999999806,-117.98399999999988,4.443999999999448,7.455999999999818,-2.06100000000049,-28.118999999998096,83.84100000000103,7.907000000000153,-3.042999999996709,10.71100000000058,-3.1949999999994816,-30.55399999999935,24.880999999999887,-72.23899999999048,40.500000000000114,-58.30799999999954,-101.76199999999938
-548.1139999999982,265.1490000000002,107.36100000001444,-566.7999999999893,224.62500000000037,97.58300000000872,-415.1639999999986,222.12399999999943,67.24899999999252,-230.4960000000051,220.8070000000021,92.4809999999752,-181.3410000000005,153.00000000000296,-29.627000000004955,-393.0810000000008,134.17599999999652,144.3480000000136,-204.5840000000112,-173.25400000000286,208.84399999999917,-474.1199999999992,92.912,15.53999999998723,-661.3370000000003,-66.73899999999975,43.98199999998269,-744.9189999999987,352.9240000000016,86.91400000000158,-33.86499999999728,282.1860000000015,29.504000000008546,-181.07499999999987,107.9420000000006,-73.02900000000818,-41.258999999999446,112.0580000000018,-51.19600000000446,-69.16800000000194,166.04600000000005,-19.317999999998392,-40.75499999999863,62.428000000002726,-5.765000000002374,-25.98899999999844,42.08700000000079,-1.099000000004935,-4.749999999998522,8.517000000000507,9.79600000000005,-39.73900000000015,-0.1989999999977953,53.05499999999768,-2.5730000000010023,-0.9750000000025238,2.081000000000444,-156.71600000000012,61.10799999999994,-91.59499999999524,-75.79600000000006,-45.64000000000004,-106.55199999999924,-13.856999999999786,-3.076999999999952,-112.43199999999548,35.578999999999894,-43.59299999999848,-103.6999999999992,70.217,-42.373000000000616,-114.6720000000002,15.242000000000289,8.197000000000543,-3.0560000000001253,-61.053000000003976,85.85199999999986,13.378999999997632,-5.8810000000022455,7.114000000001397,0.8259999999992829,-44.31300000000107,-14.339000000000368,-63.293000000010124,-18.80999999999986,-59.71200000000039,-122.60100000000024
-568.2469999999967,237.48999999999967,106.20099999998727,-570.154000000008,230.77499999999984,94.27499999999328,-451.83400000000233,207.6560000000001,72.30199999999058,-232.42499999999492,222.9219999999998,81.54300000001058,-188.90699999999757,155.59999999999832,-30.846999999994296,-406.32699999999886,93.00000000000068,147.3760000000084,-204.4979999999896,-152.4569999999983,214.52600000000075,-471.5509999999995,111.461,5.638999999996486,-655.1759999999987,-62.8460000000004,43.372000000022126,-716.7970000000025,281.11299999999915,94.06799999999294,-70.45300000000339,215.80899999999872,-13.531000000000404,-186.7370000000008,113.63699999999994,-71.34999999999536,-54.14600000000007,121.5990000000005,-54.37600000000202,-69.06399999999735,154.05900000000088,-14.941000000010265,-49.84000000000037,73.41199999999901,-8.45600000000104,-25.885999999999854,42.81900000000008,-5.663999999995895,0.5159999999989395,1.1380000000031032,10.16000000000048,7.9849999999993315,-19.383999999996604,-2.6189999999985503,0.7910000000038053,-4.321999999999093,-2.763000000000204,-125.43099999999896,54.67200000000005,-65.59400000001006,-71.84999999999988,-53.031000000000006,-110.22900000000392,-37.66600000000011,-69.55600000000004,-103.93700000000194,50.87400000000031,-36.80000000000092,-113.79400000000004,59.323,-34.441000000001054,-117.96800000000049,3.8819999999997634,11.921999999999144,-4.174999999999329,1.1140000000011696,98.53800000000206,4.914000000002261,-4.506000000000654,8.120999999999867,-1.946999999999832,-27.543000000000006,22.17500000000001,-78.0179999999973,48.8580000000006,-11.739000000000033,-94.93700000000018
-596.7620000000011,256.562000000001,109.60700000000544,-577.5450000000035,222.30299999999943,95.04400000000714,-456.1890000000005,201.44800000000205,73.58400000000529,-243.16100000000347,228.42400000000112,81.50600000001305,-192.9930000000013,156.644,-29.03999999998632,-387.2619999999984,203.93600000000447,134.19199999998455,-200.3300000000081,-114.67299999999908,212.3530000000073,-478.6770000000018,89.71499999999999,17.5420000000031,-655.4010000000019,-60.00900000000016,40.68600000000515,-735.2080000000001,292.9000000000002,63.51300000001174,-37.61299999999892,292.47900000000016,40.72800000000143,-197.3799999999997,114.9409999999996,-76.233000000002,-56.66400000000067,116.43200000000036,-51.35500000000093,-79.2850000000044,184.9279999999993,-16.36999999999489,-44.97000000000071,68.06799999999953,-12.386999999995396,-29.359999999999783,48.05499999999938,0.9459999999990032,-1.9869999999968968,9.091000000000804,11.099000000000103,-8.361999999999625,57.61399999999526,19.03599999999983,1.1869999999987613,0.7210000000014816,0.4460000000001685,-198.1700000000004,61.29999999999996,-117.06599999998843,-82.62300000000006,-60.00399999999999,-105.76800000000048,-35.52300000000024,-18.438,-68.03300000000263,61.3660000000003,-37.92300000000069,-118.48300000000052,54.57099999999999,-28.391999999999484,-111.63899999999956,5.723000000000056,16.641000000001327,-3.7930000000002906,-36.82900000000018,94.2169999999976,7.396999999997433,-4.883999999998423,6.392999999999915,-0.1539999999991437,-43.99499999999961,7.211000000000212,-80.99100000000021,43.56299999999891,-8.72099999999989,-94.20900000000074
-571.1970000000008,181.33899999999912,94.84899999999924,-585.2480000000014,222.3990000000008,91.39399999999114,-457.5469999999939,206.9519999999983,64.33099999999286,-253.3050000000003,244.63799999999765,69.44599999999355,-199.97899999999905,160.0430000000017,-30.70100000002185,-327.4589999999989,176.13299999999867,129.78500000001532,-192.674999999997,-74.53000000000429,212.14599999999564,-485.8630000000005,102.629,5.444000000011329,-636.8179999999995,-53.613999999999606,43.43199999998433,-742.6850000000002,317.1229999999994,67.20000000000255,-57.46799999999439,261.1060000000009,16.95599999999331,-203.04299999999955,116.63800000000036,-74.4199999999978,-63.17299999999904,128.322,-56.83599999999842,-73.69999999999663,163.74600000000044,-20.98399999999856,-49.92399999999861,81.49400000000071,-6.726000000003296,-38.098999999999705,65.54099999999892,-0.2470000000016625,-2.126000000004069,8.602999999993699,12.19199999999887,0.6000000000000227,-29.29399999999873,7.692000000000121,1.91300000000183,-3.264000000001488,-2.292000000000627,-134.85299999999967,79.86000000000004,-80.09000000000697,-78.18500000000003,-59.175999999999895,-111.49299999999585,-40.435999999999694,-68.58999999999993,-97.0519999999965,17.103999999999786,-22.366999999998427,-103.8719999999998,49.979,-24.26499999999976,-113.04999999999978,13.864000000000232,41.28099999999933,-24.69899999999967,-33.334000000002106,102.60000000000105,9.763000000003784,-4.998999999997977,8.158000000000243,3.6009999999990328,-20.387999999999806,-12.29099999999974,-81.02100000000405,35.18100000000004,-10.219000000000731,-85.08999999999958
-582.4470000000019,232.5540000000004,107.2020000000066,-589.5199999999988,212.94999999999965,89.38000000000557,-473.9960000000053,197.45200000000125,64.29500000001553,-239.54200000000012,244.4939999999974,79.55300000000989,-207.5520000000012,166.6719999999998,-29.74899999999252,-348.71200000000044,105.26999999999587,136.77999999999884,-183.6920000000077,-36.95999999999913,224.23800000000256,-489.1909999999996,128.58300000000006,-2.3920000000089203,-650.9499999999996,-51.454999999999984,38.84299999999712,-742.2639999999944,339.801,61.70600000000377,-73.52900000000204,257.9739999999987,8.087000000000444,-204.34800000000024,124.05399999999958,-75.58599999999842,-72.77399999999972,129.61799999999926,-54.66900000000123,-80.67600000000539,181.9960000000009,-17.493000000001757,-54.69500000000096,81.09599999999944,-9.748000000001866,-26.48900000000083,57.44800000000225,-0.9090000000014696,-2.42399999999634,5.539000000004535,13.39100000000002,-10.603000000000408,62.40199999999732,22.79000000000053,2.2949999999980264,2.0490000000023656,1.4660000000006337,-165.99300000000028,66.5379999999999,-87.69600000000537,-91.67099999999984,-64.74200000000003,-105.95100000000456,-43.16200000000023,-18.686999999999987,-69.60400000000391,31.608999999999558,-18.3620000000019,-111.09500000000024,39.312000000000005,-18.914000000000897,-114.47200000000066,-3.633000000000308,6.300999999999846,21.776999999999447,-60.86099999999988,115.57000000000244,18.26399999999921,-4.788000000002057,11.635999999998605,-1.0409999999993147,-115.78599999999994,44.54300000000018,-35.6049999999982,137.33600000000052,28.289000000000897,-131.07499999999987
-575.166999999999,298.592,113.17099999998844,-597.1709999999973,216.62099999999995,91.29599999998844,-487.7999999999986,203.15399999999784,67.32099999999264,-276.44300000000044,247.9010000000017,75.31699999997272,-217.8910000000002,164.84100000000126,-28.7230000000136,-309.92500000000405,166.9370000000015,107.79999999999744,-178.64399999998568,-6.792999999998983,229.070999999999,-499.7619999999984,109.02500000000002,1.8790000000080909,-658.914,-52.51400000000004,27.60000000000673,-740.5210000000011,312.9940000000005,54.02799999999388,-45.41600000000017,262.8980000000013,41.46100000000388,-213.21200000000005,124.28000000000026,-70.48300000000154,-82.62200000000064,135.4820000000018,-46.43599999999424,-79.9259999999947,187.4490000000009,-3.337999999996555,-46.80699999999831,92.73699999999964,-8.598999999986745,-31.6900000000004,59.03299999999945,-2.996999999999161,-1.4820000000014488,7.17199999999707,17.949000000000126,-5.74100000000044,21.46600000000376,14.824000000000126,14.276999999998452,-7.079000000001656,-9.86700000000056,-156.21299999999962,62.55800000000029,-75.67699999999604,-93.33000000000008,-74.10700000000006,-107.3789999999974,-51.65499999999987,-68.8860000000001,-87.40300000000047,30.145000000000262,-29.47199999999839,-104.9599999999998,34.109,-20.43299999999988,-113.2710000000003,13.489000000000216,24.67499999999987,-25.33600000000007,-8.584999999999354,109.5769999999959,16.006999999996196,-6.663000000000352,9.908000000001492,3.8380000000003633,-30.25099999999981,-84.3430000000005,-93.36799999999812,-15.404000000000195,-5.210000000001003,-16.98200000000014
-587.4030000000005,191.7209999999997,104.57800000001498,-607.9260000000033,208.04100000000005,88.4040000000141,-485.0089999999966,203.52200000000096,58.09400000000551,-273.34899999999607,252.41700000000264,76.53900000002523,-219.02699999999984,172.37499999999957,-26.12300000000687,-305.13599999999883,149.86899999999537,121.15499999999884,-163.73900000000958,32.29400000000169,231.09100000000356,-489.1159999999985,98.25999999999996,-16.85700000000452,-637.4650000000003,-45.16500000000008,26.68499999999767,-755.8620000000019,339.0689999999992,54.993000000013126,-135.20200000000386,265.5869999999993,-11.883000000000266,-219.32200000000108,131.02799999999988,-70.89300000000094,-81.37700000000052,133.56100000000026,-53.631000000007134,-95.66599999999994,204.5599999999979,-6.757000000004609,-52.29400000000055,106.08200000000068,-6.247000000013259,-24.064999999998804,63.97599999999954,-5.816999999996142,-2.4340000000023565,13.58900000000176,16.754000000000246,-17.398000000000025,5.056999999999334,24.24499999999909,-11.619000000001732,-1.7699999999990723,7.757000000000147,-195.46300000000087,63.8619999999996,-101.28799999999956,-103.84999999999992,-74.80099999999972,-95.42000000000144,-53.89600000000012,-28.139999999999965,-71.16699999999696,40.23499999999984,-29.41500000000019,-113.26200000000028,22.503000000000007,-23.87899999999945,-105.91500000000023,-3.575999999999979,12.562000000000497,-1.5049999999995125,-37.380999999999176,126.135000000005,11.807000000004564,-6.531000000001086,16.74499999999739,2.797999999999945,-46.16500000000059,-37.19399999999951,-72.22600000000057,52.542999999999296,-10.916999999999176,-139.15899999999937
-607.9920000000016,259.80299999999943,111.09599999999772,-617.1079999999961,210.32800000000012,87.40199999999732,-500.7600000000025,197.1650000000011,57.27500000000418,-273.660000000001,264.8680000000013,71.53299999999945,-226.8730000000005,175.36000000000058,-26.11099999999169,-268.30400000000054,221.8720000000076,89.87999999999374,-154.65699999999742,66.6719999999998,235.26599999999007,-527.3690000000016,119.54000000000002,11.302999999998065,-628.8799999999994,-45.26600000000016,33.63000000001648,-746.759000000003,333.3130000000011,49.34099999998125,-88.32099999999627,264.8879999999991,30.16299999999319,-225.739999999999,130.30699999999982,-69.97000000000071,-96.11299999999972,139.68699999999785,-47.71799999999757,-88.99299999999926,171.8270000000004,-17.675999999994474,-47.81800000000089,106.33200000000043,-6.799999999998363,-33.97500000000093,77.64799999999923,-0.3930000000025302,-24.028999999995904,-109.30099999999923,90.87099999999992,-7.042999999998756,24.212999999997464,22.9219999999998,-1.9979999999975464,4.221999999998616,-0.9569999999996526,-187.06200000000024,59.55900000000014,-84.05800000000454,-105.39900000000006,-79.5220000000004,-102.2269999999878,-59.62999999999994,-72.16799999999992,-91.98000000000091,-14.80900000000034,-15.404999999999802,-102.00499999999975,20.28599999999998,-19.814999999999827,-122.64899999999984,-4.941000000000173,9.323999999999444,1.715000000000089,-36.79499999999507,141.00899999999683,14.267000000000962,-6.325000000001069,18.272000000001757,2.785000000000082,-102.92499999999905,-44.788000000000494,-45.0870000000009,5.973000000000894,-10.833000000000936,-80.0690000000003
-618.3079999999961,164.3710000000013,95.87400000000343,-622.9669999999999,212.19199999999992,86.99899999999161,-503.18599999999947,201.98599999999945,59.484999999995125,-276.76400000000285,252.81699999999887,82.4579999999969,-234.511999999998,180.23699999999965,-26.525999999989835,-275.0029999999981,182.84600000000069,105.38300000000618,-147.23500000000058,105.42899999999804,240.77100000000652,-521.8970000000013,73.23500000000003,11.156999999980144,-640.6790000000004,-44.45599999999956,23.058999999989283,-754.604999999998,359.0039999999988,51.30599999999959,-105.87500000000318,269.02800000000013,24.71300000000838,-226.2979999999999,135.85200000000057,-69.78199999999788,-99.90200000000016,144.81800000000078,-46.90500000000384,-98.62300000000346,214.6720000000002,27.44799999999259,-56.43000000000029,125.324999999998,-1.9859999999994216,-29.997000000000185,77.14300000000094,-1.0690000000010969,14.720999999997275,136.75200000000132,-44.76499999999959,-9.668000000002053,30.04400000000373,21.162000000001058,3.872000000001208,-2.2490000000004784,-2.265000000000583,-208.99399999999983,45.08499999999991,-107.52499999999829,-123.86100000000012,-90.61299999999974,-98.73400000001313,-66.87899999999995,-35.20099999999999,-64.62999999999965,-8.125999999999323,-23.920999999999992,-103.57900000000058,-12.77999999999999,-23.575999999999908,-97.10599999999944,-9.74599999999981,6.085000000000207,-6.736000000000075,-63.13200000000165,144.87699999999677,21.493999999995594,-5.860999999995897,21.451999999996477,3.743000000000052,-91.64699999999895,-51.62699999999987,-54.23900000000117,-35.649000000000086,-26.94899999999905,-34.4380000000001
-609.4820000000027,223.91999999999967,105.91999999999187,-628.9980000000014,207.98500000000004,87.70799999999781,-513.6420000000044,201.737,61.0590000000002,-285.16899999999623,262.1699999999976,82.05599999998867,-241.98300000000188,176.6999999999996,-22.106000000007956,-241.35800000000245,226.52599999999552,92.5420000000031,-133.20300000000316,155.71300000000292,242.09599999999227,-518.9689999999985,105.30599999999986,-2.147999999988315,-624.3449999999999,-35.65100000000001,25.402999999982967,-759.0489999999988,332.95300000000054,35.62000000001717,-110.59199999999691,277.28600000000085,36.31599999999935,-235.16500000000065,136.52199999999937,-68.68299999999863,-83.29099999999983,158.3120000000008,-39.94199999999637,-98.47799999999438,206.3130000000001,15.161000000011882,-45.62099999999987,127.61600000000044,-9.728999999998678,-28.043999999997027,87.88299999999936,-2.5539999999978136,-6.797000000000253,16.583000000002812,24.658000000000868,-5.7699999999982765,32.90700000000015,25.40399999999892,14.724999999998545,-1.675000000000182,-8.173999999999637,-167.23799999999898,59.14300000000026,-78.69299999999839,-117.62499999999996,-82.2420000000001,-92.55399999999554,-74.13500000000006,-74.52400000000007,-78.6830000000009,-20.481000000000197,-13.36600000000061,-98.72299999999969,-18.472,-19.868999999999915,-96.40899999999988,-3.8520000000001886,4.055999999999926,5.545000000000044,-38.01200000000336,145.96800000000485,20.764000000002625,-8.784000000002834,22.20500000000243,6.738,-149.89000000000203,15.93599999999924,-35.7970000000023,-17.210000000000036,-15.46600000000069,-65.13000000000062
-625.9700000000009,267.6939999999988,108.96000000000186,-641.5129999999976,215.31400000000005,85.76600000001235,-516.8939999999964,204.14299999999912,61.36500000000069,-289.26100000000474,269.4950000000006,83.26400000000831,-241.89700000000016,185.47100000000117,-22.473999999988337,-208.64199999999755,266.32099999999923,74.96300000000247,-130.36499999999478,206.95799999999736,243.3840000000032,-528.0550000000005,100.83900000000004,2.404999999998836,-623.4099999999997,-32.132000000000005,32.86200000000008,-761.160000000001,333.1879999999998,20.251999999982218,-115.09400000000484,271.6910000000013,35.082999999997355,-245.25000000000009,128.866,-46.34399999999914,-111.42499999999984,153.3140000000003,-40.95999999999549,-104.39100000000394,191.51700000000037,16.82699999998931,11.38300000000072,152.57699999999943,-40.98600000000374,-30.104000000002884,83.41800000000035,1.5350000000012187,-3.2000000000010687,14.785999999992328,30.14299999999821,-1.4430000000004384,60.21799999999757,8.636000000001332,-12.2099999999989,0.8589999999998099,4.1159999999997865,-201.3110000000012,46.54899999999991,-84.38699999999244,-133.21499999999995,-88.22800000000015,-87.43900000000053,-86.57900000000005,-30.36600000000007,-51.13000000000056,-28.528999999999627,-15.850000000000364,-87.63900000000007,-29.972999999999992,-13.989000000000829,-84.29100000000034,-7.94700000000006,-0.3560000000000229,-1.518000000000086,-36.72500000000127,158.59399999999937,17.349000000001524,-7.336999999998284,28.425000000001432,9.573999999999216,-71.647999999999,-136.21199999999902,-71.03599999999801,-26.78299999999965,-19.319999999999027,-54.51199999999972
-616.6259999999966,196.22300000000047,107.65399999997952,-644.7600000000023,216.386,89.14800000000014,-521.7070000000035,210.15800000000127,66.9070000000147,-285.62900000000013,263.36299999999824,100.7569999999987,-247.20099999999832,178.64900000000148,-12.30399999999463,-198.17800000000148,256.09100000000353,85.77899999997953,-129.0770000000066,259.0939999999989,250.5499999999984,-532.62,101.17600000000006,8.728000000019165,-614.1100000000001,-27.55100000000041,37.768000000005486,-761.524,326.1690000000001,11.75500000001648,-102.71299999999997,227.6939999999996,10.09599999999864,-225.7019999999997,145.90400000000017,-79.65000000000373,-115.0199999999998,145.75199999999882,-33.338000000003376,-111.48399999999585,222.56500000000017,27.19200000000228,-76.0390000000001,134.55900000000156,3.92500000000382,-34.443999999999164,80.45500000000061,3.546000000000049,-8.211000000000013,25.33300000000054,31.85100000000176,-13.03100000000086,14.148000000000138,53.83599999999973,16.11899999999764,5.4780000000022255,-7.252999999999332,-222.614999999999,27.506999999999948,-95.96599999999852,-140.74999999999997,-76.55999999999992,-60.34500000000094,-93.262,-65.20199999999984,-48.20500000000152,-34.11400000000029,-15.48700000000025,-65.29799999999994,-37.85200000000002,-14.3589999999989,-61.24999999999972,-9.155999999999764,-6.770999999999816,0.0959999999999183,-40.65299999999752,164.99600000000214,25.430000000000064,-5.554000000000769,20.289999999999964,0.8099999999998886,-136.63600000000002,-69.95699999999943,-31.37800000000084,-30.251000000001227,-17.786000000000968,-26.98699999999974
-610.7759999999985,287.0890000000003,114.14800000002288,-645.9990000000005,222.82199999999983,97.68099999998869,-523.0469999999968,209.17599999999936,81.65299999998297,-295.5469999999991,273.95400000000336,91.62599999999657,-249.08599999999976,181.7999999999984,-1.160000000004402,-186.2739999999974,238.2659999999987,91.19900000000598,-116.07099999998808,326.2049999999988,274.95099999999866,-535.7470000000006,96.83299999999998,15.245999999979176,-606.0749999999999,-26.637999999999806,39.47800000000825,-764.5690000000002,326.1919999999989,-8.887000000004264,-133.74699999999962,263.6899999999997,38.1650000000036,-254.6350000000004,134.33300000000017,-50.45199999999568,-121.45299999999963,149.8269999999991,-25.872000000003936,-118.79900000000134,219.6860000000001,43.431999999995696,-66.95899999999995,140.6090000000006,3.5950000000013915,-35.711999999998056,85.6570000000005,6.378999999998314,-8.083999999999492,35.12200000000121,22.346999999999184,-8.696000000000481,64.45600000000127,20.8289999999991,1.5600000000006276,3.4939999999977545,-4.74400000000017,-195.05800000000025,49.73099999999988,-55.82200000000057,-155.559,-62.343999999999866,-44.15900000000192,-98.9259999999998,-46.714000000000055,-20.2609999999936,-34.370000000000545,-10.903999999999314,-41.52399999999972,-39.55199999999999,-12.26000000000056,-36.33099999999985,-14.225000000000064,-8.961000000000041,0.7979999999996323,-38.95899999999983,169.9769999999944,26.9929999999988,-10.056999999997627,35.30899999999804,26.98699999999974,-148.71200000000044,-62.30100000000149,-13.625999999987926,-36.95899999999952,-10.306999999998824,-9.278000000000477
-653.2440000000008,212.18700000000013,104.32100000000446,-652.2829999999999,232.01700000000008,101.12300000000688,-529.0500000000009,216.8459999999996,89.50200000001587,-295.89599999999905,290.8290000000022,96.43499999999676,-248.53300000000047,181.03600000000029,7.262999999989006,-148.62600000000157,284.6369999999979,78.66200000000845,-112.1270000000095,389.7370000000024,297.85100000000284,-533.189999999999,95.60399999999996,21.656000000007225,-596.4580000000001,-21.209000000000344,46.71599999999216,-762.1619999999979,322.4090000000018,-21.252000000004045,-141.45199999999818,249.7189999999989,43.133000000000266,-250.93099999999995,147.88600000000045,-29.430999999999585,-125.64300000000088,140.8079999999984,-14.154999999993834,-116.15600000000086,203.58499999999964,28.546000000005733,-62.608000000000175,141.51899999999955,0.1680000000078507,-35.958000000002244,90.67499999999882,15.75899999999706,-7.189999999999941,25.244000000003552,45.36499999999961,-16.888000000000147,22.0579999999984,60.84000000000032,3.3690000000035525,-0.2499999999969304,-1.5440000000005227,-211.73100000000036,18.393999999999977,-37.48200000001134,-146.85399999999998,-60.47100000000008,-25.10699999999701,-103.52200000000016,-20.069999999999943,18.2679999999948,-12.019999999999698,-3.8100000000000014,-30.72799999999916,-45.796,-8.618000000001302,-17.69000000000034,-13.906000000000065,3.04400000000058,2.743000000000251,-16.268000000002303,186.5280000000041,22.109999999997854,-4.546000000001982,35.63699999999983,21.895000000000664,-142.65400000000028,-61.878999999999,13.280999999989264,-39.24899999999951,-7.049999999999557,8.401000000000636
-631.119000000001,209.34000000000023,110.22999999997865,-656.4300000000003,233.8099999999999,101.11099999999168,-528.9609999999982,211.2680000000012,96.30099999999402,-279.5469999999966,281.4419999999984,116.90699999999195,-238.7820000000005,177.53599999999778,21.509000000014566,-110.065000000003,333.2190000000025,69.17699999999058,-105.92699999999697,446.472,304.48599999999715,-536.4020000000011,90.428,31.29900000001271,-587.381,-22.759999999999536,51.6360000000077,-767.8120000000007,320.680999999999,-37.023999999996704,-149.66099999999756,246.44600000000025,51.15399999999681,-247.54999999999967,114.02299999999954,-12.9950000000008,-133.14499999999896,140.76000000000022,-3.7959999999998217,-129.4399999999996,228.3699999999996,47.49800000000732,-58.251999999998816,148.75199999999893,5.202999999988833,-11.654000000001474,177.64099999999985,-11.90499999999588,-1.9409999999993488,35.818999999997914,44.834000000000174,-7.739999999998304,49.15200000000368,52.9270000000011,-10.965000000004466,9.676999999999223,7.552000000000447,-190.27999999999992,67.73100000000021,-5.4989999999975225,-143.009,-43.70000000000012,-7.068000000003849,-98.38799999999992,-37.69100000000005,12.042000000002416,-40.03099999999975,0.0,-17.14500000000072,-53.75299999999999,-2.608000000000743,-4.6449999999993,-10.341000000000022,-7.479000000000013,0.5560000000002674,-38.39500000000271,176.6709999999989,42.08100000000172,-6.401000000002455,39.79800000000182,29.49299999999937,-188.7569999999997,15.261999999999889,53.41799999999921,5.791999999999575,14.058999999998887,-20.300000000000296
-643.8139999999976,236.74099999999925,112.41400000001248,-665.3259999999989,236.1950000000002,105.57900000001156,-539.2120000000034,217.8789999999992,96.02099999999608,-283.0470000000048,291.62300000000414,121.72900000000482,-232.1640000000002,173.09000000000196,26.220999999986816,-101.43099999999664,333.1020000000024,86.14500000001044,-96.0019999999986,500.80899999999815,316.2720000000036,-528.9369999999991,81.8109999999999,34.288999999989755,-579.569,-20.91700000000003,65.5999999999949,-771.9680000000011,323.44799999999907,-44.32400000000598,-181.4450000000022,233.2259999999991,49.066000000004806,-256.11400000000015,136.74700000000007,3.289999999992688,-139.35400000000016,136.32600000000252,12.853999999992991,-138.1040000000041,218.62200000000055,42.13899999998603,-18.71700000000089,211.40100000000075,18.045000000000755,-23.134999999999195,115.27299999999912,21.34399999999914,-0.7110000000011496,26.18100000000254,59.49900000000099,0.8039999999994052,65.83499999999844,55.49899999999752,14.879999999999429,3.925999999998453,-7.2980000000001155,-196.39899999999955,50.12399999999992,12.549000000001342,-138.545,-39.19499999999978,5.033000000003085,-87.77300000000005,-23.226999999999972,15.130999999996677,-39.08800000000028,-0.4790000000014061,-12.177000000001216,-54.65700000000001,-1.3849999999990814,-4.68400000000031,-4.75299999999983,-2.897000000000816,1.0240000000003135,-37.15199999999186,189.80899999999963,39.65700000000538,-3.717999999997801,38.06899999999871,30.959000000000003,-87.5,-112.39600000000038,24.68900000000076,-91.52400000000044,-43.40799999999945,57.88699999999949
-656.1730000000011,257.2500000000005,114.55100000000584,-674.5479999999986,227.08299999999983,104.66299999998228,-541.677999999996,215.5540000000002,99.8160000000098,-245.4679999999996,324.16699999999423,143.9940000000206,-222.7170000000001,182.07099999999627,30.041000000005624,-52.45400000000018,309.02399999999943,64.88099999999122,-91.65000000000418,544.2050000000052,326.06799999999794,-530.5760000000006,79.47700000000033,41.73599999999169,-572.7090000000001,-30.507000000000065,59.16799999999967,-774.2339999999984,329.44800000000214,-49.596999999994296,-139.83799999999746,247.054,57.6539999999909,-260.0249999999995,117.58799999999994,10.149999999998728,-145.00500000000045,136.17900000000134,23.54700000000776,-153.54599999999436,202.89499999999947,23.498000000006414,-40.351000000001136,170.65000000000057,11.371000000002596,-25.57999999999936,119.86500000000149,21.40499999999861,-4.583999999999833,40.25899999999751,50.64599999999899,-5.644000000000915,51.09299999999735,59.15200000000027,-4.274999999995544,31.244000000000938,-4.3959999999998445,-192.60400000000004,56.84499999999986,12.767999999994116,-128.59700000000004,-27.86700000000017,1.8799999999998815,-79.77800000000003,-17.459999999999987,10.858000000001766,-57.69299999999973,5.334000000000572,-5.651999999999191,-45.09699999999999,0.0869999999991932,-8.549000000000717,-0.6490000000002993,-4.903999999999087,2.9939999999996303,-56.64000000000442,193.27699999999768,52.819999999991296,-4.037999999999897,43.61300000000199,36.841000000001145,-129.00800000000032,-40.337000000000245,51.9929999999988,-34.02899999999889,-24.80099999999936,19.12100000000123
-657.5170000000014,207.6509999999999,110.1319999999987,-681.7690000000027,230.20000000000005,102.6360000000068,-546.4000000000027,211.1459999999994,100.4030000000057,-278.7939999999992,297.02500000000214,128.44199999997272,-226.60099999999943,175.71100000000115,35.24199999999382,-63.23500000000308,373.7949999999955,64.63600000001861,-78.19899999999507,601.4129999999966,331.14699999999857,-528.2539999999997,76.61899999999982,40.23400000000947,-565.9259999999999,-23.53699999999961,68.04199999999128,-778.758000000002,333.2819999999998,-42.62699999999313,-174.75600000000213,231.7149999999998,55.59100000000399,-277.59600000000046,122.9379999999999,9.021000000007009,-160.1619999999997,134.96099999999842,28.05799999999863,-173.34300000000553,223.19800000000072,30.57900000000018,-39.22199999999805,161.00299999999947,12.273999999996477,-14.907999999999788,124.45400000000006,22.1650000000011,4.111000000000331,29.671999999999343,60.14799999999951,-2.3939999999981865,60.55600000000254,55.38500000000113,3.555000000000064,-15.527000000000156,7.609999999999673,-193.25199999999967,62.28200000000008,11.829000000011549,-117.58599999999996,-8.662999999999954,-2.2739999999998872,-67.71899999999995,-8.589000000000091,1.7400000000009186,-25.988999999999866,4.636000000000706,-12.845000000000084,-31.27000000000002,15.7100000000014,-10.980999999999597,1.5770000000003392,-3.229000000000326,1.4579999999995152,-28.20800000000077,195.3400000000016,44.89500000000817,1.3830000000012888,40.038999999995895,40.77999999999946,-123.33799999999968,-59.79299999999981,46.5910000000008,-26.461000000001174,-8.53400000000022,9.393999999998924
-672.9829999999993,245.4310000000007,115.06399999998392,-689.5140000000026,222.427,103.58900000001086,-544.9150000000003,206.1800000000005,96.16699999999128,-275.4849999999976,307.83700000000067,130.68900000000667,-217.74000000000055,180.67000000000348,30.835000000001852,-25.237999999995964,433.7650000000053,67.54099999998289,-72.30200000000195,649.1179999999986,329.3450000000007,-524.6849999999995,72.45799999999996,36.36500000000069,-560.699,-41.08000000000018,53.49100000000817,-782.2769999999991,334.0519999999998,-38.13500000001113,-178.92100000000255,231.38000000000147,59.26500000000488,-240.49799999999948,88.01400000000008,20.09899999999334,-163.6420000000001,136.26800000000117,26.153999999996813,-135.65099999999575,200.32499999999945,33.452999999997246,-45.12600000000191,154.47699999999998,16.94400000000087,-15.110000000001378,109.19199999999876,19.04599999999732,4.639000000000237,29.941000000002305,62.93400000000133,-5.782999999999561,25.860000000000127,80.59800000000052,-3.1949999999994816,28.445000000002096,-2.667000000000286,-181.90000000000023,72.0600000000001,2.435000000002674,-111.38500000000002,13.494000000000028,-14.779999999990425,-54.55299999999998,-0.4210000000000491,-4.199999999997317,-18.267000000000166,6.73100000000062,-15.165000000000362,-37.11299999999999,-12.675000000001546,-2.6169999999993365,5.621999999999972,-6.289999999999907,-2.7909999999998547,-27.153999999995904,197.9120000000023,49.76799999999457,3.461999999998966,36.05800000000272,41.6489999999996,-113.52600000000024,-30.027999999999366,38.47299999999905,-19.93399999999852,-8.7600000000009,10.509000000000412
-671.4380000000006,222.2709999999992,111.99900000001436,-693.5829999999953,211.449,101.33100000000468,-544.5629999999966,202.3840000000007,94.3849999999884,-275.53100000000086,310.89099999999803,124.32800000001409,-217.51999999999896,179.48899999999526,35.21700000001147,-21.35099999999852,411.5199999999959,57.447000000001935,-73.45599999999877,700.1980000000003,317.5780000000032,-527.4140000000002,72.25900000000003,34.76599999999053,-555.4369999999999,-35.455000000000325,52.94200000000728,-784.0029999999985,337.7679999999998,-28.404999999997926,-182.3579999999936,235.94699999999875,56.82999999999083,-296.9410000000003,129.87099999999998,12.024000000008073,-171.3700000000003,136.9829999999979,27.562999999997828,-134.46599999999762,207.34000000000063,50.476000000003296,-44.4139999999976,145.1250000000016,7.458000000002585,-13.69799999999941,107.1610000000021,20.66300000000183,13.965999999999212,25.833000000000084,64.19999999999959,6.759999999999877,47.78200000000084,65.51499999999919,11.364999999995009,-22.375000000002387,0.7550000000001944,-177.74800000000113,84.17899999999996,-3.4550000000081127,-109.54499999999996,20.298000000000016,-12.469000000010055,-53.687,-11.24299999999998,-13.848999999999023,-15.23600000000016,4.675999999999192,-12.802999999999544,-24.358999999999973,22.50800000000197,-13.468000000000302,6.9069999999999965,4.044000000000381,1.3280000000001737,-22.65000000000441,186.9779999999963,55.53600000000074,4.99099999999828,31.336999999999197,41.40700000000095,-150.8659999999992,41.44199999999998,52.514999999999645,-14.888000000000543,-3.6180000000001655,5.56399999999968
-670.5870000000004,197.99000000000007,112.52399999998488,-699.7510000000005,210.398,97.92499999998654,-548.1570000000033,195.71699999999908,92.00399999999718,-272.4370000000022,318.2289999999995,120.25199999998222,-213.3999999999986,184.2010000000016,33.78900000000158,-39.13500000000454,357.70899999999983,58.458999999993466,-73.65700000000288,750.394,305.7559999999967,-531.0940000000002,73.66700000000002,29.358000000001997,-551.8410000000002,-39.5859999999999,46.93600000000515,-787.4710000000022,341.2830000000014,-22.90100000000166,-187.8750000000025,231.1460000000011,59.14300000000594,-264.2659999999999,92.39099999999992,-8.226999999999407,-175.00399999999985,133.98800000000222,26.06200000000172,-68.2465000000036,255.01999999999896,70.30349999999999,0.2089999999981273,233.58399999999904,2.846999999997024,-10.690999999999915,150.4009999999994,28.287000000000265,12.430000000000518,32.11399999999571,54.92500000000007,21.49599999999907,50.18900000000031,67.08100000000172,-5.868999999995594,36.09299999999962,-4.747999999999308,-190.79599999999888,67.72400000000012,-12.518000000000027,-103.86100000000002,34.58100000000002,-20.699999999999363,-57.11900000000001,14.278999999999977,-10.891000000003714,8.326999999999884,5.210000000001003,-22.042000000000428,-34.48899999999999,-11.283000000000245,2.1559999999993806,5.227000000000004,-1.8840000000004409,-1.6350000000002751,-22.10699999999406,203.10400000000183,48.13199999999824,29.460000000000264,6.433000000001243,-24.262000000000228,-84.26000000000045,-53.42200000000048,8.725000000004002,-13.913000000000864,-11.60199999999918,7.779000000000735
-677.2280000000023,232.98400000000044,117.95700000000124,-703.221000000002,200.827,98.7300000000232,-539.391999999998,195.83200000000005,80.43300000001636,-268.78299999999626,326.1070000000018,114.92900000000644,-215.80700000000377,177.7530000000013,29.95599999999285,21.203000000002703,435.2959999999996,41.21099999999842,-80.87799999999561,800.027,298.5110000000077,-522.8939999999994,68.6709999999998,22.460000000000942,-547.032,-45.7339999999995,40.429999999992106,-793.9390000000003,336.3709999999969,-23.986999999988257,-204.725000000002,213.8059999999996,51.4220000000023,-284.41100000000006,115.07900000000006,-6.4400000000091495,-180.9530000000009,136.1869999999982,22.6690000000076,-68.2465000000036,255.0200000000004,70.30349999998862,-39.43500000000029,169.78200000000072,6.7049999999994725,-30.341999999998848,55.395999999998935,8.605999999997493,17.830000000000723,24.963000000002467,60.46800000000019,9.116000000000213,23.129000000000133,67.22599999999659,1.0499999999979082,3.005999999999176,-0.583000000000311,-156.39599999999945,116.50499999999973,0.3969999999981155,-120.60900000000014,45.51000000000016,-18.87199999999893,-65.35099999999998,50.84800000000005,-1.6630000000020573,-15.771999999999764,9.5089999999999,-16.424999999999557,-26.080000000000013,7.812999999998738,-1.46000000000015,8.228999999999687,-3.800000000000381,0.3340000000001453,-26.010000000002265,192.7660000000003,50.23199999999974,7.524000000000797,19.051999999999225,35.84199999999953,-149.21400000000062,77.74199999999993,41.50099999999952,-15.95699999999951,-2.9309999999995284,6.140999999999508
-678.4119999999973,208.94899999999976,112.78100000001814,-704.1489999999982,192.31,90.4299999999921,-547.4680000000006,189.23599999999965,80.66400000000158,-276.19900000000257,322.9329999999976,108.50800000000618,-212.94699999999975,184.22499999999783,28.28400000000784,66.75400000000309,479.1629999999998,31.177000000025146,-85.04599999999982,842.9689999999994,296.2220000000002,-531.8770000000007,69.75800000000021,18.970000000012988,-544.4429999999996,-48.457000000000505,35.47299999997904,-803.4749999999974,343.97100000000194,-32.38499999999931,-185.42999999999665,236.44199999999955,56.6889999999944,-296.24200000000013,128.134,-8.159999999998035,-186.7429999999985,127.39100000000008,22.832999999991443,-132.89799999999445,200.282,62.677000000007865,-34.65699999999856,153.15499999999815,-7.684000000000424,-19.88600000000247,102.18900000000131,12.8879999999981,18.53900000000124,29.61099999999988,56.05999999999938,15.897999999998548,37.110000000001264,63.60300000000052,-1.7729999999971824,2.997000000002004,-3.529000000000337,-173.11200000000184,87.5630000000001,-3.308000000004085,-119.34699999999997,56.06299999999997,-21.414000000004307,-71.74500000000003,38.45400000000012,-18.805000000003247,-18.17199999999985,11.942999999999415,-14.856999999999232,-25.146000000000026,15.63300000000254,-5.925999999999476,3.503000000000256,0.6320000000002324,-4.686000000000234,1.3269999999977244,186.9779999999992,40.55500000000052,10.4849999999999,20.44999999999959,34.971000000000174,-87.25299999999976,-26.201000000000363,-2.478000000002112,-17.3569999999998,3.863999999998669,8.626999999999896
-672.3710000000011,187.59000000000012,114.76999999999862,-711.0790000000009,187.62,89.91699999999128,-555.0970000000007,185.2630000000005,73.80299999999806,-275.90699999999515,335.4230000000001,99.5969999999943,-216.1009999999976,184.71700000000052,24.975999999992386,112.14299999999751,499.2770000000007,12.059999999974025,-89.49000000000069,887.6220000000046,293.7439999999924,-525.8729999999993,60.00599999999992,16.796999999996842,-532.4890000000004,-49.36399999999992,24.060000000008586,-809.2849999999999,341.23500000000035,-42.63900000000831,-200.45499999999947,216.43100000000004,41.73000000000684,-280.41999999999945,85.12399999999971,-15.764999999998963,-186.554000000001,129.71500000000162,18.407999999999447,-138.9470000000017,182.92900000000003,72.32700000000705,-47.24999999999966,155.00800000000083,2.3650000000031923,-24.000999999998385,94.57099999999912,13.29600000000255,18.80099999999913,30.194000000000187,51.83800000000076,16.330000000002087,34.37799999999811,61.0790000000037,4.361000000000104,-5.298000000001935,-0.1199999999997203,-203.53799999999893,83.29200000000014,-14.672999999993408,-118.92899999999996,60.68099999999959,-24.6249999999975,-77.20299999999999,34.056,-18.566999999995915,-20.176000000000016,9.380000000000166,-15.694000000000583,-28.349,10.840999999999212,0.0869999999991932,2.739000000000047,6.9089999999995655,4.732000000000625,-29.41900000000146,180.2030000000002,48.40700000000311,11.066999999999894,18.60200000000134,29.294000000000157,-127.20800000000024,45.72200000000066,19.55899999999815,-18.68199999999973,0.1230000000006725,9.114999999999895
-679.2879999999997,220.39999999999932,109.57099999998265,-705.301,184.16099999999992,80.48099999998612,-556.3400000000001,188.3269999999996,66.13800000000083,-275.4670000000033,330.4780000000022,99.3170000000191,-212.66300000000055,179.76700000000392,22.97299999997904,81.29599999999755,515.7340000000033,13.025000000016009,-99.87800000000108,937.0519999999972,280.7369999999992,-528.2730000000008,64.40400000000004,11.230999999997948,-569.8069999999994,-67.57300000000015,17.176000000017666,-813.1430000000023,337.11099999999874,-52.14800000001105,-203.55200000000195,227.7830000000023,53.319999999996526,-301.19500000000056,123.36800000000032,-8.294999999998254,-181.4759999999993,124.39899999999966,15.814000000000306,-137.99999999999957,193.8860000000005,59.36199999999872,-48.45900000000256,153.80399999999952,-5.227999999999611,3.6159999999995303,188.7679999999989,27.7590000000032,23.14299999999889,8.25800000000072,60.83299999999952,19.25200000000018,50.41800000000194,42.96599999999842,0.3629999999986921,9.829000000001995,-3.555000000000064,-168.2850000000002,102.17600000000004,8.660999999995056,-131.88099999999991,62.82400000000017,-19.891000000001213,-72.26499999999999,28.852999999999973,-23.37999999999738,-18.87400000000028,15.127999999999986,-16.64999999999992,-30.54099999999997,14.812999999998056,0.0700000000009026,2.685999999999922,-0.9319999999995332,-6.400000000000006,-31.43599999999651,182.87800000000232,37.47499999999491,9.494000000000824,11.478999999999928,28.310999999999357,-122.69000000000004,41.845,10.208000000000084,-22.74300000000053,1.7699999999990723,10.21300000000025
-671.3529999999992,193.84900000000016,104.23500000001695,-709.6030000000013,177.252,77.66100000001188,-553.0650000000009,182.7770000000001,61.730999999986125,-274.92300000000114,332.2890000000001,94.37199999999848,-218.141,184.03899999999567,20.654000000013184,132.82800000000066,493.80199999999945,4.198999999994157,-116.62599999999657,977.2240000000012,262.3109999999997,-528.2319999999999,57.48999999999995,7.76299999999992,-507.48200000000026,-54.93599999999965,13.268999999991138,-822.2000000000008,334.2070000000007,-72.41300000000592,-192.4720000000036,216.9569999999993,37.15200000000323,-285.7349999999997,102.02899999999993,-12.243999999998325,-188.42499999999944,120.69899999999905,10.230000000001382,-174.45421428571422,194.6910714285707,17.993214285718295,-48.22199999999839,139.5949999999999,-8.76400000000217,-25.597999999999388,90.26800000000036,5.96299999999701,42.01900000000194,-37.11500000000001,125.44100000000071,13.802999999998631,25.160999999997102,54.89699999999971,12.481999999999973,-30.94300000000203,3.829999999999956,-194.708,88.55199999999996,2.2820000000024265,-131.76199999999997,72.36500000000028,-17.716000000001486,-80.12400000000001,43.93199999999986,-14.944000000002688,-25.356000000000023,11.234000000000322,-14.204999999999757,-33.940999999999995,10.274000000001138,0.1679999999993242,1.0999999999999233,1.9439999999995905,0.0849999999999795,-39.46199999999749,178.54199999999878,40.65900000000511,8.097999999998251,12.395000000000778,22.637000000000285,-133.18299999999965,63.76100000000022,17.67600000000016,-25.498999999999228,-5.473999999999535,15.681999999999618
-665.7129999999995,182.6919999999987,100.4889999999932,-707.6039999999978,171.89200000000005,70.39800000000014,-553.6879999999996,176.8330000000006,54.43099999999959,-278.06099999999674,334.51900000000023,87.06099999999424,-214.3270000000001,177.05700000000206,19.9100000000044,147.50099999999975,528.8729999999987,3.918999999996231,-135.47900000000936,1023.2010000000002,246.39300000001185,-529.0959999999998,54.0930000000003,4.345999999986816,-483.3190000000002,-28.30400000000033,11.546999999995933,-822.9039999999983,333.0420000000004,-74.26699999998618,-222.3230000000001,236.77999999999884,33.2339999999931,-283.07899999999967,75.17899999999997,-16.039999999998145,-188.1040000000013,124.14799999999956,7.220000000006621,-174.45421428571422,194.6910714285721,17.993214285706927,-55.32400000000166,145.17799999999852,-1.3520000000028176,-31.140000000002036,104.76700000000108,13.857999999999038,12.463999999999942,31.639999999998736,40.31399999999934,6.923000000000457,16.073999999997568,68.02200000000198,-12.726000000003523,31.362000000001444,-6.542000000000314,-199.2490000000004,97.07599999999984,-0.9759999999914726,-129.96299999999988,67.31099999999977,-19.97700000000009,-74.013,47.22500000000007,-19.213999999999487,-23.568999999999814,13.901999999998791,-15.605999999999652,-35.95100000000002,10.393000000001962,1.4250000000004093,0.0499999999998834,-3.0439999999991585,3.8179999999996994,-42.60900000000447,168.5470000000009,38.17699999999604,6.556000000000495,16.152999999999906,24.080000000000723,-128.23300000000015,49.821000000000026,15.573000000000548,-25.879000000000477,-0.2709999999993329,7.766000000000872
-677.2560000000027,202.3510000000016,93.9450000000079,-703.2700000000006,164.76999999999987,62.92700000001332,-552.8809999999993,173.433,51.83100000001559,-272.1870000000024,342.0739999999995,87.86599999998543,-212.81700000000117,181.1219999999992,16.589999999996508,170.21399999999858,550.2959999999973,1.086000000009335,-161.12099999999143,1063.653999999994,223.64500000001044,-526.728,48.87599999999957,-1.2329999999792562,-530.3529999999995,-57.30900000000005,-0.9880000000066502,-827.9700000000005,334.0769999999992,-76.35499999998956,-192.516999999998,173.92600000000016,21.442000000001823,-296.57400000000035,122.69000000000004,-11.10800000000154,-187.79200000000031,118.43400000000202,4.406999999991967,-174.45421428571422,194.6910714285721,17.993214285718295,-56.52299999999855,136.7560000000026,-11.97599999999852,-27.973999999997545,94.6470000000005,10.660000000001446,8.563999999998373,27.753000000001293,44.320999999999344,7.471999999998502,33.47500000000423,51.29399999999862,0.8849999999995362,-1.282000000000494,-1.0689999999996758,-210.49199999999928,97.57900000000036,-2.820000000008349,-130.31600000000017,64.89599999999989,-18.88699999999517,-76.29,67.64799999999997,-6.270999999998139,-42.701999999999884,18.09300000000036,-8.97900000000078,-37.27199999999993,12.355999999999767,1.6859999999994102,-1.5290000000000248,1.9959999999997533,-5.113999999999663,-49.22199999999748,171.7569999999938,40.65899999999942,3.52500000000191,17.784999999997808,22.495999999999583,-128.18400000000025,59.61799999999968,19.14600000001201,-23.73599999999953,1.834999999999809,11.70800000000014
-666.2209999999988,173.67399999999833,91.50399999998626,-700.3680000000003,163.50600000000028,56.60399999999299,-546.6460000000012,168.00899999999928,41.10099999998056,-273.372999999998,346.2879999999984,78.54000000002088,-209.46399999999983,177.1760000000029,17.163000000005013,189.45700000000443,572.4670000000003,-2.038000000015927,-181.01800000000597,1104.049000000006,203.69799999998577,-527.4419999999999,46.75100000000008,-9.15500000000975,-491.5990000000008,-41.46399999999986,-11.46299999998064,-828.3590000000004,332.34600000000114,-70.56900000000041,-195.69700000000125,242.8529999999995,37.92100000000573,-295.9699999999998,92.72500000000008,-18.402000000003227,-190.89000000000027,120.98399999999856,2.228000000002339,-174.45421428571422,194.6910714285707,17.993214285718295,-67.40800000000036,136.7779999999982,-3.712999999993372,-29.390999999998257,94.76799999999912,13.161999999999807,4.653999999999314,27.52100000000155,40.76400000000007,4.1860000000014,29.5159999999953,51.18699999999876,14.91100000000074,-28.0760000000015,3.820999999999941,-183.44800000000131,119.96699999999976,20.636000000001783,-128.39500000000007,68.16899999999997,-12.105999999999996,-80.09599999999999,36.35300000000008,-19.495000000000573,-19.557999999999964,11.536000000000968,-14.385999999998944,-31.589000000000045,8.291999999997302,0.6750000000010914,2.279000000000053,-0.8830000000003224,-0.2150000000000318,-53.71999999999844,153.46300000000497,39.401000000003705,4.581999999999198,18.148000000002185,21.966000000000463,-127.56199999999892,60.84499999999977,21.838999999988573,-22.0160000000007,-3.239000000000658,13.074999999999193
-664.6080000000012,194.15100000000223,84.58200000000033,-697.7969999999999,157.85899999999984,53.30799999999272,-549.5209999999986,176.6130000000004,41.46800000000894,-258.2490000000007,348.9900000000006,93.02999999999884,-203.1489999999991,175.56700000000092,12.841000000003078,207.51599999999823,590.6500000000051,-7.238999999981388,-210.47399999999925,1132.9559999999983,179.74899999999252,-524.2900000000002,42.28200000000015,-13.07400000000598,-483.8179999999994,-34.18500000000009,-17.968000000018947,-814.9419999999992,324.52399999999955,-68.67700000000241,-213.90099999999848,219.84199999999987,34.0759999999932,-297.7310000000003,95.355,-18.273999999996704,-203.89299999999932,98.94999999999924,4.430999999999585,-174.45421428571422,194.6910714285707,17.993214285706927,-68.1650000000019,139.87700000000132,-10.141000000004396,-36.76499999999976,88.96200000000078,8.28300000000013,5.153000000001384,31.35099999999511,38.16600000000108,10.820999999998548,45.71600000000444,37.2950000000003,1.0800000000017462,0.2070000000031768,-0.9380000000000166,-193.2869999999994,100.91200000000028,-3.765999999995984,-124.10299999999984,62.516000000000105,-14.782999999999902,-71.93899999999998,21.961999999999904,-21.58800000000269,-19.95199999999997,10.73899999999952,-11.524,-25.847000000000087,12.61400000000208,0.7750000000001478,3.7169999999999694,2.1129999999999427,2.7439999999998577,-59.62500000000546,164.92100000000107,36.266999999998006,1.911000000001195,24.796999999998093,19.97999999999962,-126.2990000000002,50.16999999999996,19.1250000000025,-21.381999999999834,6.468000000000984,9.539999999999791
-675.0509999999991,177.23299999999966,76.33100000000468,-698.9500000000021,152.64600000000002,36.255000000005566,-542.6639999999992,164.743,35.22900000000391,-268.6399999999992,356.95300000000145,62.645999999972446,-203.0140000000017,175.491999999997,13.427999999998974,235.8920000000012,647.960999999998,-4.797000000007756,-238.1279999999947,1159.7769999999996,154.18700000000172,-522.0749999999999,40.024000000000015,-16.614000000004125,-476.12299999999976,-33.06299999999993,-26.53899999997975,-819.0449999999998,333.57699999999966,-56.48200000000543,-199.7289999999964,208.1100000000021,24.444000000005417,-306.3109999999998,93.20800000000008,-20.0870000000009,-182.6070000000001,138.2249999999999,-6.866000000002259,-174.45421428570853,194.6910714285721,17.993214285718295,-67.33899999999835,135.59099999999944,-8.66100000000074,-40.85400000000163,93.72899999999902,19.3870000000004,-0.940999999997416,22.08200000000033,45.462999999999454,-15.511999999998238,38.96799999999985,43.47999999999956,3.084999999998672,6.56399999999735,-2.743000000000251,-195.1289999999993,109.40499999999956,2.410999999995056,-131.73600000000008,54.94899999999987,-14.977999999996428,-77.489,40.11200000000006,-18.191999999999094,-16.064000000000078,4.767999999999972,-15.74500000000114,-33.321999999999896,3.333000000000652,1.1459999999999582,-4.662999999999684,-6.338000000000221,-4.180000000000206,-69.32999999999652,144.4029999999998,40.19200000000183,-0.2430000000003929,18.629000000001383,20.21299999999968,-128.97800000000075,58.87000000000029,23.253999999997177,-18.269999999999698,-0.3259999999997376,6.804000000001054
-661.8169999999992,176.37,70.84999999999582,-687.5439999999969,154.30400000000012,48.42499999999745,-542.9330000000022,173.01100000000105,33.76499999999396,-265.02100000000155,363.2159999999999,65.4180000000224,-197.54599999999985,171.54499999999757,9.302000000002408,239.72099999999728,638.8179999999977,-11.328000000003158,-263.6720000000082,1186.6089999999986,130.6150000000116,-520.4220000000001,31.96599999999989,-20.55599999998776,-467.353,-17.996000000000123,-27.868000000012216,-816.8330000000011,336.0759999999999,-52.14799999998832,-204.919000000001,218.10499999999703,24.18900000000121,-266.62200000000007,49.78999999999978,-5.371000000002368,-203.8560000000004,96.32700000000229,2.948000000003504,-174.4542142857199,194.6910714285721,17.993214285718295,-78.82699999999829,135.0670000000008,-5.7679999999948,-35.84900000000175,85.44899999999984,12.400000000002365,-1.1080000000021073,27.42900000000077,46.02100000000036,-7.321000000001732,31.441999999998416,60.609999999999786,4.596000000003642,4.105000000001269,0.9350000000004854,-190.4119999999999,91.77699999999972,7.299999999997908,-133.6009999999998,63.183000000000256,-14.1050000000007,-80.67900000000003,38.964,-14.69099999999912,5.384999999999707,0.473999999999819,-20.108999999999355,-16.04700000000001,9.55199999999934,2.7509999999992374,-1.0020000000000806,4.2439999999999145,5.245000000000033,-71.04199999999992,149.2680000000007,39.69700000000103,1.932999999999652,30.113000000000056,22.90399999999977,-125.46699999999902,55.601000000000056,17.57299999999873,-19.526000000000465,5.488999999998612,11.193000000000096
-663.4260000000012,167.44899999999916,61.23000000000047,-687.6530000000002,145.18299999999974,35.827999999992244,-545.501999999999,143.57199999999892,28.003000000012435,-273.04399999999873,357.9329999999999,37.80500000000302,-195.84999999999863,171.23399999999833,9.630999999990308,267.646000000002,655.7650000000024,-18.37199999999939,-290.542999999991,1210.8850000000018,102.96599999999216,-517.3160000000001,28.238999999999947,-20.21500000000742,-461.6550000000004,-11.400999999999684,-28.601000000003296,-813.9159999999989,339.5099999999985,-57.21400000002177,-216.03700000000003,221.7710000000011,24.86499999999978,-298.31699999999995,83.1100000000001,-22.76600000000144,-185.7379999999992,131.62299999999902,-9.522000000004027,-174.45421428571422,194.6910714285707,17.993214285706927,-74.63800000000163,134.2269999999985,-6.204000000008136,-40.4200000000003,94.52200000000062,16.622999999998456,12.436999999999898,-19.05500000000302,80.26100000000014,-10.662999999999556,42.07099999999855,48.938000000001125,4.077000000000908,3.8360000000011496,0.0239999999998019,-215.3580000000005,103.4320000000001,-9.820999999999458,-132.25000000000014,47.04599999999992,-21.10000000000696,-98.825,11.43699999999992,-30.059999999997444,-15.838999999999714,3.466000000000236,-12.063000000000557,-20.2,4.030999999997675,-1.4809999999997103,-3.1439999999999912,-1.5439999999998122,-2.9980000000001894,-77.9200000000003,140.9089999999992,37.79299999999921,-2.212000000002945,33.956000000000586,20.74400000000054,-130.2580000000006,65.39399999999986,17.840000000001055,-10.51700000000011,24.48700000000059,10.226000000000113
-659.7889999999978,169.3470000000005,61.0110000000077,-687.8310000000027,145.63900000000024,32.21399999999903,-535.3790000000004,157.90400000000062,26.15899999998419,-250.5550000000028,369.9789999999979,66.86999999999443,-188.9420000000001,169.01600000000485,4.907000000002881,254.74800000000076,695.6179999999961,-11.65800000001127,-316.44000000000005,1228.6320000000017,82.98400000001038,-511.7029999999999,23.296000000000205,-15.502999999989695,-444.905,-11.039000000000245,-33.9240000000018,-811.7130000000003,343.10400000000243,-67.68799999999828,-195.12000000000285,208.73599999999897,21.88099999999622,-324.06699999999995,84.50299999999994,-24.7859999999946,-199.09200000000027,104.8169999999999,1.8430000000080329,-174.45421428571422,194.6910714285707,17.993214285718295,-76.45100000000014,132.6670000000007,-7.1079999999994925,-44.37599999999975,89.20400000000086,13.940000000002328,-20.06599999999992,105.84100000000376,-3.9290000000008254,-18.501000000000545,45.82900000000336,38.81399999999928,4.13899999999785,6.092999999998483,-2.246999999999844,-200.5600000000001,96.44400000000032,-0.2799999999979263,-144.9069999999999,55.11999999999997,-15.453999999999724,-75.373,83.60400000000014,5.523999999996931,-15.541000000000338,5.593000000000359,-16.437000000000523,-22.70900000000005,5.139000000002625,4.707000000000505,-4.624000000000095,-0.4519999999999413,-1.157999999999504,-76.05599999999981,143.99500000000103,37.56099999999947,-2.5159999999971205,33.930999999998335,18.07299999999969,-99.991,67.65400000000028,11.234000000007429,-28.2669999999996,-7.294000000000267,8.64299999999929
-657.7480000000008,152.67800000000022,55.12699999999313,-683.4729999999979,139.04699999999968,22.730000000001382,-533.4689999999995,149.34199999999862,20.641999999998006,-271.14899999999693,358.5329999999999,31.09199999998964,-187.80299999999957,164.24499999999966,7.630000000017389,267.73999999999774,721.908000000002,-15.673999999989974,-351.81499999999915,1260.8469999999982,64.41600000000562,-513.3430000000001,7.314999999999827,-16.236000000003514,-444.9629999999999,15.005000000000024,-24.816999999984542,-811.6709999999997,345.35199999999975,-78.71099999999842,-219.4639999999993,232.32400000000268,25.47700000000077,-238.03800000000012,75.78200000000005,-1.4840000000049258,-194.17799999999943,114.37999999999988,-4.31500000000824,-174.45421428571422,194.6910714285721,17.993214285706927,-83.14799999999707,134.39400000000035,-6.496999999995978,-40.07399999999848,92.97399999999811,17.52299999999991,-50.50700000000177,-86.32799999999747,153.11999999999983,-22.83299999999997,42.41599999999721,42.1670000000006,8.609000000001288,3.71900000000096,0.2559999999995455,-214.54099999999983,111.39500000000028,-8.502999999996064,-142.77000000000015,41.69500000000017,-13.412999999997057,-103.226,5.436999999999959,-25.36299999999869,-15.18299999999968,3.1669999999991205,-12.11099999999874,-18.194,1.9959999999969116,-0.882000000000005,-6.80499999999995,3.5830000000004247,3.779999999999717,-83.84100000000103,131.57799999999895,39.71599999999853,-2.5100000000009004,33.01800000000128,16.205999999999676,-155.77100000000002,58.2969999999996,23.96799999999644,-77.55300000000034,-23.089000000000222,-21.205999999999392
-661.2700000000018,155.42899999999946,48.03399999998419,-686.2809999999996,130.82600000000005,9.47200000000521,-532.2869999999995,143.76700000000113,21.47300000001451,-247.22600000000057,379.4820000000016,64.28200000000288,-186.7689999999982,156.241,5.126999999993132,275.3660000000025,751.1329999999987,-13.256000000001222,-376.42900000000736,1256.913,55.32299999997576,-509.5779999999999,-0.8420000000000982,-14.660000000003492,-439.93499999999983,28.763999999999967,-26.70900000000529,-801.4240000000001,330.0690000000003,-95.09299999997438,-226.3680000000022,283.91599999999926,40.99700000000439,-380.2759999999999,77.58599999999997,-28.161000000000055,-146.60200000000003,122.05000000000156,-6.823999999994612,-174.45421428571422,194.6910714285721,17.993214285718295,-78.2790000000034,132.91900000000112,-5.33500000000231,-42.70500000000084,81.79700000000025,12.851000000000568,-3.852999999998019,-13.61100000000306,75.2670000000009,-20.71899999999971,43.5670000000016,45.40700000000015,28.72899999999845,-19.3790000000007,-17.481999999999687,-218.79399999999976,94.91099999999976,-4.821000000004005,-144.82,48.8900000000001,-18.90500000000088,-92.72299999999996,34.518,-10.769999999996571,-18.408999999999764,4.458999999999946,-12.377000000000749,-20.127999999999968,-6.5149999999988495,12.454999999999927,-2.430000000000021,0.1899999999999124,-1.8909999999998208,-84.66799999999921,133.202,37.511999999998125,-7.417999999998415,42.20100000000002,16.78800000000109,-155.31100000000038,223.12200000000004,19.485999999994878,-23.27499999999958,9.740999999999644,10.829999999999984
-660.1589999999987,155.28500000000065,43.42100000003484,-679.0910000000025,131.46400000000042,29.249000000004344,-530.6060000000002,143.63400000000013,20.665999999982887,-253.46999999999863,365.7379999999989,44.33599999999842,-164.38000000000272,176.1570000000006,-3.772000000003573,284.0399999999988,780.6420000000003,-6.519000000002961,-404.84899999999584,1285.696,48.51000000001022,-505.56500000000005,-6.33999999999979,-13.781999999991967,-429.5290000000009,35.457999999999856,-24.70700000001216,-807.5270000000003,359.96999999999844,-67.55400000001828,-158.05599999999913,144.37999999999818,-55.7070000000067,-300.169,76.506,-22.028000000000247,-209.57799999999975,113.37799999999731,-5.358000000001084,-174.45421428571422,194.6910714285707,17.993214285718295,-79.54599999999914,124.90099999999984,-8.013999999997168,-46.71900000000164,92.40000000000066,16.119999999995116,-40.81299999999999,15.485000000001037,101.85999999999922,-21.080999999998085,44.58000000000197,44.953000000001,13.776000000001432,13.579000000001429,-13.973000000000011,-213.6020000000002,103.64299999999956,-3.570999999999458,-144.23399999999978,39.558999999999855,-18.686000000002423,-92.77599999999993,56.93599999999987,-4.080000000004702,-17.511999999999972,6.418000000000745,-13.39399999999955,-17.731999999999992,10.052000000001726,-3.031000000000006,-6.326999999999927,3.743000000000052,1.7000000000003013,-86.74000000000319,140.05999999999972,34.926999999999,-2.9430000000019163,35.23299999999665,20.01199999999983,-129.52399999999926,38.8210000000008,16.34800000000496,-18.862000000000023,8.639999999999759,7.487999999999317
